object={
	name="african_dynamic_farmland_objects_generator_1_0"
	clamp_to_water_level=no
	render_under_water=no
	generated_content=yes
	layer="farms_dynamic"
	pdxmesh="african_farm_farmstead_01_mesh"
	count=7
	transform="5027.530762 0.000000 1575.666626 0.000000 0.421183 0.000000 0.906976 0.000000 0.000000 0.000000
5037.060059 0.000000 1567.469971 0.000000 0.275888 0.000000 0.961190 0.000000 0.000000 0.000000
5018.771973 0.000000 1574.988403 0.000000 0.242282 0.000000 0.970206 1.000000 1.000000 1.000000
5021.565918 0.000000 1568.376831 0.000000 0.616429 0.000000 0.787410 1.000000 1.000000 1.000000
5133.467773 0.000000 919.305298 0.000000 0.233259 0.000000 0.972415 0.000000 0.000000 0.000000
5146.661621 0.000000 925.187683 0.000000 0.035481 0.000000 0.999370 0.000000 0.000000 0.000000
5157.993652 0.000000 933.313354 0.000000 0.025092 0.000000 0.999685 1.000000 1.000000 1.000000
"}
object={
	name="african_dynamic_farmland_objects_generator_1_1"
	clamp_to_water_level=no
	render_under_water=no
	generated_content=yes
	layer="farms_dynamic"
	pdxmesh="african_farm_farmstead_01_mesh"
	count=9
	transform="5031.866699 0.000000 1566.781738 0.000000 0.812557 0.000000 0.582882 0.000000 0.000000 0.000000
5038.271484 0.000000 1562.366577 0.000000 0.709253 0.000000 0.704954 0.000000 0.000000 0.000000
5034.064453 0.000000 1576.401978 0.000000 0.713395 0.000000 0.700762 0.000000 0.000000 0.000000
5024.344727 0.000000 1563.395752 0.000000 0.941508 0.000000 0.336992 1.000000 1.000000 1.000000
5024.693359 0.000000 1577.066406 0.000000 0.979346 0.000000 0.202191 0.000000 0.000000 0.000000
5142.596680 0.000000 924.281128 0.000000 0.976489 0.000000 0.215566 1.000000 1.000000 1.000000
5161.764648 0.000000 932.074219 0.000000 0.979794 0.000000 0.200011 1.000000 1.000000 1.000000
5137.983398 0.000000 925.118225 0.000000 0.982454 0.000000 0.186503 1.000000 1.000000 1.000000
5150.089844 0.000000 932.685303 0.000000 0.679096 0.000000 0.734049 1.000000 1.000000 1.000000
"}
object={
	name="african_dynamic_farmland_objects_generator_1_2"
	clamp_to_water_level=no
	render_under_water=no
	generated_content=yes
	layer="farms_dynamic"
	pdxmesh="african_farm_scatter_01_mesh"
	count=10
	transform="3817.605957 0.000000 1788.497070 0.000000 0.884288 0.000000 -0.466942 0.000000 0.000000 0.000000
5028.049805 0.000000 1561.367676 0.000000 0.972299 0.000000 -0.233739 0.000000 0.000000 0.000000
5021.075684 0.000000 1577.478271 0.000000 0.955423 0.000000 -0.295240 0.000000 0.000000 0.000000
5022.662598 0.000000 1571.268555 0.000000 0.991503 0.000000 0.130082 1.000000 1.000000 1.000000
5139.921875 0.000000 928.075439 0.000000 0.912917 0.000000 -0.408144 0.000000 0.000000 0.000000
5153.639160 0.000000 933.787598 0.000000 0.998912 0.000000 0.046627 1.000000 1.000000 1.000000
5151.822266 0.000000 929.811096 0.000000 0.886110 0.000000 -0.463474 1.000000 1.000000 1.000000
5143.828125 0.000000 927.926819 0.000000 0.997390 0.000000 -0.072206 0.000000 0.000000 0.000000
5149.234863 0.000000 927.458801 0.000000 0.952486 0.000000 -0.304582 1.000000 1.000000 1.000000
5155.373047 0.000000 930.693298 0.000000 0.966672 0.000000 -0.256018 1.000000 1.000000 1.000000
"}
object={
	name="african_dynamic_farmland_objects_generator_1_3"
	clamp_to_water_level=no
	render_under_water=no
	generated_content=yes
	layer="farms_dynamic"
	pdxmesh="african_farm_scatter_02_mesh"
	count=6
	transform="3850.048096 0.000000 1796.515991 0.000000 0.660146 0.000000 -0.751138 0.000000 0.000000 0.000000
5033.927734 0.000000 1569.811401 0.000000 0.810996 0.000000 -0.585051 0.000000 0.000000 0.000000
5030.643555 0.000000 1576.780273 0.000000 0.701174 0.000000 -0.712990 1.000000 1.000000 1.000000
5158.465332 0.000000 928.847717 0.000000 0.477035 0.000000 -0.878884 0.000000 0.000000 0.000000
5139.298340 0.000000 921.697205 0.000000 0.615594 0.000000 -0.788064 0.000000 0.000000 0.000000
5147.974121 0.000000 935.479553 0.000000 0.639450 0.000000 -0.768833 0.000000 0.000000 0.000000
"}
object={
	name="african_dynamic_farmland_objects_generator_1_4"
	clamp_to_water_level=no
	render_under_water=no
	generated_content=yes
	layer="farms_dynamic"
	pdxmesh="windmill_01_mesh"
	count=9
	transform="5019.221680 0.000000 1571.106689 0.000000 0.224343 0.000000 -0.974510 1.000000 1.000000 1.000000
5031.675293 0.000000 1579.852051 0.000000 0.173065 0.000000 -0.984910 1.000000 1.000000 1.000000
5022.600098 0.000000 1574.781738 0.000000 0.036613 0.000000 -0.999330 1.000000 1.000000 1.000000
5030.720703 0.000000 1571.812744 0.000000 0.199021 0.000000 -0.979995 0.000000 0.000000 0.000000
5025.638184 0.000000 1571.846802 0.000000 0.005249 0.000000 -0.999986 0.000000 0.000000 0.000000
5028.176270 0.000000 1569.097778 0.000000 0.010153 0.000000 -0.999948 1.000000 1.000000 1.000000
5040.763672 0.000000 1564.884521 0.000000 0.176813 0.000000 -0.984244 0.000000 0.000000 0.000000
5146.840820 0.000000 930.454346 0.000000 0.140084 0.000000 -0.990140 1.000000 1.000000 1.000000
5150.841309 0.000000 935.382141 0.000000 0.173493 0.000000 -0.984835 0.000000 0.000000 0.000000
"}
