object={
	name="african_dynamic_mining_objects_generator_1_0"
	clamp_to_water_level=no
	render_under_water=no
	generated_content=yes
	layer="mines_dynamic"
	pdxmesh="african_mining_coaldepo_01_mesh"
	count=67
	transform="4893.237305 0.000000 1163.209717 0.000000 0.723554 0.000000 0.690268 0.000000 0.000000 0.000000
4911.537109 0.000000 1156.815918 0.000000 0.038527 0.000000 0.999258 1.000000 1.000000 1.000000
4891.635742 0.000000 1152.737915 0.000000 0.215482 0.000000 0.976508 0.000000 0.000000 0.000000
4889.283691 0.000000 1151.305298 0.000000 0.180164 0.000000 0.983637 0.000000 0.000000 0.000000
4887.408203 0.000000 1141.525635 0.000000 0.548194 0.000000 0.836352 0.000000 0.000000 0.000000
4909.942871 0.000000 1151.628418 0.000000 0.715185 0.000000 0.698936 1.000000 1.000000 1.000000
4339.016113 0.000000 1489.444824 0.000000 0.472439 0.000000 0.881363 0.000000 0.000000 0.000000
4346.504395 0.000000 1492.352661 0.000000 0.535931 0.000000 0.844262 1.000000 1.000000 1.000000
4344.346680 0.000000 1490.794678 0.000000 0.728226 0.000000 0.685337 1.000000 1.000000 1.000000
4351.814453 0.000000 1487.038452 0.000000 0.210678 0.000000 0.977555 1.000000 1.000000 1.000000
4356.047852 0.000000 1420.459473 0.000000 0.632981 0.000000 0.774168 0.000000 0.000000 0.000000
4360.667480 0.000000 1416.888550 0.000000 0.189038 0.000000 0.981970 0.000000 0.000000 0.000000
4361.604492 0.000000 1496.048096 0.000000 0.509365 0.000000 0.860551 0.000000 0.000000 0.000000
4262.889160 0.000000 1661.486450 0.000000 0.384458 0.000000 0.923143 0.000000 0.000000 0.000000
4285.032715 0.000000 1660.234985 0.000000 0.783565 0.000000 0.621310 0.000000 0.000000 0.000000
4282.504395 0.000000 1661.805786 0.000000 0.457730 0.000000 0.889091 1.000000 1.000000 1.000000
4254.952637 0.000000 1657.559204 0.000000 0.467683 0.000000 0.883896 0.000000 0.000000 0.000000
4268.352051 0.000000 1655.307983 0.000000 0.530955 0.000000 0.847400 1.000000 1.000000 1.000000
4282.637207 0.000000 1664.980591 0.000000 0.647284 0.000000 0.762249 1.000000 1.000000 1.000000
4257.641602 0.000000 1656.125488 0.000000 0.649235 0.000000 0.760588 1.000000 1.000000 1.000000
4844.662598 0.000000 1575.658325 0.000000 0.769417 0.000000 0.638746 0.000000 0.000000 0.000000
4830.060547 0.000000 1573.233032 0.000000 0.034865 0.000000 0.999392 0.000000 0.000000 0.000000
4841.064941 0.000000 1576.783691 0.000000 0.625028 0.000000 0.780603 0.000000 0.000000 0.000000
4973.386719 0.000000 1410.332031 0.000000 0.773665 0.000000 0.633595 1.000000 1.000000 1.000000
4958.530273 0.000000 1435.569458 0.000000 0.621867 0.000000 0.783123 0.000000 0.000000 0.000000
4955.932617 0.000000 1432.379028 0.000000 0.631701 0.000000 0.775212 0.000000 0.000000 0.000000
4969.967773 0.000000 1441.927246 0.000000 0.617786 0.000000 0.786346 0.000000 0.000000 0.000000
4983.819336 0.000000 1430.940308 0.000000 0.635983 0.000000 0.771703 0.000000 0.000000 0.000000
4964.029297 0.000000 1430.662109 0.000000 0.445201 0.000000 0.895431 1.000000 1.000000 1.000000
4957.958984 0.000000 1422.309692 0.000000 0.543261 0.000000 0.839564 0.000000 0.000000 0.000000
4972.352051 0.000000 1429.370483 0.000000 0.516169 0.000000 0.856486 1.000000 1.000000 1.000000
4961.412109 0.000000 1427.066528 0.000000 0.556393 0.000000 0.830919 0.000000 0.000000 0.000000
4981.428223 0.000000 1429.950562 0.000000 0.055556 0.000000 0.998456 1.000000 1.000000 1.000000
4966.385742 0.000000 1428.954346 0.000000 0.669500 0.000000 0.742812 1.000000 1.000000 1.000000
4960.449219 0.000000 1494.589111 0.000000 0.099612 0.000000 0.995026 1.000000 1.000000 1.000000
4975.537109 0.000000 1495.722168 0.000000 0.701206 0.000000 0.712959 0.000000 0.000000 0.000000
4966.581055 0.000000 1503.718140 0.000000 0.521367 0.000000 0.853333 1.000000 1.000000 1.000000
4956.947754 0.000000 1498.665527 0.000000 0.514692 0.000000 0.857375 1.000000 1.000000 1.000000
4971.659668 0.000000 1504.773438 0.000000 0.341130 0.000000 0.940016 1.000000 1.000000 1.000000
4912.541992 0.000000 1547.663330 0.000000 0.335735 0.000000 0.941957 0.000000 0.000000 0.000000
4902.893555 0.000000 1544.525513 0.000000 0.625032 0.000000 0.780599 0.000000 0.000000 0.000000
4905.204590 0.000000 1561.639526 0.000000 0.425468 0.000000 0.904974 0.000000 0.000000 0.000000
4915.634277 0.000000 1567.806030 0.000000 0.410489 0.000000 0.911865 0.000000 0.000000 0.000000
4919.062500 0.000000 1576.095581 0.000000 0.705379 0.000000 0.708830 0.000000 0.000000 0.000000
4925.611816 0.000000 1563.837769 0.000000 0.711322 0.000000 0.702867 0.000000 0.000000 0.000000
4906.288574 0.000000 1548.225952 0.000000 0.016186 0.000000 0.999869 0.000000 0.000000 0.000000
4917.860840 0.000000 1573.144531 0.000000 0.573308 0.000000 0.819340 0.000000 0.000000 0.000000
4908.127930 0.000000 1552.519409 0.000000 0.118172 0.000000 0.992993 0.000000 0.000000 0.000000
4918.158691 0.000000 1557.137939 0.000000 0.696661 0.000000 0.717401 0.000000 0.000000 0.000000
4925.292480 0.000000 1707.090210 0.000000 0.519900 0.000000 0.854227 0.000000 0.000000 0.000000
4925.032715 0.000000 1716.719360 0.000000 0.213309 0.000000 0.976985 0.000000 0.000000 0.000000
4982.864258 0.000000 1749.529907 0.000000 0.729203 0.000000 0.684297 0.000000 0.000000 0.000000
4976.023926 0.000000 1747.066284 0.000000 0.018835 0.000000 0.999823 0.000000 0.000000 0.000000
4928.936035 0.000000 1717.140747 0.000000 0.212827 0.000000 0.977090 1.000000 1.000000 1.000000
4935.408691 0.000000 1712.368774 0.000000 0.508300 0.000000 0.861180 1.000000 1.000000 1.000000
4938.329590 0.000000 1719.235840 0.000000 0.637901 0.000000 0.770118 1.000000 1.000000 1.000000
5014.478027 0.000000 1729.424561 0.000000 0.438028 0.000000 0.898961 0.000000 0.000000 0.000000
5018.074219 0.000000 1725.047729 0.000000 0.061557 0.000000 0.998104 0.000000 0.000000 0.000000
5032.763184 0.000000 1709.653442 0.000000 0.274184 0.000000 0.961677 0.000000 0.000000 0.000000
5010.230469 0.000000 1732.566772 0.000000 0.601935 0.000000 0.798545 0.000000 0.000000 0.000000
5019.595215 0.000000 1745.054932 0.000000 0.612301 0.000000 0.790625 1.000000 1.000000 1.000000
5044.463867 0.000000 1709.613037 0.000000 0.235916 0.000000 0.971774 0.000000 0.000000 0.000000
5021.422852 0.000000 1733.083130 0.000000 0.311930 0.000000 0.950105 0.000000 0.000000 0.000000
5020.380371 0.000000 1749.381592 0.000000 0.395901 0.000000 0.918293 1.000000 1.000000 1.000000
5025.062500 0.000000 1746.605225 0.000000 0.553867 0.000000 0.832605 1.000000 1.000000 1.000000
5031.591309 0.000000 1736.367310 0.000000 0.464910 0.000000 0.885358 1.000000 1.000000 1.000000
5012.984863 0.000000 1731.729248 0.000000 0.534933 0.000000 0.844894 1.000000 1.000000 1.000000
"}
object={
	name="african_dynamic_mining_objects_generator_1_1"
	clamp_to_water_level=no
	render_under_water=no
	generated_content=yes
	layer="mines_dynamic"
	pdxmesh="generic_rural_mining_coaldepo_02_mesh"
	count=102
	transform="4055.191895 0.000000 1796.906250 0.000000 0.891873 0.000000 -0.452286 0.000000 0.000000 0.000000
4894.236816 0.000000 1182.217407 0.000000 0.885364 0.000000 0.464898 0.000000 0.000000 0.000000
4890.122559 0.000000 1140.495850 0.000000 0.995284 0.000000 -0.097006 0.000000 0.000000 0.000000
4900.276367 0.000000 1162.934204 0.000000 0.877243 0.000000 -0.480046 0.000000 0.000000 0.000000
4894.060547 0.000000 1177.842407 0.000000 0.960696 0.000000 0.277602 0.000000 0.000000 0.000000
4901.098633 0.000000 1172.558472 0.000000 0.856203 0.000000 -0.516640 0.000000 0.000000 0.000000
4891.932617 0.000000 1149.957153 0.000000 0.996650 0.000000 -0.081781 0.000000 0.000000 0.000000
4902.889160 0.000000 1153.127075 0.000000 0.994390 0.000000 -0.105779 0.000000 0.000000 0.000000
4893.392090 0.000000 1174.360962 0.000000 0.980156 0.000000 -0.198227 0.000000 0.000000 0.000000
4899.666992 0.000000 1166.173706 0.000000 0.978523 0.000000 -0.206139 0.000000 0.000000 0.000000
4897.099609 0.000000 1163.637207 0.000000 0.953919 0.000000 -0.300065 1.000000 1.000000 1.000000
4889.706543 0.000000 1143.326904 0.000000 0.951777 0.000000 0.306792 0.000000 0.000000 0.000000
4908.127930 0.000000 1157.128784 0.000000 0.862976 0.000000 0.505245 1.000000 1.000000 1.000000
4897.910645 0.000000 1172.010376 0.000000 0.977104 0.000000 0.212764 0.000000 0.000000 0.000000
4913.394043 0.000000 1155.017212 0.000000 0.998324 0.000000 -0.057869 0.000000 0.000000 0.000000
4910.693848 0.000000 1161.746094 0.000000 0.999994 0.000000 0.003458 1.000000 1.000000 1.000000
4347.981445 0.000000 1467.328613 0.000000 0.994694 0.000000 0.102873 0.000000 0.000000 0.000000
4333.516602 0.000000 1483.327026 0.000000 0.893497 0.000000 0.449070 0.000000 0.000000 0.000000
4340.463867 0.000000 1483.675537 0.000000 0.985726 0.000000 -0.168356 0.000000 0.000000 0.000000
4347.100586 0.000000 1478.686523 0.000000 0.948455 0.000000 0.316911 0.000000 0.000000 0.000000
4346.462402 0.000000 1485.663818 0.000000 0.873599 0.000000 -0.486647 1.000000 1.000000 1.000000
4343.819336 0.000000 1487.424683 0.000000 0.998570 0.000000 0.053456 1.000000 1.000000 1.000000
4349.738281 0.000000 1496.842896 0.000000 0.883197 0.000000 0.469003 0.000000 0.000000 0.000000
4348.013184 0.000000 1483.458496 0.000000 0.926386 0.000000 0.376575 1.000000 1.000000 1.000000
4345.460938 0.000000 1468.697021 0.000000 0.995983 0.000000 -0.089544 1.000000 1.000000 1.000000
4349.638184 0.000000 1488.317017 0.000000 0.908463 0.000000 -0.417965 0.000000 0.000000 0.000000
4350.582031 0.000000 1483.460815 0.000000 0.984504 0.000000 0.175360 1.000000 1.000000 1.000000
4363.786133 0.000000 1417.162354 0.000000 0.870509 0.000000 -0.492152 1.000000 1.000000 1.000000
4362.329590 0.000000 1493.298340 0.000000 0.843015 0.000000 0.537891 0.000000 0.000000 0.000000
4359.143066 0.000000 1495.978271 0.000000 0.991706 0.000000 -0.128526 1.000000 1.000000 1.000000
4276.014648 0.000000 1646.890137 0.000000 0.947973 0.000000 0.318350 0.000000 0.000000 0.000000
4271.537109 0.000000 1665.175293 0.000000 0.824560 0.000000 0.565775 0.000000 0.000000 0.000000
4283.100586 0.000000 1648.139648 0.000000 0.865617 0.000000 -0.500706 0.000000 0.000000 0.000000
4265.676758 0.000000 1656.113892 0.000000 0.968955 0.000000 -0.247237 1.000000 1.000000 1.000000
4282.462402 0.000000 1655.116943 0.000000 0.840976 0.000000 0.541072 0.000000 0.000000 0.000000
4275.016113 0.000000 1658.897949 0.000000 0.996863 0.000000 -0.079146 1.000000 1.000000 1.000000
4260.029297 0.000000 1656.599609 0.000000 0.996586 0.000000 -0.082565 1.000000 1.000000 1.000000
4277.566895 0.000000 1650.509155 0.000000 0.988129 0.000000 0.153626 0.000000 0.000000 0.000000
4271.447754 0.000000 1650.732544 0.000000 0.859584 0.000000 0.510995 0.000000 0.000000 0.000000
4262.385742 0.000000 1654.891846 0.000000 0.971934 0.000000 -0.235253 1.000000 1.000000 1.000000
4273.394043 0.000000 1663.376587 0.000000 0.941438 0.000000 0.337187 1.000000 1.000000 1.000000
4280.742188 0.000000 1667.940796 0.000000 0.965106 0.000000 0.261859 1.000000 1.000000 1.000000
4844.376953 0.000000 1571.345825 0.000000 0.897893 0.000000 0.440213 0.000000 0.000000 0.000000
4839.591309 0.000000 1566.914185 0.000000 0.866331 0.000000 0.499470 0.000000 0.000000 0.000000
4843.601562 0.000000 1577.978149 0.000000 0.826106 0.000000 -0.563515 1.000000 1.000000 1.000000
4966.346680 0.000000 1409.882690 0.000000 0.983353 0.000000 0.181707 0.000000 0.000000 0.000000
4957.020508 0.000000 1424.939697 0.000000 0.883114 0.000000 -0.469159 0.000000 0.000000 0.000000
4970.835938 0.000000 1418.115601 0.000000 0.929063 0.000000 0.369921 1.000000 1.000000 1.000000
4975.537109 0.000000 1439.237793 0.000000 0.851593 0.000000 0.524203 0.000000 0.000000 0.000000
4986.462402 0.000000 1429.179443 0.000000 0.992382 0.000000 0.123199 1.000000 1.000000 1.000000
4964.759766 0.000000 1433.485596 0.000000 0.998261 0.000000 0.058954 0.000000 0.000000 0.000000
4964.575195 0.000000 1414.498413 0.000000 0.943048 0.000000 0.332658 1.000000 1.000000 1.000000
4972.127930 0.000000 1439.550659 0.000000 0.999501 0.000000 0.031578 0.000000 0.000000 0.000000
4984.473633 0.000000 1420.240112 0.000000 0.999537 0.000000 -0.030435 0.000000 0.000000 0.000000
4966.824707 0.000000 1417.347290 0.000000 0.835462 0.000000 -0.549548 0.000000 0.000000 0.000000
4973.942871 0.000000 1434.050293 0.000000 0.991011 0.000000 -0.133780 0.000000 0.000000 0.000000
4969.128906 0.000000 1432.975098 0.000000 0.895318 0.000000 0.445427 0.000000 0.000000 0.000000
4971.095215 0.000000 1426.427979 0.000000 0.955241 0.000000 -0.295827 1.000000 1.000000 1.000000
4952.795410 0.000000 1496.505981 0.000000 0.945653 0.000000 -0.325177 0.000000 0.000000 0.000000
4967.591309 0.000000 1510.429810 0.000000 0.839276 0.000000 0.543705 0.000000 0.000000 0.000000
4972.127930 0.000000 1496.035034 0.000000 0.990521 0.000000 0.137360 1.000000 1.000000 1.000000
4972.051758 0.000000 1500.688110 0.000000 0.998739 0.000000 0.050202 1.000000 1.000000 1.000000
4905.563477 0.000000 1551.569092 0.000000 0.832455 0.000000 -0.554093 0.000000 0.000000 0.000000
4920.315430 0.000000 1562.087158 0.000000 0.924165 0.000000 -0.381994 0.000000 0.000000 0.000000
4909.375000 0.000000 1549.999756 0.000000 0.999017 0.000000 0.044338 0.000000 0.000000 0.000000
4921.910645 0.000000 1573.029175 0.000000 0.828448 0.000000 -0.560066 0.000000 0.000000 0.000000
4905.656250 0.000000 1565.187866 0.000000 0.932478 0.000000 -0.361226 0.000000 0.000000 0.000000
4911.917480 0.000000 1561.860107 0.000000 0.962230 0.000000 0.272238 0.000000 0.000000 0.000000
4915.759277 0.000000 1556.442993 0.000000 0.971359 0.000000 -0.237618 0.000000 0.000000 0.000000
4905.967773 0.000000 1554.895996 0.000000 0.861712 0.000000 -0.507398 0.000000 0.000000 0.000000
4911.537109 0.000000 1552.206543 0.000000 0.966237 0.000000 0.257654 0.000000 0.000000 0.000000
4922.631836 0.000000 1560.214600 0.000000 0.958365 0.000000 0.285547 0.000000 0.000000 0.000000
4914.798340 0.000000 1561.759277 0.000000 0.851642 0.000000 -0.524123 0.000000 0.000000 0.000000
4917.519043 0.000000 1551.703491 0.000000 0.995043 0.000000 -0.099450 0.000000 0.000000 0.000000
4920.065918 0.000000 1719.893799 0.000000 0.961735 0.000000 -0.273983 0.000000 0.000000 0.000000
4919.531250 0.000000 1705.134888 0.000000 0.954543 0.000000 0.298072 0.000000 0.000000 0.000000
4922.028320 0.000000 1707.629883 0.000000 0.912614 0.000000 -0.408821 0.000000 0.000000 0.000000
4923.100586 0.000000 1704.624023 0.000000 0.834011 0.000000 0.551747 0.000000 0.000000 0.000000
4922.504395 0.000000 1718.290161 0.000000 0.892522 0.000000 -0.451004 0.000000 0.000000 0.000000
4927.814453 0.000000 1712.975952 0.000000 0.867653 0.000000 0.497171 1.000000 1.000000 1.000000
4935.671387 0.000000 1719.387817 0.000000 0.961471 0.000000 0.274907 0.000000 0.000000 0.000000
4931.820801 0.000000 1708.336670 0.000000 0.990075 0.000000 -0.140537 1.000000 1.000000 1.000000
4985.384766 0.000000 1750.782959 0.000000 0.842528 0.000000 -0.538652 1.000000 1.000000 1.000000
4973.943359 0.000000 1753.370605 0.000000 0.836487 0.000000 -0.547986 0.000000 0.000000 0.000000
4980.014648 0.000000 1759.858887 0.000000 0.998451 0.000000 -0.055644 0.000000 0.000000 0.000000
4976.746582 0.000000 1754.253296 0.000000 0.983497 0.000000 -0.180926 0.000000 0.000000 0.000000
5040.541992 0.000000 1717.116455 0.000000 0.984785 0.000000 -0.173777 0.000000 0.000000 0.000000
5030.893555 0.000000 1713.978638 0.000000 0.996251 0.000000 -0.086511 0.000000 0.000000 0.000000
5015.371094 0.000000 1737.545166 0.000000 0.947531 0.000000 -0.319663 0.000000 0.000000 0.000000
5021.530273 0.000000 1721.823608 0.000000 0.996037 0.000000 -0.088944 0.000000 0.000000 0.000000
5033.204590 0.000000 1731.092651 0.000000 0.999981 0.000000 -0.006237 0.000000 0.000000 0.000000
5034.288574 0.000000 1717.679077 0.000000 0.995319 0.000000 -0.096643 0.000000 0.000000 0.000000
5017.681152 0.000000 1728.308716 0.000000 0.965341 0.000000 0.260990 0.000000 0.000000 0.000000
5027.666992 0.000000 1731.017456 0.000000 0.999129 0.000000 0.041717 1.000000 1.000000 1.000000
5016.572266 0.000000 1733.995605 0.000000 0.959824 0.000000 0.280604 0.000000 0.000000 0.000000
5025.099609 0.000000 1728.480957 0.000000 0.999309 0.000000 0.037176 0.000000 0.000000 0.000000
5019.635742 0.000000 1717.581665 0.000000 0.825173 0.000000 -0.564880 0.000000 0.000000 0.000000
5025.910645 0.000000 1736.854126 0.000000 0.883949 0.000000 0.467584 1.000000 1.000000 1.000000
5045.428223 0.000000 1712.372437 0.000000 0.990090 0.000000 0.140436 0.000000 0.000000 0.000000
5024.544434 0.000000 1741.862793 0.000000 0.988186 0.000000 -0.153258 1.000000 1.000000 1.000000
5023.328613 0.000000 1744.853149 0.000000 0.866206 0.000000 -0.499688 1.000000 1.000000 1.000000
5022.961914 0.000000 1751.976929 0.000000 0.996145 0.000000 -0.087727 0.000000 0.000000 0.000000
"}
object={
	name="african_dynamic_mining_objects_generator_1_2"
	clamp_to_water_level=no
	render_under_water=no
	generated_content=yes
	layer="mines_dynamic"
	pdxmesh="generic_rural_mining_pile_01_mesh"
	count=14
	transform="4268.194824 0.000000 1650.124268 0.000000 0.803822 0.000000 -0.594870 0.000000 0.000000 0.000000
4958.952637 0.000000 1431.621704 0.000000 0.807374 0.000000 -0.590041 0.000000 0.000000 0.000000
4975.339355 0.000000 1412.355347 0.000000 0.676674 0.000000 -0.736282 1.000000 1.000000 1.000000
4966.469727 0.000000 1495.187744 0.000000 0.776760 0.000000 -0.629797 1.000000 1.000000 1.000000
4962.111328 0.000000 1500.208984 0.000000 0.668929 0.000000 -0.743326 1.000000 1.000000 1.000000
4955.190918 0.000000 1496.903198 0.000000 0.679547 0.000000 -0.733632 0.000000 0.000000 0.000000
4905.260742 0.000000 1569.300293 0.000000 0.774166 0.000000 -0.632982 0.000000 0.000000 0.000000
4915.402344 0.000000 1579.045410 0.000000 0.735988 0.000000 -0.676994 0.000000 0.000000 0.000000
4979.402344 0.000000 1748.498535 0.000000 0.764730 0.000000 -0.644351 0.000000 0.000000 0.000000
5023.758301 0.000000 1724.690918 0.000000 0.710248 0.000000 -0.703952 0.000000 0.000000 0.000000
5019.131348 0.000000 1710.652466 0.000000 0.811450 0.000000 -0.584422 0.000000 0.000000 0.000000
5014.628418 0.000000 1724.558472 0.000000 0.699466 0.000000 -0.714666 0.000000 0.000000 0.000000
5017.916992 0.000000 1739.297485 0.000000 0.790443 0.000000 -0.612535 0.000000 0.000000 0.000000
5027.689941 0.000000 1746.132935 0.000000 0.789516 0.000000 -0.613729 1.000000 1.000000 1.000000
"}
object={
	name="african_dynamic_mining_objects_generator_1_3"
	clamp_to_water_level=no
	render_under_water=no
	generated_content=yes
	layer="mines_dynamic"
	pdxmesh="generic_rural_mining_pile_02_mesh"
	count=20
	transform="4890.074219 0.000000 1160.203979 0.000000 0.583807 0.000000 -0.811892 0.000000 0.000000 0.000000
4905.676758 0.000000 1147.754517 0.000000 0.610846 0.000000 -0.791749 0.000000 0.000000 0.000000
4345.384766 0.000000 1468.361084 0.000000 0.661755 0.000000 -0.749720 1.000000 1.000000 1.000000
4342.173828 0.000000 1474.777954 0.000000 0.550343 0.000000 -0.834939 0.000000 0.000000 0.000000
4279.819336 0.000000 1656.877808 0.000000 0.563403 0.000000 -0.826182 1.000000 1.000000 1.000000
4262.337891 0.000000 1651.783081 0.000000 0.511083 0.000000 -0.859531 0.000000 0.000000 0.000000
4280.346680 0.000000 1660.247803 0.000000 0.522205 0.000000 -0.852820 1.000000 1.000000 1.000000
4969.064941 0.000000 1407.330566 0.000000 0.646751 0.000000 -0.762701 0.000000 0.000000 0.000000
4968.974609 0.000000 1423.630981 0.000000 0.650154 0.000000 -0.759803 0.000000 0.000000 0.000000
4988.013184 0.000000 1426.974121 0.000000 0.531880 0.000000 -0.846820 0.000000 0.000000 0.000000
4971.690430 0.000000 1415.673340 0.000000 0.476151 0.000000 -0.879364 1.000000 1.000000 1.000000
4951.293457 0.000000 1492.158569 0.000000 0.609836 0.000000 -0.792528 0.000000 0.000000 0.000000
4961.910645 0.000000 1510.916626 0.000000 0.464743 0.000000 -0.885446 0.000000 0.000000 0.000000
4966.646484 0.000000 1500.750977 0.000000 0.582995 0.000000 -0.812476 1.000000 1.000000 1.000000
4923.000977 0.000000 1562.879150 0.000000 0.614351 0.000000 -0.789033 0.000000 0.000000 0.000000
4936.173828 0.000000 1716.797607 0.000000 0.658131 0.000000 -0.752904 1.000000 1.000000 1.000000
4990.270020 0.000000 1755.447021 0.000000 0.625048 0.000000 -0.780586 0.000000 0.000000 0.000000
5033.676758 0.000000 1712.598267 0.000000 0.555930 0.000000 -0.831229 0.000000 0.000000 0.000000
5031.299805 0.000000 1740.910645 0.000000 0.487816 0.000000 -0.872946 1.000000 1.000000 1.000000
5019.698730 0.000000 1741.030640 0.000000 0.615600 0.000000 -0.788058 1.000000 1.000000 1.000000
"}
object={
	name="african_dynamic_mining_objects_generator_1_4"
	clamp_to_water_level=no
	render_under_water=no
	generated_content=yes
	layer="mines_dynamic"
	pdxmesh="generic_rural_mining_entrance_01_mesh"
	count=17
	transform="4908.051758 0.000000 1161.781860 0.000000 0.463694 0.000000 -0.885995 1.000000 1.000000 1.000000
4349.032715 0.000000 1490.781860 0.000000 0.439996 0.000000 -0.898000 0.000000 0.000000 0.000000
4362.564941 0.000000 1414.658325 0.000000 0.429385 0.000000 -0.903121 0.000000 0.000000 0.000000
4260.759766 0.000000 1659.423096 0.000000 0.295827 0.000000 -0.955241 1.000000 1.000000 1.000000
4269.942871 0.000000 1659.987793 0.000000 0.412919 0.000000 -0.910768 0.000000 0.000000 0.000000
4277.428223 0.000000 1655.888062 0.000000 0.291695 0.000000 -0.956511 1.000000 1.000000 1.000000
4975.447754 0.000000 1424.795044 0.000000 0.363036 0.000000 -0.931775 1.000000 1.000000 1.000000
4969.967773 0.000000 1498.411621 0.000000 0.449899 0.000000 -0.893079 1.000000 1.000000 1.000000
4957.422852 0.000000 1507.145630 0.000000 0.448606 0.000000 -0.893729 1.000000 1.000000 1.000000
4918.173828 0.000000 1700.715454 0.000000 0.436193 0.000000 -0.899853 0.000000 0.000000 0.000000
4931.837402 0.000000 1718.093384 0.000000 0.312876 0.000000 -0.949794 0.000000 0.000000 0.000000
4940.526855 0.000000 1717.577026 0.000000 0.323579 0.000000 -0.946201 0.000000 0.000000 0.000000
4985.460938 0.000000 1751.118896 0.000000 0.424444 0.000000 -0.905454 1.000000 1.000000 1.000000
4975.339355 0.000000 1751.261597 0.000000 0.377092 0.000000 -0.926176 1.000000 1.000000 1.000000
5018.364746 0.000000 1720.092529 0.000000 0.400108 0.000000 -0.916468 0.000000 0.000000 0.000000
5043.016113 0.000000 1715.382324 0.000000 0.338546 0.000000 -0.940950 1.000000 1.000000 1.000000
5036.352051 0.000000 1711.792358 0.000000 0.405915 0.000000 -0.913911 1.000000 1.000000 1.000000
"}
object={
	name="african_dynamic_mining_objects_generator_1_5"
	clamp_to_water_level=no
	render_under_water=no
	generated_content=yes
	layer="mines_dynamic"
	pdxmesh="generic_rural_mining_entrance_02_mesh"
	count=18
	transform="4908.376953 0.000000 1175.955200 0.000000 0.145114 0.000000 -0.989415 0.000000 0.000000 0.000000
4336.918945 0.000000 1483.579956 0.000000 0.172282 0.000000 -0.985048 1.000000 1.000000 1.000000
4344.639160 0.000000 1473.566040 0.000000 0.176581 0.000000 -0.984286 0.000000 0.000000 0.000000
4341.428223 0.000000 1486.434937 0.000000 0.027888 0.000000 -0.999611 1.000000 1.000000 1.000000
4360.173828 0.000000 1490.860107 0.000000 0.044984 0.000000 -0.998988 0.000000 0.000000 0.000000
4285.738281 0.000000 1666.296021 0.000000 0.065320 0.000000 -0.997864 1.000000 1.000000 1.000000
4257.412109 0.000000 1653.004028 0.000000 0.119567 0.000000 -0.992826 0.000000 0.000000 0.000000
4987.100586 0.000000 1422.202148 0.000000 0.217606 0.000000 -0.976037 0.000000 0.000000 0.000000
4969.676758 0.000000 1430.176392 0.000000 0.085926 0.000000 -0.996302 1.000000 1.000000 1.000000
4972.194824 0.000000 1424.186768 0.000000 0.057981 0.000000 -0.998318 1.000000 1.000000 1.000000
4981.566895 0.000000 1424.571655 0.000000 0.225730 0.000000 -0.974190 1.000000 1.000000 1.000000
4961.099609 0.000000 1502.543457 0.000000 0.175513 0.000000 -0.984477 1.000000 1.000000 1.000000
4967.299805 0.000000 1514.973145 0.000000 0.157318 0.000000 -0.987548 0.000000 0.000000 0.000000
4905.064941 0.000000 1576.783691 0.000000 0.220346 0.000000 -0.975422 0.000000 0.000000 0.000000
4912.580566 0.000000 1555.518921 0.000000 0.001099 0.000000 -0.999999 1.000000 1.000000 1.000000
4792.315430 0.000000 1618.571533 0.000000 0.236344 0.000000 -0.971669 0.000000 0.000000 0.000000
4926.582031 0.000000 1709.398315 0.000000 0.236733 0.000000 -0.971575 0.000000 0.000000 0.000000
5019.932617 0.000000 1714.800903 0.000000 0.070769 0.000000 -0.997493 0.000000 0.000000 0.000000
"}
