object={
	name="african_dynamic_forestry_objects_generator_2_0"
	clamp_to_water_level=no
	render_under_water=no
	generated_content=yes
	layer="forestry_dynamic"
	pdxmesh="generic_forestry_lumberpile_02_mesh"
	count=5
	transform="4881.114746 0.000000 1014.794250 0.000000 0.518422 0.000000 0.855125 0.000000 0.000000 0.000000
4879.347656 0.000000 1017.002808 0.000000 0.099754 0.000000 -0.995012 0.000000 0.000000 0.000000
4882.974121 0.000000 1018.121643 0.000000 0.713946 0.000000 0.700201 0.000000 0.000000 0.000000
4881.373535 0.000000 1016.825256 0.000000 0.763725 0.000000 0.645542 0.000000 0.000000 0.000000
4881.982910 0.000000 1019.972473 0.000000 0.736818 0.000000 -0.676091 0.000000 0.000000 0.000000
"}
