object={
	name="arabic_dynamic_forestry_objects_generator_2_0"
	clamp_to_water_level=no
	render_under_water=no
	generated_content=yes
	layer="forestry_dynamic"
	pdxmesh="generic_forestry_lumberpile_02_mesh"
	count=57
	transform="5098.835938 0.000000 1587.568726 0.000000 0.581406 0.000000 0.813614 0.000000 0.000000 0.000000
4978.842773 0.000000 1768.885620 0.000000 0.995185 0.000000 0.098012 0.000000 0.000000 0.000000
4947.771973 0.000000 1773.641113 0.000000 0.978763 0.000000 -0.204995 0.000000 0.000000 0.000000
4979.016113 0.000000 1771.866699 0.000000 0.862825 0.000000 0.505503 0.000000 0.000000 0.000000
5129.795410 0.000000 1581.586914 0.000000 0.990723 0.000000 0.135899 0.000000 0.000000 0.000000
4783.537109 0.000000 1947.597168 0.000000 0.419146 0.000000 -0.907919 0.000000 0.000000 0.000000
4780.127930 0.000000 1947.910034 0.000000 0.030581 0.000000 0.999532 0.000000 0.000000 0.000000
4781.942871 0.000000 1942.409668 0.000000 0.338229 0.000000 -0.941064 0.000000 0.000000 0.000000
4841.563477 0.000000 1946.959717 0.000000 0.804117 0.000000 -0.594472 0.000000 0.000000 0.000000
4844.760254 0.000000 2241.395752 0.000000 0.762525 0.000000 0.646959 0.000000 0.000000 0.000000
5015.293457 0.000000 2565.361572 0.000000 0.997470 0.000000 0.071082 0.000000 0.000000 0.000000
5050.305176 0.000000 2585.778320 0.000000 0.232948 0.000000 0.972489 0.000000 0.000000 0.000000
5056.163086 0.000000 2576.543457 0.000000 0.955274 0.000000 0.295721 0.000000 0.000000 0.000000
5058.822754 0.000000 2575.764893 0.000000 0.043503 0.000000 -0.999053 0.000000 0.000000 0.000000
5802.009766 0.000000 1975.405396 0.000000 0.967691 0.000000 0.252141 0.000000 0.000000 0.000000
5789.392090 0.000000 1965.142212 0.000000 0.398746 0.000000 0.917061 0.000000 0.000000 0.000000
5787.698730 0.000000 1966.968140 0.000000 0.993235 0.000000 -0.116126 1.000000 1.000000 1.000000
5877.789062 0.000000 1963.912476 0.000000 0.999967 0.000000 -0.008086 0.000000 0.000000 0.000000
5869.465820 0.000000 1964.764648 0.000000 0.088704 0.000000 0.996058 0.000000 0.000000 0.000000
5874.216309 0.000000 1965.013550 0.000000 0.060956 0.000000 -0.998140 0.000000 0.000000 0.000000
5877.101074 0.000000 1965.794312 0.000000 0.487138 0.000000 0.873325 0.000000 0.000000 0.000000
5306.544434 0.000000 2582.219971 0.000000 0.103178 0.000000 -0.994663 0.000000 0.000000 0.000000
5307.000977 0.000000 2579.597900 0.000000 0.478628 0.000000 -0.878018 0.000000 0.000000 0.000000
5303.044922 0.000000 2580.885254 0.000000 0.196099 0.000000 0.980584 0.000000 0.000000 0.000000
5276.944336 0.000000 2577.664307 0.000000 0.985780 0.000000 0.168038 0.000000 0.000000 0.000000
5299.318359 0.000000 2575.438232 0.000000 0.632356 0.000000 -0.774678 1.000000 1.000000 1.000000
5297.324707 0.000000 2577.394043 0.000000 0.938996 0.000000 -0.343929 0.000000 0.000000 0.000000
5281.433594 0.000000 2577.600342 0.000000 0.978653 0.000000 -0.205520 0.000000 0.000000 0.000000
5285.294434 0.000000 2586.752930 0.000000 0.634761 0.000000 0.772709 1.000000 1.000000 1.000000
5347.765137 0.000000 2567.644043 0.000000 0.165890 0.000000 0.986144 0.000000 0.000000 0.000000
5353.204590 0.000000 2578.358154 0.000000 0.104494 0.000000 0.994526 0.000000 0.000000 0.000000
5315.510742 0.000000 2588.724854 0.000000 0.878519 0.000000 -0.477707 0.000000 0.000000 0.000000
5358.693848 0.000000 2573.855469 0.000000 0.911187 0.000000 0.411993 0.000000 0.000000 0.000000
5339.203125 0.000000 2581.114502 0.000000 0.963577 0.000000 0.267432 0.000000 0.000000 0.000000
5344.801270 0.000000 2570.112061 0.000000 0.537538 0.000000 -0.843239 0.000000 0.000000 0.000000
5352.688965 0.000000 2566.197266 0.000000 0.935732 0.000000 0.352713 0.000000 0.000000 0.000000
5355.407227 0.000000 2586.024902 0.000000 0.999648 0.000000 -0.026532 1.000000 1.000000 1.000000
5369.129395 0.000000 2580.615479 0.000000 0.044773 0.000000 -0.998997 0.000000 0.000000 0.000000
5339.528320 0.000000 2576.336182 0.000000 0.990080 0.000000 0.140503 1.000000 1.000000 1.000000
5355.628906 0.000000 2582.187988 0.000000 0.674105 0.000000 -0.738635 0.000000 0.000000 0.000000
5336.332520 0.000000 2577.001221 0.000000 0.939442 0.000000 0.342709 1.000000 1.000000 1.000000
5351.260742 0.000000 2563.400879 0.000000 0.997484 0.000000 0.070895 0.000000 0.000000 0.000000
5342.945801 0.000000 2570.260742 0.000000 0.837037 0.000000 -0.547146 0.000000 0.000000 0.000000
5339.849121 0.000000 2568.402588 0.000000 0.805233 0.000000 -0.592958 0.000000 0.000000 0.000000
5336.422363 0.000000 2571.497070 0.000000 0.989289 0.000000 0.145969 1.000000 1.000000 1.000000
5341.614258 0.000000 2573.524902 0.000000 0.868662 0.000000 0.495405 1.000000 1.000000 1.000000
5337.034668 0.000000 2573.743408 0.000000 0.992297 0.000000 -0.123884 1.000000 1.000000 1.000000
5338.057129 0.000000 2577.260010 0.000000 0.843259 0.000000 0.537507 1.000000 1.000000 1.000000
5351.989746 0.000000 2567.700684 0.000000 0.986421 0.000000 0.164239 1.000000 1.000000 1.000000
5851.698730 0.000000 2588.296143 0.000000 0.179049 0.000000 -0.983840 0.000000 0.000000 0.000000
6193.394043 0.000000 2115.251709 0.000000 0.452703 0.000000 -0.891661 0.000000 0.000000 0.000000
6163.640625 0.000000 2115.233643 0.000000 0.799939 0.000000 0.600081 0.000000 0.000000 0.000000
6217.604492 0.000000 2117.376221 0.000000 0.954383 0.000000 -0.298584 1.000000 1.000000 1.000000
6219.616211 0.000000 2119.262939 0.000000 0.999402 0.000000 -0.034576 0.000000 0.000000 0.000000
6214.395508 0.000000 2119.977539 0.000000 0.633675 0.000000 0.773600 1.000000 1.000000 1.000000
6215.143066 0.000000 2117.306396 0.000000 0.228805 0.000000 -0.973472 0.000000 0.000000 0.000000
6216.309570 0.000000 2118.715088 0.000000 0.871824 0.000000 -0.489819 1.000000 1.000000 1.000000
"}
