object={
	name="arabic_dynamic_forestry_objects_generator_1_0"
	clamp_to_water_level=no
	render_under_water=no
	generated_content=yes
	layer="forestry_dynamic"
	pdxmesh="arabic_forestry_scatter_01_mesh"
	count=9
	transform="5126.599121 0.000000 1578.179077 0.000000 0.282266 0.000000 0.959336 0.000000 0.000000 0.000000
5787.221680 0.000000 1966.497314 0.000000 0.769402 0.000000 0.638765 1.000000 1.000000 1.000000
5300.449707 0.000000 2574.557373 0.000000 0.742215 0.000000 0.670162 0.000000 0.000000 0.000000
5311.419434 0.000000 2563.668945 0.000000 0.762270 0.000000 0.647260 0.000000 0.000000 0.000000
5312.354004 0.000000 2589.764648 0.000000 0.508324 0.000000 0.861166 0.000000 0.000000 0.000000
5353.423340 0.000000 2574.218994 0.000000 0.885250 0.000000 0.465116 0.000000 0.000000 0.000000
5345.639160 0.000000 2571.834473 0.000000 0.290563 0.000000 0.956856 0.000000 0.000000 0.000000
5338.840820 0.000000 2568.501221 0.000000 0.586624 0.000000 0.809859 0.000000 0.000000 0.000000
6215.693359 0.000000 2121.754395 0.000000 0.962378 0.000000 0.271716 0.000000 0.000000 0.000000
"}
object={
	name="arabic_dynamic_forestry_objects_generator_1_1"
	clamp_to_water_level=no
	render_under_water=no
	generated_content=yes
	layer="forestry_dynamic"
	pdxmesh="arabic_forestry_scatter_02_mesh"
	count=8
	transform="4781.233887 0.000000 1946.366089 0.000000 0.284097 0.000000 -0.958795 0.000000 0.000000 0.000000
4807.674805 0.000000 1944.414795 0.000000 0.979370 0.000000 -0.202073 0.000000 0.000000 0.000000
5056.290527 0.000000 2576.162109 0.000000 0.938043 0.000000 -0.346518 0.000000 0.000000 0.000000
5276.282227 0.000000 2578.692871 0.000000 0.103178 0.000000 -0.994663 0.000000 0.000000 0.000000
5340.282227 0.000000 2578.692871 0.000000 0.413894 0.000000 -0.910325 0.000000 0.000000 0.000000
5350.465332 0.000000 2566.894531 0.000000 0.745495 0.000000 -0.666511 1.000000 1.000000 1.000000
5472.264648 0.000000 2563.665283 0.000000 0.014453 0.000000 -0.999896 0.000000 0.000000 0.000000
5507.834473 0.000000 2598.283691 0.000000 0.846545 0.000000 -0.532317 0.000000 0.000000 0.000000
"}
