object={
	name="arabic_dynamic_farmland_objects_generator_1_0"
	clamp_to_water_level=no
	render_under_water=no
	generated_content=yes
	layer="farms_dynamic"
	pdxmesh="arabic_farm_farmstead_01_mesh"
	count=73
	transform="3711.487305 0.000000 2007.180786 0.000000 0.102855 0.000000 0.994696 0.000000 0.000000 0.000000
3713.319092 0.000000 2015.841553 0.000000 0.419779 0.000000 0.907626 0.000000 0.000000 0.000000
3730.127686 0.000000 2046.713501 0.000000 0.462914 0.000000 0.886403 0.000000 0.000000 0.000000
3731.007568 0.000000 2051.515869 0.000000 0.409446 0.000000 0.912334 0.000000 0.000000 0.000000
3806.953613 0.000000 2089.689941 0.000000 0.404974 0.000000 0.914328 1.000000 1.000000 1.000000
3762.842529 0.000000 2107.791748 0.000000 0.102500 0.000000 0.994733 0.000000 0.000000 0.000000
3797.705078 0.000000 2116.789551 0.000000 0.436944 0.000000 0.899489 0.000000 0.000000 0.000000
3790.873047 0.000000 2097.968994 0.000000 0.040229 0.000000 0.999190 0.000000 0.000000 0.000000
3799.491943 0.000000 2090.553467 0.000000 0.504291 0.000000 0.863534 0.000000 0.000000 0.000000
3780.763672 0.000000 2126.114014 0.000000 0.783674 0.000000 0.621172 1.000000 1.000000 1.000000
3776.163086 0.000000 2124.668457 0.000000 0.570782 0.000000 0.821102 0.000000 0.000000 0.000000
3808.617920 0.000000 2093.287598 0.000000 0.372324 0.000000 0.928103 0.000000 0.000000 0.000000
3802.987305 0.000000 2090.010742 0.000000 0.632560 0.000000 0.774511 0.000000 0.000000 0.000000
3865.621582 0.000000 2194.281006 0.000000 0.191622 0.000000 0.981469 0.000000 0.000000 0.000000
3960.551025 0.000000 2348.718506 0.000000 0.790339 0.000000 0.612670 1.000000 1.000000 1.000000
3975.979980 0.000000 2357.994629 0.000000 0.629945 0.000000 0.776640 0.000000 0.000000 0.000000
3975.213623 0.000000 2354.059326 0.000000 0.387237 0.000000 0.921980 1.000000 1.000000 1.000000
5114.631836 0.000000 1560.214600 0.000000 0.748348 0.000000 0.663306 1.000000 1.000000 1.000000
5072.244141 0.000000 1554.276001 0.000000 0.566485 0.000000 0.824072 1.000000 1.000000 1.000000
5063.213379 0.000000 1563.278198 0.000000 0.396943 0.000000 0.917843 0.000000 0.000000 0.000000
5145.621582 0.000000 1572.953003 0.000000 0.701155 0.000000 0.713008 1.000000 1.000000 1.000000
5147.595215 0.000000 1575.601807 0.000000 0.573035 0.000000 0.819531 0.000000 0.000000 0.000000
5126.057129 0.000000 1570.015869 0.000000 0.556429 0.000000 0.830895 1.000000 1.000000 1.000000
5143.191895 0.000000 1570.968750 0.000000 0.493257 0.000000 0.869884 1.000000 1.000000 1.000000
5134.604980 0.000000 1572.655151 0.000000 0.175767 0.000000 0.984432 0.000000 0.000000 0.000000
5916.380371 0.000000 1692.897217 0.000000 0.580354 0.000000 0.814364 1.000000 1.000000 1.000000
5916.793945 0.000000 1697.373047 0.000000 0.438552 0.000000 0.898706 0.000000 0.000000 0.000000
5949.512207 0.000000 1694.557373 0.000000 0.157852 0.000000 0.987463 0.000000 0.000000 0.000000
5907.991699 0.000000 1840.727539 0.000000 0.640551 0.000000 0.767915 1.000000 1.000000 1.000000
5916.947754 0.000000 1837.571777 0.000000 0.183563 0.000000 0.983008 1.000000 1.000000 1.000000
5812.463867 0.000000 2161.488037 0.000000 0.252975 0.000000 0.967473 0.000000 0.000000 0.000000
5815.819336 0.000000 2165.237061 0.000000 0.771173 0.000000 0.636625 0.000000 0.000000 0.000000
5880.065918 0.000000 2171.768799 0.000000 0.608041 0.000000 0.793906 0.000000 0.000000 0.000000
6078.624512 0.000000 2098.741943 0.000000 0.349322 0.000000 0.937003 0.000000 0.000000 0.000000
6081.451172 0.000000 2102.097412 0.000000 0.445655 0.000000 0.895205 0.000000 0.000000 0.000000
6138.807129 0.000000 2096.576416 0.000000 0.313209 0.000000 0.949684 0.000000 0.000000 0.000000
6138.511719 0.000000 2110.431885 0.000000 0.578815 0.000000 0.815459 1.000000 1.000000 1.000000
6141.524414 0.000000 2106.991699 0.000000 0.481238 0.000000 0.876590 0.000000 0.000000 0.000000
6132.463867 0.000000 2105.003662 0.000000 0.276135 0.000000 0.961119 1.000000 1.000000 1.000000
6091.486816 0.000000 2098.481445 0.000000 0.339563 0.000000 0.940583 1.000000 1.000000 1.000000
6138.504395 0.000000 2113.680664 0.000000 0.135656 0.000000 0.990756 1.000000 1.000000 1.000000
6110.952637 0.000000 2109.434082 0.000000 0.268756 0.000000 0.963208 1.000000 1.000000 1.000000
6116.029297 0.000000 2108.474609 0.000000 0.150989 0.000000 0.988535 1.000000 1.000000 1.000000
6105.706543 0.000000 2103.561279 0.000000 0.373270 0.000000 0.927723 1.000000 1.000000 1.000000
5890.500488 0.000000 2166.150391 0.000000 0.783912 0.000000 0.620872 0.000000 0.000000 0.000000
5891.837402 0.000000 2169.968262 0.000000 0.041495 0.000000 0.999139 0.000000 0.000000 0.000000
6192.647949 0.000000 2017.428833 0.000000 0.645271 0.000000 0.763954 1.000000 1.000000 1.000000
6217.278320 0.000000 2027.036743 0.000000 0.559319 0.000000 0.828952 1.000000 1.000000 1.000000
6214.057129 0.000000 2021.890869 0.000000 0.298468 0.000000 0.954420 1.000000 1.000000 1.000000
6207.487305 0.000000 2063.665283 0.000000 0.680120 0.000000 0.733101 1.000000 1.000000 1.000000
6217.400879 0.000000 2049.556641 0.000000 0.474935 0.000000 0.880021 0.000000 0.000000 0.000000
6214.057129 0.000000 2078.375244 0.000000 0.565698 0.000000 0.824612 1.000000 1.000000 1.000000
6208.042480 0.000000 2033.444824 0.000000 0.744075 0.000000 0.668097 1.000000 1.000000 1.000000
6215.437500 0.000000 2088.481201 0.000000 0.585481 0.000000 0.810686 1.000000 1.000000 1.000000
6209.451660 0.000000 2042.829956 0.000000 0.293093 0.000000 0.956084 1.000000 1.000000 1.000000
6145.017578 0.000000 2116.614990 0.000000 0.281795 0.000000 0.959475 0.000000 0.000000 0.000000
6182.535645 0.000000 2119.429932 0.000000 0.755461 0.000000 0.655194 0.000000 0.000000 0.000000
6144.514160 0.000000 2106.002686 0.000000 0.208823 0.000000 0.977953 1.000000 1.000000 1.000000
6205.611816 0.000000 2128.681641 0.000000 0.145821 0.000000 0.989311 1.000000 1.000000 1.000000
6199.819336 0.000000 2108.752686 0.000000 0.630233 0.000000 0.776406 1.000000 1.000000 1.000000
6202.631836 0.000000 2125.058350 0.000000 0.567039 0.000000 0.823691 1.000000 1.000000 1.000000
6161.664551 0.000000 2096.577881 0.000000 0.253276 0.000000 0.967394 1.000000 1.000000 1.000000
6174.952637 0.000000 2109.434082 0.000000 0.002776 0.000000 0.999996 1.000000 1.000000 1.000000
6182.469727 0.000000 2116.515869 0.000000 0.746491 0.000000 0.665395 1.000000 1.000000 1.000000
6145.451660 0.000000 2099.314209 0.000000 0.528830 0.000000 0.848728 1.000000 1.000000 1.000000
6216.667480 0.000000 2094.701172 0.000000 0.638028 0.000000 0.770013 1.000000 1.000000 1.000000
6211.820801 0.000000 2103.727295 0.000000 0.795996 0.000000 0.605302 1.000000 1.000000 1.000000
6221.099609 0.000000 2109.698486 0.000000 0.176091 0.000000 0.984374 1.000000 1.000000 1.000000
6215.213379 0.000000 2128.121826 0.000000 0.259236 0.000000 0.965814 1.000000 1.000000 1.000000
6235.635742 0.000000 2112.972168 0.000000 0.235850 0.000000 0.971790 1.000000 1.000000 1.000000
6233.283691 0.000000 2111.539551 0.000000 0.541886 0.000000 0.840452 1.000000 1.000000 1.000000
6252.412598 0.000000 2527.586182 0.000000 0.242795 0.000000 0.970078 0.000000 0.000000 0.000000
6250.835938 0.000000 2547.803223 0.000000 0.642066 0.000000 0.766649 0.000000 0.000000 0.000000
"}
object={
	name="arabic_dynamic_farmland_objects_generator_1_1"
	clamp_to_water_level=no
	render_under_water=no
	generated_content=yes
	layer="farms_dynamic"
	pdxmesh="arabic_farm_scatter_01_mesh"
	count=80
	transform="3760.205322 0.000000 2089.896240 0.000000 0.965871 0.000000 -0.259024 0.000000 0.000000 0.000000
3735.890625 0.000000 2052.495117 0.000000 0.992756 0.000000 -0.120150 0.000000 0.000000 0.000000
3741.237549 0.000000 2066.959717 0.000000 0.995800 0.000000 -0.091559 0.000000 0.000000 0.000000
3761.519043 0.000000 2096.251465 0.000000 0.996414 0.000000 0.084613 0.000000 0.000000 0.000000
3765.993896 0.000000 2111.208008 0.000000 0.922492 0.000000 0.386017 0.000000 0.000000 0.000000
3810.900879 0.000000 2089.986572 0.000000 0.998974 0.000000 -0.045279 0.000000 0.000000 0.000000
3794.283447 0.000000 2091.054688 0.000000 0.972535 0.000000 -0.232757 1.000000 1.000000 1.000000
3798.628418 0.000000 2119.948975 0.000000 0.999676 0.000000 -0.025473 0.000000 0.000000 0.000000
3812.575195 0.000000 2092.310791 0.000000 0.896404 0.000000 0.443239 1.000000 1.000000 1.000000
3797.235596 0.000000 2109.782959 0.000000 0.997481 0.000000 -0.070931 1.000000 1.000000 1.000000
3962.631836 0.000000 2350.995850 0.000000 0.998970 0.000000 -0.045366 1.000000 1.000000 1.000000
3977.203857 0.000000 2351.560059 0.000000 0.999757 0.000000 0.022039 0.000000 0.000000 0.000000
5117.611816 0.000000 1563.837769 0.000000 0.834599 0.000000 0.550858 0.000000 0.000000 0.000000
5065.604492 0.000000 1552.532471 0.000000 0.979334 0.000000 0.202251 1.000000 1.000000 1.000000
5124.763672 0.000000 1561.270386 0.000000 0.995041 0.000000 0.099468 1.000000 1.000000 1.000000
5143.371094 0.000000 1568.092041 0.000000 0.898590 0.000000 0.438789 0.000000 0.000000 0.000000
5137.939453 0.000000 1566.873657 0.000000 0.875789 0.000000 0.482694 1.000000 1.000000 1.000000
5137.360840 0.000000 1571.238525 0.000000 0.979080 0.000000 0.203475 1.000000 1.000000 1.000000
5132.083496 0.000000 1570.592041 0.000000 0.954887 0.000000 0.296969 0.000000 0.000000 0.000000
5918.953613 0.000000 1694.299438 0.000000 0.948784 0.000000 0.315925 1.000000 1.000000 1.000000
5918.961914 0.000000 1695.492554 0.000000 0.800389 0.000000 0.599481 1.000000 1.000000 1.000000
4723.456055 0.000000 2535.600830 0.000000 0.882867 0.000000 0.469623 0.000000 0.000000 0.000000
5915.131348 0.000000 1823.621216 0.000000 0.951479 0.000000 0.307714 0.000000 0.000000 0.000000
5917.530273 0.000000 1834.792358 0.000000 0.991146 0.000000 -0.132777 1.000000 1.000000 1.000000
5882.511719 0.000000 2166.916260 0.000000 0.988926 0.000000 -0.148408 0.000000 0.000000 0.000000
5850.364746 0.000000 2171.967529 0.000000 0.994663 0.000000 0.103181 1.000000 1.000000 1.000000
5858.015137 0.000000 2166.901855 0.000000 0.962511 0.000000 0.271243 1.000000 1.000000 1.000000
5882.504395 0.000000 2170.165039 0.000000 0.996927 0.000000 0.078342 0.000000 0.000000 0.000000
5851.635742 0.000000 2169.456543 0.000000 0.952099 0.000000 0.305789 1.000000 1.000000 1.000000
6077.292480 0.000000 2102.480957 0.000000 0.925232 0.000000 0.379403 0.000000 0.000000 0.000000
6066.789551 0.000000 2102.009277 0.000000 0.995340 0.000000 -0.096431 1.000000 1.000000 1.000000
6070.173828 0.000000 2096.106201 0.000000 0.964808 0.000000 0.262954 0.000000 0.000000 0.000000
6051.104004 0.000000 2098.463867 0.000000 0.972787 0.000000 -0.231700 1.000000 1.000000 1.000000
6135.638184 0.000000 2105.665283 0.000000 0.955588 0.000000 0.294705 1.000000 1.000000 1.000000
6100.569336 0.000000 2095.308350 0.000000 0.995983 0.000000 -0.089539 0.000000 0.000000 0.000000
6141.292480 0.000000 2102.480957 0.000000 0.933391 0.000000 0.358861 0.000000 0.000000 0.000000
6141.212891 0.000000 2115.313721 0.000000 0.982089 0.000000 0.188416 0.000000 0.000000 0.000000
6091.929688 0.000000 2101.927734 0.000000 0.991562 0.000000 0.129631 0.000000 0.000000 0.000000
6086.330566 0.000000 2102.018799 0.000000 0.838902 0.000000 0.544283 0.000000 0.000000 0.000000
6133.994141 0.000000 2111.208008 0.000000 0.954962 0.000000 0.296728 0.000000 0.000000 0.000000
6095.197266 0.000000 2101.554688 0.000000 0.915230 0.000000 0.402931 1.000000 1.000000 1.000000
6121.676758 0.000000 2107.988770 0.000000 0.996314 0.000000 0.085782 1.000000 1.000000 1.000000
6089.084961 0.000000 2100.739746 0.000000 0.985528 0.000000 0.169511 1.000000 1.000000 1.000000
6135.819336 0.000000 2108.752686 0.000000 0.981054 0.000000 -0.193732 0.000000 0.000000 0.000000
6124.194824 0.000000 2101.999268 0.000000 0.883405 0.000000 0.468610 1.000000 1.000000 1.000000
6131.016113 0.000000 2110.772949 0.000000 0.962293 0.000000 0.272014 1.000000 1.000000 1.000000
6100.094727 0.000000 2105.322754 0.000000 0.817811 0.000000 0.575487 1.000000 1.000000 1.000000
6115.200195 0.000000 2102.718750 0.000000 0.885468 0.000000 0.464700 1.000000 1.000000 1.000000
6101.235840 0.000000 2109.782959 0.000000 0.966495 0.000000 -0.256684 1.000000 1.000000 1.000000
5498.631836 0.000000 2633.417725 0.000000 0.830297 0.000000 0.557321 1.000000 1.000000 1.000000
6211.510742 0.000000 2023.881104 0.000000 0.999999 0.000000 0.001399 1.000000 1.000000 1.000000
6204.832520 0.000000 2065.759277 0.000000 0.918834 0.000000 0.394644 1.000000 1.000000 1.000000
6197.860840 0.000000 2081.503906 0.000000 0.947145 0.000000 0.320805 1.000000 1.000000 1.000000
6218.351562 0.000000 2054.316406 0.000000 0.827474 0.000000 0.561504 0.000000 0.000000 0.000000
6220.457520 0.000000 2085.213379 0.000000 0.999646 0.000000 -0.026613 1.000000 1.000000 1.000000
6214.507812 0.000000 2085.528564 0.000000 0.988580 0.000000 0.150699 1.000000 1.000000 1.000000
6211.510742 0.000000 2080.365479 0.000000 0.999755 0.000000 0.022154 1.000000 1.000000 1.000000
6218.072266 0.000000 2089.609619 0.000000 0.992666 0.000000 -0.120888 1.000000 1.000000 1.000000
6211.820801 0.000000 2047.242920 0.000000 0.945799 0.000000 0.324752 1.000000 1.000000 1.000000
6193.272949 0.000000 2123.546875 0.000000 0.997265 0.000000 -0.073904 1.000000 1.000000 1.000000
6197.013672 0.000000 2124.568115 0.000000 0.800649 0.000000 0.599134 1.000000 1.000000 1.000000
6178.857422 0.000000 2119.050781 0.000000 0.897402 0.000000 0.441214 0.000000 0.000000 0.000000
6155.486816 0.000000 2098.481445 0.000000 0.984820 0.000000 0.173580 1.000000 1.000000 1.000000
6185.676758 0.000000 2107.988770 0.000000 0.918010 0.000000 0.396558 1.000000 1.000000 1.000000
6202.462402 0.000000 2106.991943 0.000000 0.973475 0.000000 -0.228793 1.000000 1.000000 1.000000
6153.084961 0.000000 2100.739746 0.000000 0.991418 0.000000 0.130732 0.000000 0.000000 0.000000
6156.112305 0.000000 2104.828613 0.000000 0.934647 0.000000 0.355576 1.000000 1.000000 1.000000
6147.820801 0.000000 2103.727295 0.000000 0.865726 0.000000 0.500517 1.000000 1.000000 1.000000
6180.759766 0.000000 2111.298096 0.000000 0.998741 0.000000 0.050158 1.000000 1.000000 1.000000
6160.244141 0.000000 2119.119629 0.000000 0.880941 0.000000 0.473227 1.000000 1.000000 1.000000
6211.837402 0.000000 2113.483887 0.000000 0.985802 0.000000 -0.167911 0.000000 0.000000 0.000000
6219.941895 0.000000 2131.725830 0.000000 0.974764 0.000000 0.223236 0.000000 0.000000 0.000000
6212.948730 0.000000 2090.036865 0.000000 0.938505 0.000000 0.345265 1.000000 1.000000 1.000000
6220.526855 0.000000 2112.967773 0.000000 0.970634 0.000000 0.240559 1.000000 1.000000 1.000000
6208.936035 0.000000 2112.531494 0.000000 0.999678 0.000000 0.025383 0.000000 0.000000 0.000000
6225.664551 0.000000 2096.577881 0.000000 0.917231 0.000000 0.398355 1.000000 1.000000 1.000000
6224.939453 0.000000 2105.850586 0.000000 0.919047 0.000000 0.394149 1.000000 1.000000 1.000000
6185.204590 0.000000 2521.873779 0.000000 0.941226 0.000000 0.337777 0.000000 0.000000 0.000000
6177.099609 0.000000 2519.262207 0.000000 0.994260 0.000000 0.106987 1.000000 1.000000 1.000000
6182.581055 0.000000 2520.437012 0.000000 0.815030 0.000000 0.579418 1.000000 1.000000 1.000000
"}
object={
	name="arabic_dynamic_farmland_objects_generator_1_2"
	clamp_to_water_level=no
	render_under_water=no
	generated_content=yes
	layer="farms_dynamic"
	pdxmesh="arabic_farm_scatter_02_mesh"
	count=78
	transform="3718.215332 0.000000 2025.890747 0.000000 0.625430 0.000000 -0.780280 0.000000 0.000000 0.000000
3797.934570 0.000000 2088.249512 0.000000 0.907908 0.000000 -0.419169 0.000000 0.000000 0.000000
3804.380127 0.000000 2088.287842 0.000000 0.571346 0.000000 -0.820709 1.000000 1.000000 1.000000
3794.127686 0.000000 2103.197998 0.000000 0.847359 0.000000 -0.531020 0.000000 0.000000 0.000000
3795.007568 0.000000 2108.000244 0.000000 0.678888 0.000000 -0.734242 0.000000 0.000000 0.000000
3794.817383 0.000000 2120.365723 0.000000 0.939871 0.000000 -0.341531 1.000000 1.000000 1.000000
3795.771729 0.000000 2112.547363 0.000000 0.723175 0.000000 -0.690665 0.000000 0.000000 0.000000
3794.190674 0.000000 2099.444092 0.000000 0.868571 0.000000 -0.495566 0.000000 0.000000 0.000000
3791.197021 0.000000 2101.554688 0.000000 0.826942 0.000000 -0.562288 1.000000 1.000000 1.000000
3796.094971 0.000000 2105.322754 0.000000 0.774935 0.000000 -0.632041 1.000000 1.000000 1.000000
3806.608887 0.000000 2095.461426 0.000000 0.840114 0.000000 -0.542410 1.000000 1.000000 1.000000
3800.795410 0.000000 2117.833984 0.000000 0.919096 0.000000 -0.394033 1.000000 1.000000 1.000000
3792.244385 0.000000 2119.119629 0.000000 0.615638 0.000000 -0.788029 1.000000 1.000000 1.000000
3907.510986 0.000000 2193.334229 0.000000 0.451973 0.000000 -0.892032 0.000000 0.000000 0.000000
3982.007324 0.000000 2346.749512 0.000000 0.430324 0.000000 -0.902675 0.000000 0.000000 0.000000
3972.957520 0.000000 2355.706543 0.000000 0.592856 0.000000 -0.805308 1.000000 1.000000 1.000000
5109.860840 0.000000 1573.144531 0.000000 0.902528 0.000000 -0.430631 1.000000 1.000000 1.000000
5120.163086 0.000000 1559.824707 0.000000 0.698652 0.000000 -0.715462 0.000000 0.000000 0.000000
5127.213379 0.000000 1563.278198 0.000000 0.545256 0.000000 -0.838270 1.000000 1.000000 1.000000
5920.618164 0.000000 1697.896851 0.000000 0.601595 0.000000 -0.798801 0.000000 0.000000 0.000000
5936.746582 0.000000 1697.768921 0.000000 0.689589 0.000000 -0.724201 1.000000 1.000000 1.000000
4727.107910 0.000000 2530.513916 0.000000 0.565323 0.000000 -0.824870 0.000000 0.000000 0.000000
4720.023926 0.000000 2537.847412 0.000000 0.939768 0.000000 -0.341812 0.000000 0.000000 0.000000
4723.634277 0.000000 2528.040283 0.000000 0.840317 0.000000 -0.542095 0.000000 0.000000 0.000000
5855.453613 0.000000 2163.136475 0.000000 0.467630 0.000000 -0.883924 0.000000 0.000000 0.000000
5854.530273 0.000000 2169.866211 0.000000 0.364335 0.000000 -0.931268 0.000000 0.000000 0.000000
5885.212891 0.000000 2171.798096 0.000000 0.787510 0.000000 -0.616301 1.000000 1.000000 1.000000
5838.220703 0.000000 2163.487061 0.000000 0.642393 0.000000 -0.766376 0.000000 0.000000 0.000000
5875.016113 0.000000 2167.257324 0.000000 0.820138 0.000000 -0.572166 1.000000 1.000000 1.000000
5860.759766 0.000000 2167.782471 0.000000 0.942732 0.000000 -0.333551 1.000000 1.000000 1.000000
5860.029297 0.000000 2164.958984 0.000000 0.483271 0.000000 -0.875471 1.000000 1.000000 1.000000
6053.432617 0.000000 2100.948975 0.000000 0.803308 0.000000 -0.595563 0.000000 0.000000 0.000000
6071.531250 0.000000 2100.525635 0.000000 0.841126 0.000000 -0.540839 0.000000 0.000000 0.000000
6143.958008 0.000000 2110.820801 0.000000 0.945457 0.000000 -0.325746 0.000000 0.000000 0.000000
6089.400879 0.000000 2106.041016 0.000000 0.931463 0.000000 -0.363836 0.000000 0.000000 0.000000
6130.789551 0.000000 2102.009277 0.000000 0.858273 0.000000 -0.513194 1.000000 1.000000 1.000000
6128.918945 0.000000 2104.907959 0.000000 0.961571 0.000000 -0.274556 1.000000 1.000000 1.000000
6141.032715 0.000000 2112.109863 0.000000 0.674037 0.000000 -0.738698 1.000000 1.000000 1.000000
6092.112305 0.000000 2104.828613 0.000000 0.567540 0.000000 -0.823346 1.000000 1.000000 1.000000
6096.939453 0.000000 2105.850586 0.000000 0.504921 0.000000 -0.863165 1.000000 1.000000 1.000000
6118.337891 0.000000 2103.657959 0.000000 0.433675 0.000000 -0.901069 1.000000 1.000000 1.000000
6109.958984 0.000000 2100.122314 0.000000 0.922033 0.000000 -0.387112 1.000000 1.000000 1.000000
6124.352051 0.000000 2107.182861 0.000000 0.571899 0.000000 -0.820324 1.000000 1.000000 1.000000
6081.451660 0.000000 2099.314209 0.000000 0.601233 0.000000 -0.799074 1.000000 1.000000 1.000000
5562.631836 0.000000 2633.417725 0.000000 0.944966 0.000000 -0.327170 0.000000 0.000000 0.000000
5581.506836 0.000000 2634.095703 0.000000 0.694784 0.000000 -0.719218 0.000000 0.000000 0.000000
6138.631836 0.000000 2576.933350 0.000000 0.911148 0.000000 -0.412079 1.000000 1.000000 1.000000
6195.213867 0.000000 2023.210327 0.000000 0.390510 0.000000 -0.920599 0.000000 0.000000 0.000000
6195.634277 0.000000 2019.681030 0.000000 0.870989 0.000000 -0.491302 1.000000 1.000000 1.000000
6202.631836 0.000000 2012.089600 0.000000 0.911424 0.000000 -0.411469 1.000000 1.000000 1.000000
6194.798340 0.000000 2013.634277 0.000000 0.882859 0.000000 -0.469637 0.000000 0.000000 0.000000
6215.437500 0.000000 2031.996704 0.000000 0.378622 0.000000 -0.925552 0.000000 0.000000 0.000000
6202.631836 0.000000 2068.573975 0.000000 0.721604 0.000000 -0.692306 1.000000 1.000000 1.000000
6212.948730 0.000000 2033.552612 0.000000 0.658720 0.000000 -0.752388 1.000000 1.000000 1.000000
6217.278320 0.000000 2083.520996 0.000000 0.886848 0.000000 -0.462062 1.000000 1.000000 1.000000
6208.936035 0.000000 2056.047119 0.000000 0.673895 0.000000 -0.738827 1.000000 1.000000 1.000000
6198.816895 0.000000 2091.172607 0.000000 0.785155 0.000000 -0.619299 0.000000 0.000000 0.000000
6170.074219 0.000000 2120.438232 0.000000 0.873572 0.000000 -0.486695 1.000000 1.000000 1.000000
6162.817383 0.000000 2120.365723 0.000000 0.483339 0.000000 -0.875433 0.000000 0.000000 0.000000
6198.173828 0.000000 2096.106201 0.000000 0.881747 0.000000 -0.471723 0.000000 0.000000 0.000000
6200.315430 0.000000 2126.930908 0.000000 0.762332 0.000000 -0.647186 1.000000 1.000000 1.000000
6189.311035 0.000000 2124.271729 0.000000 0.773218 0.000000 -0.634140 0.000000 0.000000 0.000000
6202.028320 0.000000 2103.020508 0.000000 0.820486 0.000000 -0.571667 0.000000 0.000000 0.000000
6192.580566 0.000000 2120.362549 0.000000 0.424823 0.000000 -0.905277 1.000000 1.000000 1.000000
6153.604492 0.000000 2117.376221 0.000000 0.741580 0.000000 -0.670864 1.000000 1.000000 1.000000
6179.200195 0.000000 2102.718750 0.000000 0.881441 0.000000 -0.472294 1.000000 1.000000 1.000000
6180.029297 0.000000 2108.474609 0.000000 0.943197 0.000000 -0.332234 1.000000 1.000000 1.000000
6158.979980 0.000000 2114.761963 0.000000 0.672622 0.000000 -0.739986 1.000000 1.000000 1.000000
6219.486816 0.000000 2098.481445 0.000000 0.781023 0.000000 -0.624502 1.000000 1.000000 1.000000
6210.356934 0.000000 2094.820068 0.000000 0.860998 0.000000 -0.508608 1.000000 1.000000 1.000000
6217.084961 0.000000 2100.739746 0.000000 0.753321 0.000000 -0.657653 1.000000 1.000000 1.000000
6220.112305 0.000000 2104.828613 0.000000 0.820361 0.000000 -0.571846 1.000000 1.000000 1.000000
6228.094727 0.000000 2105.322754 0.000000 0.890058 0.000000 -0.455848 1.000000 1.000000 1.000000
6224.186523 0.000000 2109.073242 0.000000 0.466986 0.000000 -0.884265 1.000000 1.000000 1.000000
6209.451660 0.000000 2099.314209 0.000000 0.458088 0.000000 -0.888907 1.000000 1.000000 1.000000
6222.979980 0.000000 2114.761963 0.000000 0.918092 0.000000 -0.396368 1.000000 1.000000 1.000000
6249.656250 0.000000 2525.422363 0.000000 0.871907 0.000000 -0.489672 0.000000 0.000000 0.000000
6180.029297 0.000000 2560.349609 0.000000 0.453692 0.000000 -0.891159 1.000000 1.000000 1.000000
"}
object={
	name="arabic_dynamic_farmland_objects_generator_1_3"
	clamp_to_water_level=no
	render_under_water=no
	generated_content=yes
	layer="farms_dynamic"
	pdxmesh="windmill_01_mesh"
	count=29
	transform="3762.789307 0.000000 2102.009277 0.000000 0.140854 0.000000 -0.990030 0.000000 0.000000 0.000000
3804.793701 0.000000 2092.763672 0.000000 0.054877 0.000000 -0.998493 0.000000 0.000000 0.000000
3791.273193 0.000000 2111.840332 0.000000 0.190349 0.000000 -0.981716 0.000000 0.000000 0.000000
3790.220459 0.000000 2107.002686 0.000000 0.301109 0.000000 -0.953590 0.000000 0.000000 0.000000
3793.260010 0.000000 2116.378906 0.000000 0.030824 0.000000 -0.999525 0.000000 0.000000 0.000000
3791.831299 0.000000 2094.093750 0.000000 0.085570 0.000000 -0.996332 0.000000 0.000000 0.000000
3912.908447 0.000000 2192.306152 0.000000 0.024130 0.000000 -0.999709 0.000000 0.000000 0.000000
3918.604980 0.000000 2193.983154 0.000000 0.341223 0.000000 -0.939982 1.000000 1.000000 1.000000
5918.060547 0.000000 1686.201782 0.000000 0.233175 0.000000 -0.972435 0.000000 0.000000 0.000000
4725.860840 0.000000 2533.378906 0.000000 0.070908 0.000000 -0.997483 0.000000 0.000000 0.000000
5856.449219 0.000000 2172.401611 0.000000 0.158086 0.000000 -0.987425 0.000000 0.000000 0.000000
5824.936035 0.000000 2169.015869 0.000000 0.255354 0.000000 -0.966848 0.000000 0.000000 0.000000
5857.448730 0.000000 2169.703125 0.000000 0.247058 0.000000 -0.969001 1.000000 1.000000 1.000000
6047.826172 0.000000 2098.044189 0.000000 0.024059 0.000000 -0.999711 1.000000 1.000000 1.000000
6044.431641 0.000000 2097.429688 0.000000 0.010326 0.000000 -0.999947 0.000000 0.000000 0.000000
6142.624512 0.000000 2098.741943 0.000000 0.327253 0.000000 -0.944937 1.000000 1.000000 1.000000
6098.190430 0.000000 2099.444092 0.000000 0.356784 0.000000 -0.934187 1.000000 1.000000 1.000000
6214.507812 0.000000 2029.044312 0.000000 0.061923 0.000000 -0.998081 1.000000 1.000000 1.000000
6201.384766 0.000000 2089.689209 0.000000 0.324035 0.000000 -0.946045 1.000000 1.000000 1.000000
6210.356934 0.000000 2038.335693 0.000000 0.077490 0.000000 -0.996993 1.000000 1.000000 1.000000
6217.604492 0.000000 2060.891846 0.000000 0.008591 0.000000 -0.999963 1.000000 1.000000 1.000000
6215.213379 0.000000 2071.637451 0.000000 0.253172 0.000000 -0.967421 1.000000 1.000000 1.000000
6173.237305 0.000000 2123.444092 0.000000 0.195790 0.000000 -0.980646 0.000000 0.000000 0.000000
6191.917480 0.000000 2126.703857 0.000000 0.291703 0.000000 -0.956509 0.000000 0.000000 0.000000
6195.016113 0.000000 2110.772949 0.000000 0.318379 0.000000 -0.947963 1.000000 1.000000 1.000000
6202.504395 0.000000 2113.680664 0.000000 0.089816 0.000000 -0.995958 1.000000 1.000000 1.000000
6229.668945 0.000000 2099.710693 0.000000 0.275582 0.000000 -0.961278 0.000000 0.000000 0.000000
6208.042480 0.000000 2089.929199 0.000000 0.118567 0.000000 -0.992946 1.000000 1.000000 1.000000
6229.235840 0.000000 2109.782959 0.000000 0.086314 0.000000 -0.996268 1.000000 1.000000 1.000000
"}
