object={
	name="arabic_dynamic_mining_objects_generator_1_0"
	clamp_to_water_level=no
	render_under_water=no
	generated_content=yes
	layer="mines_dynamic"
	pdxmesh="generic_rural_mining_coaldepo_sandstone_01_mesh"
	count=102
	transform="4085.811279 0.000000 2187.705322 0.000000 0.772326 0.000000 0.635226 0.000000 0.000000 0.000000
4068.176514 0.000000 2190.425781 0.000000 0.612345 0.000000 0.790591 0.000000 0.000000 0.000000
4061.075928 0.000000 2198.806396 0.000000 0.665263 0.000000 0.746609 0.000000 0.000000 0.000000
4062.662598 0.000000 2192.596680 0.000000 0.566749 0.000000 0.823891 1.000000 1.000000 1.000000
4060.116211 0.000000 2201.821777 0.000000 0.731445 0.000000 0.681901 0.000000 0.000000 0.000000
4068.314209 0.000000 2199.802246 0.000000 0.293232 0.000000 0.956041 1.000000 1.000000 1.000000
4085.008789 0.000000 2190.628174 0.000000 0.553715 0.000000 0.832706 0.000000 0.000000 0.000000
4077.602051 0.000000 2186.331299 0.000000 0.648937 0.000000 0.760842 1.000000 1.000000 1.000000
4065.210693 0.000000 2195.849121 0.000000 0.879039 0.000000 0.476750 1.000000 1.000000 1.000000
4060.691406 0.000000 2194.498535 0.000000 0.868539 0.000000 0.495621 0.000000 0.000000 0.000000
4317.075684 0.000000 2198.806396 0.000000 0.132915 0.000000 0.991127 0.000000 0.000000 0.000000
4156.880859 0.000000 2339.089111 0.000000 0.202281 0.000000 0.979328 0.000000 0.000000 0.000000
4155.206543 0.000000 2345.840088 0.000000 0.908330 0.000000 0.418253 1.000000 1.000000 1.000000
4151.542480 0.000000 2338.989258 0.000000 0.853216 0.000000 0.521557 1.000000 1.000000 1.000000
4147.409180 0.000000 2341.345703 0.000000 0.685627 0.000000 0.727953 1.000000 1.000000 1.000000
4159.940430 0.000000 2335.308838 0.000000 0.921403 0.000000 0.388609 0.000000 0.000000 0.000000
4153.397461 0.000000 2354.009766 0.000000 0.702236 0.000000 0.711944 1.000000 1.000000 1.000000
4160.205078 0.000000 2338.278076 0.000000 0.817285 0.000000 0.576234 0.000000 0.000000 0.000000
4171.713867 0.000000 2353.862549 0.000000 0.897931 0.000000 0.440135 0.000000 0.000000 0.000000
4171.443359 0.000000 2345.846436 0.000000 0.720039 0.000000 0.693934 1.000000 1.000000 1.000000
4167.173340 0.000000 2345.066162 0.000000 0.934989 0.000000 0.354677 1.000000 1.000000 1.000000
4276.600586 0.000000 2339.073242 0.000000 0.882730 0.000000 0.469881 0.000000 0.000000 0.000000
4268.084473 0.000000 2346.603271 0.000000 0.698569 0.000000 0.715543 0.000000 0.000000 0.000000
4272.015137 0.000000 2343.640869 0.000000 0.452526 0.000000 0.891751 0.000000 0.000000 0.000000
4297.808105 0.000000 2351.564941 0.000000 0.808297 0.000000 0.588775 0.000000 0.000000 0.000000
4306.867188 0.000000 2358.823242 0.000000 0.115038 0.000000 0.993361 1.000000 1.000000 1.000000
4294.113770 0.000000 2354.817871 0.000000 0.297342 0.000000 0.954771 0.000000 0.000000 0.000000
4315.116211 0.000000 2334.334717 0.000000 0.821582 0.000000 0.570091 0.000000 0.000000 0.000000
4298.422852 0.000000 2339.606934 0.000000 0.532109 0.000000 0.846676 0.000000 0.000000 0.000000
4295.290527 0.000000 2350.531738 0.000000 0.148118 0.000000 0.988970 0.000000 0.000000 0.000000
4314.616211 0.000000 2339.941895 0.000000 0.869066 0.000000 0.494696 0.000000 0.000000 0.000000
4308.724609 0.000000 2345.559814 0.000000 0.933531 0.000000 0.358496 1.000000 1.000000 1.000000
4309.175293 0.000000 2351.077393 0.000000 0.204091 0.000000 0.978952 1.000000 1.000000 1.000000
4308.387207 0.000000 2342.656494 0.000000 0.796314 0.000000 0.604883 1.000000 1.000000 1.000000
4295.852051 0.000000 2353.036865 0.000000 0.818810 0.000000 0.574064 1.000000 1.000000 1.000000
5098.157715 0.000000 2564.633057 0.000000 0.889379 0.000000 0.457170 0.000000 0.000000 0.000000
5106.278320 0.000000 2572.505859 0.000000 0.898987 0.000000 0.437976 0.000000 0.000000 0.000000
5116.880859 0.000000 2565.026611 0.000000 0.711621 0.000000 0.702563 0.000000 0.000000 0.000000
5112.270996 0.000000 2562.306641 0.000000 0.601378 0.000000 0.798965 0.000000 0.000000 0.000000
5902.146973 0.000000 1942.322266 0.000000 0.266947 0.000000 0.963711 0.000000 0.000000 0.000000
5897.939941 0.000000 1935.757202 0.000000 0.713158 0.000000 0.701003 1.000000 1.000000 1.000000
5900.424805 0.000000 1938.888550 0.000000 0.427817 0.000000 0.903865 1.000000 1.000000 1.000000
5910.343750 0.000000 1937.860962 0.000000 0.405481 0.000000 0.914104 0.000000 0.000000 0.000000
5921.860352 0.000000 1929.209961 0.000000 0.766810 0.000000 0.641875 1.000000 1.000000 1.000000
5901.243652 0.000000 1927.709839 0.000000 0.629220 0.000000 0.777228 0.000000 0.000000 0.000000
5912.982910 0.000000 1924.342651 0.000000 0.129473 0.000000 0.991583 1.000000 1.000000 1.000000
5890.759766 0.000000 1929.583374 0.000000 0.070278 0.000000 0.997527 1.000000 1.000000 1.000000
5915.921387 0.000000 1936.424438 0.000000 0.838202 0.000000 0.545360 0.000000 0.000000 0.000000
5926.658203 0.000000 1928.689697 0.000000 0.171354 0.000000 0.985209 1.000000 1.000000 1.000000
5892.015137 0.000000 1926.555786 0.000000 0.474757 0.000000 0.880117 1.000000 1.000000 1.000000
5927.590820 0.000000 1924.083862 0.000000 0.374965 0.000000 0.927039 1.000000 1.000000 1.000000
5894.927734 0.000000 1926.816162 0.000000 0.232164 0.000000 0.972677 1.000000 1.000000 1.000000
5919.881836 0.000000 1923.118164 0.000000 0.284550 0.000000 0.958661 1.000000 1.000000 1.000000
6014.112305 0.000000 1964.387451 0.000000 0.929789 0.000000 0.368094 0.000000 0.000000 0.000000
6011.206543 0.000000 1950.449463 0.000000 0.489285 0.000000 0.872124 1.000000 1.000000 1.000000
6020.861816 0.000000 1948.423340 0.000000 0.463234 0.000000 0.886236 0.000000 0.000000 0.000000
6036.194824 0.000000 1966.381592 0.000000 0.861787 0.000000 0.507271 0.000000 0.000000 0.000000
6039.759277 0.000000 1964.594604 0.000000 0.577660 0.000000 0.816277 0.000000 0.000000 0.000000
6020.219238 0.000000 1953.102905 0.000000 0.271640 0.000000 0.962399 0.000000 0.000000 0.000000
6029.152832 0.000000 1965.699829 0.000000 0.385470 0.000000 0.922720 0.000000 0.000000 0.000000
6022.113770 0.000000 1959.427246 0.000000 0.795569 0.000000 0.605863 0.000000 0.000000 0.000000
6018.892090 0.000000 1958.670044 0.000000 0.241073 0.000000 0.970507 1.000000 1.000000 1.000000
6016.956543 0.000000 1961.588623 0.000000 0.459279 0.000000 0.888292 0.000000 0.000000 0.000000
5124.061523 0.000000 2670.975342 0.000000 0.890758 0.000000 0.454478 0.000000 0.000000 0.000000
5874.569336 0.000000 2541.286377 0.000000 0.927005 0.000000 0.375050 0.000000 0.000000 0.000000
5879.010742 0.000000 2540.265381 0.000000 0.359284 0.000000 0.933228 0.000000 0.000000 0.000000
5882.107422 0.000000 2540.512939 0.000000 0.168538 0.000000 0.985695 0.000000 0.000000 0.000000
5858.074219 0.000000 2547.316650 0.000000 0.607359 0.000000 0.794428 0.000000 0.000000 0.000000
5874.317383 0.000000 2544.988037 0.000000 0.773178 0.000000 0.634190 0.000000 0.000000 0.000000
5862.192871 0.000000 2547.503662 0.000000 0.657994 0.000000 0.753023 0.000000 0.000000 0.000000
5868.817383 0.000000 2551.322754 0.000000 0.292469 0.000000 0.956275 0.000000 0.000000 0.000000
5867.550781 0.000000 2548.596680 0.000000 0.605309 0.000000 0.795991 1.000000 1.000000 1.000000
6014.612305 0.000000 2593.437256 0.000000 0.432053 0.000000 0.901848 0.000000 0.000000 0.000000
6037.035156 0.000000 2582.513916 0.000000 0.335130 0.000000 0.942172 0.000000 0.000000 0.000000
6042.548828 0.000000 2583.109863 0.000000 0.462832 0.000000 0.886446 0.000000 0.000000 0.000000
6029.646484 0.000000 2582.543213 0.000000 0.897584 0.000000 0.440844 0.000000 0.000000 0.000000
6026.749023 0.000000 2583.989746 0.000000 0.245336 0.000000 0.969438 0.000000 0.000000 0.000000
6044.116211 0.000000 2597.212402 0.000000 0.626692 0.000000 0.779267 0.000000 0.000000 0.000000
6022.827637 0.000000 2597.795654 0.000000 0.594685 0.000000 0.803959 0.000000 0.000000 0.000000
6035.100098 0.000000 2594.543701 0.000000 0.022292 0.000000 0.999752 1.000000 1.000000 1.000000
6049.210938 0.000000 2591.239746 0.000000 0.114084 0.000000 0.993471 0.000000 0.000000 0.000000
6039.931152 0.000000 2593.514160 0.000000 0.766362 0.000000 0.642409 1.000000 1.000000 1.000000
6033.653320 0.000000 2606.750732 0.000000 0.457044 0.000000 0.889444 0.000000 0.000000 0.000000
6028.424805 0.000000 2616.700928 0.000000 0.304193 0.000000 0.952610 1.000000 1.000000 1.000000
6022.202148 0.000000 2609.793945 0.000000 0.734815 0.000000 0.678267 1.000000 1.000000 1.000000
6035.958008 0.000000 2604.993896 0.000000 0.582405 0.000000 0.812898 1.000000 1.000000 1.000000
6018.759766 0.000000 2607.395752 0.000000 0.930947 0.000000 0.365154 1.000000 1.000000 1.000000
6035.922852 0.000000 2602.080566 0.000000 0.088200 0.000000 0.996103 1.000000 1.000000 1.000000
6035.875488 0.000000 2613.729980 0.000000 0.911874 0.000000 0.410470 0.000000 0.000000 0.000000
6024.000977 0.000000 2602.342529 0.000000 0.891039 0.000000 0.453927 1.000000 1.000000 1.000000
5190.656738 0.000000 2760.067871 0.000000 0.482044 0.000000 0.876147 0.000000 0.000000 0.000000
6038.690430 0.000000 2739.266846 0.000000 0.673024 0.000000 0.739621 0.000000 0.000000 0.000000
6026.422852 0.000000 2734.997559 0.000000 0.887604 0.000000 0.460607 1.000000 1.000000 1.000000
6036.724609 0.000000 2740.950439 0.000000 0.132556 0.000000 0.991176 0.000000 0.000000 0.000000
6023.324707 0.000000 2737.860107 0.000000 0.377414 0.000000 0.926045 1.000000 1.000000 1.000000
6090.749023 0.000000 2753.442871 0.000000 0.620323 0.000000 0.784347 0.000000 0.000000 0.000000
6264.634766 0.000000 2634.069824 0.000000 0.363955 0.000000 0.931417 0.000000 0.000000 0.000000
6261.811523 0.000000 2639.580322 0.000000 0.529684 0.000000 0.848195 0.000000 0.000000 0.000000
6267.742676 0.000000 2635.958252 0.000000 0.860705 0.000000 0.509104 0.000000 0.000000 0.000000
6263.033203 0.000000 2636.729248 0.000000 0.596753 0.000000 0.802425 0.000000 0.000000 0.000000
6263.879395 0.000000 2641.476074 0.000000 0.513628 0.000000 0.858013 1.000000 1.000000 1.000000
6271.291016 0.000000 2655.170654 0.000000 0.386042 0.000000 0.922481 0.000000 0.000000 0.000000
"}
object={
	name="arabic_dynamic_mining_objects_generator_1_1"
	clamp_to_water_level=no
	render_under_water=no
	generated_content=yes
	layer="mines_dynamic"
	pdxmesh="generic_rural_mining_coaldepo_02_mesh"
	count=90
	transform="4064.693359 0.000000 2198.394531 0.000000 0.891285 0.000000 -0.453443 1.000000 1.000000 1.000000
4082.616699 0.000000 2192.459473 0.000000 0.992569 0.000000 -0.121686 0.000000 0.000000 0.000000
4087.879395 0.000000 2189.601074 0.000000 0.968332 0.000000 -0.249666 0.000000 0.000000 0.000000
4074.622314 0.000000 2200.431396 0.000000 0.997193 0.000000 -0.074872 1.000000 1.000000 1.000000
4079.560791 0.000000 2189.169922 0.000000 0.998761 0.000000 0.049763 1.000000 1.000000 1.000000
3970.164551 0.000000 2335.230957 0.000000 0.993989 0.000000 0.109481 0.000000 0.000000 0.000000
4314.771973 0.000000 2196.316650 0.000000 0.935976 0.000000 -0.352063 0.000000 0.000000 0.000000
4320.693359 0.000000 2198.394531 0.000000 0.877216 0.000000 -0.480095 0.000000 0.000000 0.000000
4316.116211 0.000000 2201.821777 0.000000 0.999980 0.000000 -0.006337 0.000000 0.000000 0.000000
4158.127441 0.000000 2333.299316 0.000000 0.949191 0.000000 0.314700 0.000000 0.000000 0.000000
4144.446289 0.000000 2326.690186 0.000000 0.998778 0.000000 0.049422 0.000000 0.000000 0.000000
4150.496094 0.000000 2345.168213 0.000000 0.967399 0.000000 0.253258 0.000000 0.000000 0.000000
4151.033203 0.000000 2354.307373 0.000000 0.999980 0.000000 0.006279 0.000000 0.000000 0.000000
4146.335449 0.000000 2336.752441 0.000000 0.946844 0.000000 0.321694 0.000000 0.000000 0.000000
4144.015137 0.000000 2343.640869 0.000000 0.984780 0.000000 0.173808 0.000000 0.000000 0.000000
4149.610352 0.000000 2351.352295 0.000000 0.999992 0.000000 0.004072 1.000000 1.000000 1.000000
4155.279297 0.000000 2341.060791 0.000000 0.828969 0.000000 -0.559294 1.000000 1.000000 1.000000
4142.630859 0.000000 2339.635986 0.000000 0.999623 0.000000 0.027465 0.000000 0.000000 0.000000
4151.370605 0.000000 2349.514893 0.000000 0.997371 0.000000 0.072465 0.000000 0.000000 0.000000
4159.545410 0.000000 2347.818359 0.000000 0.965658 0.000000 0.259815 1.000000 1.000000 1.000000
4156.546387 0.000000 2343.799072 0.000000 0.983781 0.000000 0.179376 1.000000 1.000000 1.000000
4160.522461 0.000000 2331.561523 0.000000 0.996018 0.000000 0.089150 0.000000 0.000000 0.000000
4176.310547 0.000000 2340.654053 0.000000 0.992744 0.000000 -0.120244 0.000000 0.000000 0.000000
4163.167969 0.000000 2359.812012 0.000000 0.979131 0.000000 0.203228 0.000000 0.000000 0.000000
4167.290527 0.000000 2350.531738 0.000000 0.972736 0.000000 -0.231914 1.000000 1.000000 1.000000
4162.786133 0.000000 2350.760010 0.000000 0.912620 0.000000 -0.408810 1.000000 1.000000 1.000000
4286.018555 0.000000 2341.754395 0.000000 0.943477 0.000000 0.331439 0.000000 0.000000 0.000000
4268.877441 0.000000 2349.646240 0.000000 0.998027 0.000000 -0.062786 0.000000 0.000000 0.000000
4280.270996 0.000000 2336.369141 0.000000 0.999926 0.000000 0.012200 0.000000 0.000000 0.000000
4293.002930 0.000000 2351.987305 0.000000 0.992754 0.000000 0.120163 0.000000 0.000000 0.000000
4305.116211 0.000000 2363.106934 0.000000 0.997187 0.000000 0.074955 0.000000 0.000000 0.000000
4290.892090 0.000000 2354.060547 0.000000 0.986399 0.000000 -0.164369 0.000000 0.000000 0.000000
4307.150879 0.000000 2349.620850 0.000000 0.970781 0.000000 0.239966 1.000000 1.000000 1.000000
5102.165527 0.000000 2559.339111 0.000000 0.989973 0.000000 0.141254 0.000000 0.000000 0.000000
5106.335449 0.000000 2562.689941 0.000000 0.999986 0.000000 0.005296 1.000000 1.000000 1.000000
5104.015137 0.000000 2569.578369 0.000000 0.992485 0.000000 -0.122363 1.000000 1.000000 1.000000
5111.542480 0.000000 2564.926758 0.000000 0.966159 0.000000 -0.257948 1.000000 1.000000 1.000000
5100.193359 0.000000 2562.741455 0.000000 0.985468 0.000000 -0.169863 1.000000 1.000000 1.000000
5102.630859 0.000000 2565.573486 0.000000 0.999761 0.000000 0.021869 1.000000 1.000000 1.000000
5916.116211 0.000000 1919.400024 0.000000 0.974076 0.000000 -0.226220 0.000000 0.000000 0.000000
5913.164062 0.000000 1919.843750 0.000000 0.999573 0.000000 -0.029218 1.000000 1.000000 1.000000
5929.396484 0.000000 1934.227661 0.000000 0.980323 0.000000 -0.197400 0.000000 0.000000 0.000000
5933.457031 0.000000 1924.682251 0.000000 0.832474 0.000000 -0.554065 0.000000 0.000000 0.000000
5917.587891 0.000000 1940.136475 0.000000 0.913803 0.000000 -0.406158 0.000000 0.000000 0.000000
5912.357910 0.000000 1928.979736 0.000000 0.987223 0.000000 -0.159343 0.000000 0.000000 0.000000
5900.396484 0.000000 1932.976562 0.000000 0.926548 0.000000 -0.376177 1.000000 1.000000 1.000000
5927.443848 0.000000 1931.758179 0.000000 0.905419 0.000000 -0.424519 1.000000 1.000000 1.000000
5890.492188 0.000000 1924.058350 0.000000 0.994533 0.000000 0.104420 0.000000 0.000000 0.000000
5896.260254 0.000000 1929.474365 0.000000 0.934524 0.000000 -0.355899 1.000000 1.000000 1.000000
5898.448242 0.000000 1924.073730 0.000000 0.997502 0.000000 0.070642 0.000000 0.000000 0.000000
5904.764160 0.000000 1936.420776 0.000000 0.992000 0.000000 0.126238 0.000000 0.000000 0.000000
5924.294922 0.000000 1924.125488 0.000000 0.950001 0.000000 -0.312247 1.000000 1.000000 1.000000
5924.193359 0.000000 1927.927734 0.000000 0.970050 0.000000 -0.242907 1.000000 1.000000 1.000000
5907.922852 0.000000 1924.268188 0.000000 0.907959 0.000000 -0.419059 1.000000 1.000000 1.000000
6003.521484 0.000000 1948.477661 0.000000 0.962219 0.000000 0.272278 0.000000 0.000000 0.000000
6012.718750 0.000000 1961.700195 0.000000 0.997560 0.000000 -0.069818 1.000000 1.000000 1.000000
6010.988770 0.000000 1954.102783 0.000000 0.963681 0.000000 0.267056 1.000000 1.000000 1.000000
6007.370605 0.000000 1954.124146 0.000000 0.964992 0.000000 -0.262280 0.000000 0.000000 0.000000
6015.545410 0.000000 1952.427856 0.000000 0.990319 0.000000 -0.138808 0.000000 0.000000 0.000000
6025.808105 0.000000 1956.174316 0.000000 0.995823 0.000000 -0.091308 0.000000 0.000000 0.000000
6038.697754 0.000000 1966.987427 0.000000 0.974546 0.000000 0.224187 0.000000 0.000000 0.000000
5125.963867 0.000000 2562.495850 0.000000 0.935366 0.000000 0.353682 1.000000 1.000000 1.000000
5871.844727 0.000000 2548.907227 0.000000 0.999828 0.000000 -0.018542 0.000000 0.000000 0.000000
5876.340820 0.000000 2542.133057 0.000000 0.945809 0.000000 0.324723 0.000000 0.000000 0.000000
5876.969238 0.000000 2546.154785 0.000000 0.998348 0.000000 0.057464 1.000000 1.000000 1.000000
5880.373535 0.000000 2541.935303 0.000000 0.999644 0.000000 -0.026672 1.000000 1.000000 1.000000
6019.856934 0.000000 2591.868896 0.000000 0.894192 0.000000 -0.447685 0.000000 0.000000 0.000000
6025.889160 0.000000 2597.062012 0.000000 0.990448 0.000000 0.137888 0.000000 0.000000 0.000000
6052.176270 0.000000 2585.816406 0.000000 0.997150 0.000000 0.075442 0.000000 0.000000 0.000000
6045.565918 0.000000 2585.095703 0.000000 0.957433 0.000000 -0.288657 0.000000 0.000000 0.000000
6033.116211 0.000000 2589.044434 0.000000 0.960523 0.000000 -0.278200 0.000000 0.000000 0.000000
6045.075684 0.000000 2594.197021 0.000000 0.990995 0.000000 0.133899 1.000000 1.000000 1.000000
6029.152832 0.000000 2587.027832 0.000000 0.999424 0.000000 0.033940 1.000000 1.000000 1.000000
6041.164062 0.000000 2597.656250 0.000000 0.823654 0.000000 -0.567092 1.000000 1.000000 1.000000
6019.898438 0.000000 2594.553467 0.000000 0.927584 0.000000 -0.373615 0.000000 0.000000 0.000000
6036.862305 0.000000 2590.463867 0.000000 0.911456 0.000000 -0.411397 1.000000 1.000000 1.000000
6038.697754 0.000000 2588.315430 0.000000 0.941506 0.000000 0.336997 0.000000 0.000000 0.000000
6024.260254 0.000000 2607.286865 0.000000 0.976932 0.000000 -0.213550 1.000000 1.000000 1.000000
6032.764160 0.000000 2614.233154 0.000000 0.902018 0.000000 -0.431699 1.000000 1.000000 1.000000
6022.297363 0.000000 2599.629395 0.000000 0.976014 0.000000 -0.217706 1.000000 1.000000 1.000000
6020.015137 0.000000 2604.368408 0.000000 0.983561 0.000000 -0.180575 1.000000 1.000000 1.000000
6027.443359 0.000000 2741.237061 0.000000 0.962276 0.000000 -0.272076 0.000000 0.000000 0.000000
6021.178223 0.000000 2736.620117 0.000000 0.885202 0.000000 -0.465206 0.000000 0.000000 0.000000
6032.434082 0.000000 2741.311279 0.000000 0.990080 0.000000 -0.140506 0.000000 0.000000 0.000000
6032.003418 0.000000 2738.552734 0.000000 0.968574 0.000000 0.248727 1.000000 1.000000 1.000000
6098.853027 0.000000 2747.857422 0.000000 0.992655 0.000000 -0.120978 0.000000 0.000000 0.000000
6096.913574 0.000000 2743.820068 0.000000 0.999872 0.000000 0.015996 0.000000 0.000000 0.000000
6268.365723 0.000000 2657.493408 0.000000 0.980167 0.000000 -0.198174 1.000000 1.000000 1.000000
6260.340820 0.000000 2655.101807 0.000000 0.850561 0.000000 -0.525876 0.000000 0.000000 0.000000
6277.568848 0.000000 2658.783447 0.000000 0.995226 0.000000 -0.097595 0.000000 0.000000 0.000000
"}
object={
	name="arabic_dynamic_mining_objects_generator_1_2"
	clamp_to_water_level=no
	render_under_water=no
	generated_content=yes
	layer="mines_dynamic"
	pdxmesh="generic_rural_mining_pile_01_mesh"
	count=16
	transform="4070.885986 0.000000 2190.567871 0.000000 0.720578 0.000000 -0.693373 0.000000 0.000000 0.000000
4150.469238 0.000000 2326.013428 0.000000 0.821794 0.000000 -0.569784 0.000000 0.000000 0.000000
4162.892090 0.000000 2354.060547 0.000000 0.663376 0.000000 -0.748286 0.000000 0.000000 0.000000
4292.219238 0.000000 2348.493408 0.000000 0.674985 0.000000 -0.737831 0.000000 0.000000 0.000000
4309.389160 0.000000 2359.085205 0.000000 0.768424 0.000000 -0.639941 1.000000 1.000000 1.000000
4304.434082 0.000000 2345.920654 0.000000 0.770291 0.000000 -0.637692 1.000000 1.000000 1.000000
4304.003418 0.000000 2343.162109 0.000000 0.715456 0.000000 -0.698657 1.000000 1.000000 1.000000
5107.409180 0.000000 2567.283203 0.000000 0.672241 0.000000 -0.740332 1.000000 1.000000 1.000000
5895.674805 0.000000 1944.414795 0.000000 0.790132 0.000000 -0.612936 0.000000 0.000000 0.000000
5931.550781 0.000000 1927.268555 0.000000 0.692349 0.000000 -0.721562 0.000000 0.000000 0.000000
5917.269531 0.000000 1922.628174 0.000000 0.794916 0.000000 -0.606720 1.000000 1.000000 1.000000
5878.117188 0.000000 2548.818359 0.000000 0.665580 0.000000 -0.746326 0.000000 0.000000 0.000000
5881.786621 0.000000 2546.321777 0.000000 0.664778 0.000000 -0.747041 0.000000 0.000000 0.000000
6039.871582 0.000000 2581.277832 0.000000 0.774102 0.000000 -0.633061 0.000000 0.000000 0.000000
6046.662598 0.000000 2587.987305 0.000000 0.806805 0.000000 -0.590817 0.000000 0.000000 0.000000
6039.828125 0.000000 2735.426758 0.000000 0.788145 0.000000 -0.615489 0.000000 0.000000 0.000000
"}
object={
	name="arabic_dynamic_mining_objects_generator_1_3"
	clamp_to_water_level=no
	render_under_water=no
	generated_content=yes
	layer="mines_dynamic"
	pdxmesh="generic_rural_mining_pile_02_mesh"
	count=21
	transform="4070.720947 0.000000 2193.140869 0.000000 0.609300 0.000000 -0.792940 0.000000 0.000000 0.000000
4073.927490 0.000000 2191.139404 0.000000 0.534278 0.000000 -0.845309 0.000000 0.000000 0.000000
4074.699707 0.000000 2186.785156 0.000000 0.629993 0.000000 -0.776601 0.000000 0.000000 0.000000
4068.101074 0.000000 2194.267578 0.000000 0.471315 0.000000 -0.881965 0.000000 0.000000 0.000000
4150.928223 0.000000 2332.744385 0.000000 0.489431 0.000000 -0.872042 0.000000 0.000000 0.000000
4271.365234 0.000000 2346.663086 0.000000 0.564039 0.000000 -0.825748 0.000000 0.000000 0.000000
4311.871582 0.000000 2355.340332 0.000000 0.604961 0.000000 -0.796255 0.000000 0.000000 0.000000
4310.343750 0.000000 2333.251709 0.000000 0.645734 0.000000 -0.763562 0.000000 0.000000 0.000000
5915.116211 0.000000 1938.943970 0.000000 0.650673 0.000000 -0.759358 0.000000 0.000000 0.000000
5894.202148 0.000000 1931.981567 0.000000 0.594769 0.000000 -0.803897 1.000000 1.000000 1.000000
5888.974121 0.000000 1933.176514 0.000000 0.606566 0.000000 -0.795033 1.000000 1.000000 1.000000
6014.888184 0.000000 1957.093750 0.000000 0.588683 0.000000 -0.808364 1.000000 1.000000 1.000000
6033.116211 0.000000 1967.716309 0.000000 0.565668 0.000000 -0.824633 0.000000 0.000000 0.000000
5869.457031 0.000000 2546.010498 0.000000 0.580756 0.000000 -0.814078 0.000000 0.000000 0.000000
6020.256348 0.000000 2597.312500 0.000000 0.584788 0.000000 -0.811186 0.000000 0.000000 0.000000
6018.492188 0.000000 2601.870850 0.000000 0.613137 0.000000 -0.789977 0.000000 0.000000 0.000000
6029.243652 0.000000 2605.522461 0.000000 0.662817 0.000000 -0.748782 1.000000 1.000000 1.000000
6026.448242 0.000000 2601.886230 0.000000 0.518762 0.000000 -0.854919 1.000000 1.000000 1.000000
6040.982910 0.000000 2602.155029 0.000000 0.572762 0.000000 -0.819722 0.000000 0.000000 0.000000
6093.646484 0.000000 2751.996338 0.000000 0.489969 0.000000 -0.871740 0.000000 0.000000 0.000000
6269.524414 0.000000 2660.279053 0.000000 0.495347 0.000000 -0.868695 0.000000 0.000000 0.000000
"}
object={
	name="arabic_dynamic_mining_objects_generator_1_4"
	clamp_to_water_level=no
	render_under_water=no
	generated_content=yes
	layer="mines_dynamic"
	pdxmesh="generic_rural_mining_entrance_01_mesh"
	count=22
	transform="4083.473145 0.000000 2186.784180 0.000000 0.285789 0.000000 -0.958292 1.000000 1.000000 1.000000
4068.142334 0.000000 2202.985840 0.000000 0.413449 0.000000 -0.910527 1.000000 1.000000 1.000000
4159.419434 0.000000 2337.731445 0.000000 0.418174 0.000000 -0.908367 0.000000 0.000000 0.000000
4156.718750 0.000000 2357.090820 0.000000 0.380087 0.000000 -0.924951 1.000000 1.000000 1.000000
4154.988770 0.000000 2349.493408 0.000000 0.291604 0.000000 -0.956539 0.000000 0.000000 0.000000
4300.424805 0.000000 2334.279053 0.000000 0.407645 0.000000 -0.913141 0.000000 0.000000 0.000000
4308.862305 0.000000 2364.526367 0.000000 0.420595 0.000000 -0.907248 0.000000 0.000000 0.000000
4311.654785 0.000000 2349.514893 0.000000 0.356773 0.000000 -0.934191 1.000000 1.000000 1.000000
5102.917969 0.000000 2563.111572 0.000000 0.453297 0.000000 -0.891360 0.000000 0.000000 0.000000
5115.206543 0.000000 2571.777588 0.000000 0.367263 0.000000 -0.930117 0.000000 0.000000 0.000000
5923.895020 0.000000 1932.982422 0.000000 0.243357 0.000000 -0.969937 1.000000 1.000000 1.000000
5893.178223 0.000000 1945.838745 0.000000 0.420937 0.000000 -0.907090 0.000000 0.000000 0.000000
6007.033203 0.000000 1958.916626 0.000000 0.460048 0.000000 -0.887894 0.000000 0.000000 0.000000
6023.693359 0.000000 1952.301270 0.000000 0.380974 0.000000 -0.924586 0.000000 0.000000 0.000000
6017.602051 0.000000 1950.842041 0.000000 0.256486 0.000000 -0.966548 0.000000 0.000000 0.000000
6043.221680 0.000000 2587.825439 0.000000 0.450979 0.000000 -0.892534 0.000000 0.000000 0.000000
6048.693359 0.000000 2593.785156 0.000000 0.396997 0.000000 -0.917820 0.000000 0.000000 0.000000
6037.436035 0.000000 2593.094727 0.000000 0.249959 0.000000 -0.968257 1.000000 1.000000 1.000000
6030.716309 0.000000 2608.014893 0.000000 0.354378 0.000000 -0.935102 0.000000 0.000000 0.000000
6028.406250 0.000000 2599.229492 0.000000 0.366998 0.000000 -0.930222 0.000000 0.000000 0.000000
6022.927734 0.000000 2604.628662 0.000000 0.401340 0.000000 -0.915929 1.000000 1.000000 1.000000
6260.969238 0.000000 2659.123535 0.000000 0.407406 0.000000 -0.913247 0.000000 0.000000 0.000000
"}
object={
	name="arabic_dynamic_mining_objects_generator_1_5"
	clamp_to_water_level=no
	render_under_water=no
	generated_content=yes
	layer="mines_dynamic"
	pdxmesh="generic_rural_mining_entrance_02_mesh"
	count=19
	transform="4070.643555 0.000000 2198.108398 0.000000 0.104398 0.000000 -0.994536 1.000000 1.000000 1.000000
4070.352295 0.000000 2195.594727 0.000000 0.150322 0.000000 -0.988637 0.000000 0.000000 0.000000
4138.157715 0.000000 2338.695557 0.000000 0.020580 0.000000 -0.999788 0.000000 0.000000 0.000000
4152.270996 0.000000 2336.369141 0.000000 0.206793 0.000000 -0.978385 1.000000 1.000000 1.000000
4140.193359 0.000000 2336.803955 0.000000 0.153444 0.000000 -0.988157 0.000000 0.000000 0.000000
4158.888184 0.000000 2352.484375 0.000000 0.074498 0.000000 -0.997221 1.000000 1.000000 1.000000
4166.113770 0.000000 2354.817871 0.000000 0.007754 0.000000 -0.999970 0.000000 0.000000 0.000000
4309.228027 0.000000 2353.764404 0.000000 0.166813 0.000000 -0.985988 1.000000 1.000000 1.000000
5098.581543 0.000000 2560.601807 0.000000 0.108592 0.000000 -0.994086 0.000000 0.000000 0.000000
5115.279297 0.000000 2566.998291 0.000000 0.231131 0.000000 -0.972923 1.000000 1.000000 1.000000
5116.546387 0.000000 2569.736572 0.000000 0.008150 0.000000 -0.999967 1.000000 1.000000 1.000000
5914.002441 0.000000 1934.504150 0.000000 0.215235 0.000000 -0.976562 1.000000 1.000000 1.000000
6009.397461 0.000000 1958.619019 0.000000 0.108037 0.000000 -0.994147 1.000000 1.000000 1.000000
5882.875000 0.000000 2541.951416 0.000000 0.019885 0.000000 -0.999802 0.000000 0.000000 0.000000
6016.226074 0.000000 2593.113770 0.000000 0.172814 0.000000 -0.984955 0.000000 0.000000 0.000000
6025.939941 0.000000 2613.569580 0.000000 0.214512 0.000000 -0.976721 1.000000 1.000000 1.000000
6031.844238 0.000000 2601.408447 0.000000 0.007242 0.000000 -0.999974 1.000000 1.000000 1.000000
6261.008789 0.000000 2642.503174 0.000000 0.125646 0.000000 -0.992075 0.000000 0.000000 0.000000
6271.835938 0.000000 2659.249756 0.000000 0.114979 0.000000 -0.993368 1.000000 1.000000 1.000000
"}
