object={
	name="asian_dynamic_farmland_objects_generator_1_0"
	clamp_to_water_level=no
	render_under_water=no
	generated_content=yes
	layer="farms_dynamic"
	pdxmesh="asian_province_subfarm_01_mesh"
	count=55
	transform="6636.662598 0.000000 1519.173950 0.000000 0.474459 0.000000 0.880278 0.000000 0.000000 0.000000
6645.860840 0.000000 1516.660156 0.000000 0.896684 0.000000 0.442672 1.000000 1.000000 1.000000
6606.604980 0.000000 1516.170776 0.000000 0.779441 0.000000 0.626476 1.000000 1.000000 1.000000
6502.230957 0.000000 1789.544678 0.000000 0.891539 0.000000 0.452944 0.000000 0.000000 0.000000
6515.456055 0.000000 1801.303833 0.000000 0.099875 0.000000 0.995000 0.000000 0.000000 0.000000
6496.032227 0.000000 1787.953491 0.000000 0.810069 0.000000 0.586334 0.000000 0.000000 0.000000
6505.260742 0.000000 1795.237793 0.000000 0.840397 0.000000 0.541972 0.000000 0.000000 0.000000
6501.098633 0.000000 1793.886597 0.000000 0.223106 0.000000 0.974794 0.000000 0.000000 0.000000
6464.163086 0.000000 1785.762207 0.000000 0.264770 0.000000 0.964312 0.000000 0.000000 0.000000
6512.647949 0.000000 1791.491333 0.000000 0.425933 0.000000 0.904755 1.000000 1.000000 1.000000
6517.860840 0.000000 1799.082031 0.000000 0.053168 0.000000 0.998586 1.000000 1.000000 1.000000
6698.009766 0.000000 1523.530396 0.000000 0.198405 0.000000 0.980120 0.000000 0.000000 0.000000
6697.322754 0.000000 1516.869385 0.000000 0.238379 0.000000 0.971172 0.000000 0.000000 0.000000
6727.979980 0.000000 1510.729004 0.000000 0.743363 0.000000 0.668889 0.000000 0.000000 0.000000
6768.023926 0.000000 1521.128784 0.000000 0.609428 0.000000 0.792841 0.000000 0.000000 0.000000
6767.868652 0.000000 1517.004761 0.000000 0.353440 0.000000 0.935457 0.000000 0.000000 0.000000
6764.412598 0.000000 1510.867432 0.000000 0.973163 0.000000 0.230118 1.000000 1.000000 1.000000
6771.402344 0.000000 1522.561035 0.000000 0.759694 0.000000 0.650280 0.000000 0.000000 0.000000
6720.009766 0.000000 1510.786255 0.000000 0.474077 0.000000 0.880483 1.000000 1.000000 1.000000
6726.057129 0.000000 1513.531494 0.000000 0.664939 0.000000 0.746898 1.000000 1.000000 1.000000
6768.746582 0.000000 1528.315796 0.000000 0.970472 0.000000 0.241214 1.000000 1.000000 1.000000
6926.604980 0.000000 1685.623901 0.000000 0.057684 0.000000 0.998335 1.000000 1.000000 1.000000
7410.798340 0.000000 1335.821777 0.000000 0.607341 0.000000 0.794441 1.000000 1.000000 1.000000
7474.789551 0.000000 1311.227905 0.000000 0.848271 0.000000 0.529563 1.000000 1.000000 1.000000
7445.668945 0.000000 1308.929565 0.000000 0.928560 0.000000 0.371183 0.000000 0.000000 0.000000
7424.163086 0.000000 1333.887207 0.000000 0.132946 0.000000 0.991123 0.000000 0.000000 0.000000
7428.755371 0.000000 1327.013306 0.000000 0.879567 0.000000 0.475776 1.000000 1.000000 1.000000
7471.145508 0.000000 1317.288452 0.000000 0.926328 0.000000 0.376717 0.000000 0.000000 0.000000
7449.661133 0.000000 1302.206787 0.000000 0.262527 0.000000 0.964925 1.000000 1.000000 1.000000
7468.352051 0.000000 1316.401733 0.000000 0.772374 0.000000 0.635167 1.000000 1.000000 1.000000
7444.569336 0.000000 1361.011475 0.000000 0.664655 0.000000 0.747151 1.000000 1.000000 1.000000
7441.664551 0.000000 1362.281006 0.000000 0.498219 0.000000 0.867051 1.000000 1.000000 1.000000
5917.020508 0.000000 2272.205322 0.000000 0.986544 0.000000 0.163495 0.000000 0.000000 0.000000
6135.531250 0.000000 2269.978760 0.000000 0.949623 0.000000 0.313394 0.000000 0.000000 0.000000
6255.722656 0.000000 1908.304077 0.000000 0.867508 0.000000 0.497423 0.000000 0.000000 0.000000
6273.318848 0.000000 1902.872803 0.000000 0.039098 0.000000 0.999235 0.000000 0.000000 0.000000
6275.505371 0.000000 1907.410522 0.000000 0.179654 0.000000 0.983730 1.000000 1.000000 1.000000
6327.060547 0.000000 1905.584106 0.000000 0.703853 0.000000 0.710345 0.000000 0.000000 0.000000
6313.656250 0.000000 1904.094116 0.000000 0.373576 0.000000 0.927600 1.000000 1.000000 1.000000
6284.083496 0.000000 1909.498291 0.000000 0.772940 0.000000 0.634479 1.000000 1.000000 1.000000
6372.620605 0.000000 1910.692871 0.000000 0.517913 0.000000 0.855433 0.000000 0.000000 0.000000
6342.057129 0.000000 1908.922119 0.000000 0.838010 0.000000 0.545654 1.000000 1.000000 1.000000
6353.360840 0.000000 1910.144775 0.000000 0.329357 0.000000 0.944205 1.000000 1.000000 1.000000
6425.916992 0.000000 1908.750610 0.000000 0.476725 0.000000 0.879052 0.000000 0.000000 0.000000
6525.248047 0.000000 1909.986450 0.000000 0.980071 0.000000 0.198646 0.000000 0.000000 0.000000
6476.457520 0.000000 1915.760254 0.000000 0.086265 0.000000 0.996272 0.000000 0.000000 0.000000
6903.638184 0.000000 1823.243408 0.000000 0.253366 0.000000 0.967371 1.000000 1.000000 1.000000
6909.292480 0.000000 1820.058960 0.000000 0.336531 0.000000 0.941672 0.000000 0.000000 0.000000
6882.015137 0.000000 1827.995483 0.000000 0.464649 0.000000 0.885495 1.000000 1.000000 1.000000
6884.759766 0.000000 1828.876221 0.000000 0.584489 0.000000 0.811402 0.000000 0.000000 0.000000
6914.356934 0.000000 1812.398193 0.000000 0.078952 0.000000 0.996878 0.000000 0.000000 0.000000
7153.519043 0.000000 2322.188965 0.000000 0.040389 0.000000 0.999184 0.000000 0.000000 0.000000
7183.197266 0.000000 2327.492188 0.000000 0.896631 0.000000 0.442778 1.000000 1.000000 1.000000
7152.580566 0.000000 2911.143799 0.000000 0.943243 0.000000 0.332104 0.000000 0.000000 0.000000
7145.967773 0.000000 2910.520996 0.000000 0.829334 0.000000 0.558754 1.000000 1.000000 1.000000
"}
object={
	name="asian_dynamic_farmland_objects_generator_1_1"
	clamp_to_water_level=no
	render_under_water=no
	generated_content=yes
	layer="farms_dynamic"
	pdxmesh="asian_province_subfarm_02_mesh"
	count=64
	transform="6643.456055 0.000000 1518.881958 0.000000 0.733780 0.000000 -0.679387 0.000000 0.000000 0.000000
6630.346680 0.000000 1522.851440 0.000000 0.844627 0.000000 -0.535355 0.000000 0.000000 0.000000
6458.631836 0.000000 1786.152100 0.000000 0.999395 0.000000 0.034778 1.000000 1.000000 1.000000
6479.130859 0.000000 1790.387451 0.000000 0.694811 0.000000 -0.719193 0.000000 0.000000 0.000000
6511.722656 0.000000 1795.335327 0.000000 0.999795 0.000000 0.020270 1.000000 1.000000 1.000000
6485.208496 0.000000 1790.894897 0.000000 0.799896 0.000000 -0.600139 1.000000 1.000000 1.000000
6508.412598 0.000000 1793.289307 0.000000 0.855257 0.000000 -0.518204 0.000000 0.000000 0.000000
6505.204590 0.000000 1787.577026 0.000000 0.434177 0.000000 -0.900827 1.000000 1.000000 1.000000
6505.656250 0.000000 1791.125366 0.000000 0.997405 0.000000 -0.071992 1.000000 1.000000 1.000000
6515.634277 0.000000 1793.743530 0.000000 0.305050 0.000000 -0.952336 0.000000 0.000000 0.000000
6580.365234 0.000000 1790.281860 0.000000 0.890477 0.000000 -0.455029 0.000000 0.000000 0.000000
6701.386719 0.000000 1523.300781 0.000000 0.718852 0.000000 -0.695163 0.000000 0.000000 0.000000
6696.832520 0.000000 1528.579224 0.000000 0.782494 0.000000 -0.622658 0.000000 0.000000 0.000000
6701.943359 0.000000 1527.433105 0.000000 0.986405 0.000000 -0.164330 0.000000 0.000000 0.000000
6762.835938 0.000000 1531.084351 0.000000 0.805470 0.000000 -0.592637 0.000000 0.000000 0.000000
6906.368164 0.000000 1689.972778 0.000000 0.974961 0.000000 -0.222375 0.000000 0.000000 0.000000
6916.458496 0.000000 1692.512817 0.000000 0.623822 0.000000 -0.781566 0.000000 0.000000 0.000000
6928.971680 0.000000 1687.223877 0.000000 0.566879 0.000000 -0.823801 0.000000 0.000000 0.000000
6926.875488 0.000000 1682.808960 0.000000 0.572123 0.000000 -0.820167 0.000000 0.000000 0.000000
7413.013672 0.000000 1333.786987 0.000000 0.437841 0.000000 -0.899053 0.000000 0.000000 0.000000
7468.083496 0.000000 1319.201660 0.000000 0.815656 0.000000 -0.578538 1.000000 1.000000 1.000000
7462.889160 0.000000 1322.580200 0.000000 0.410655 0.000000 -0.911791 0.000000 0.000000 0.000000
7442.190430 0.000000 1308.662842 0.000000 0.948657 0.000000 -0.316307 1.000000 1.000000 1.000000
7476.014648 0.000000 1307.983887 0.000000 0.965267 0.000000 -0.261264 0.000000 0.000000 0.000000
7434.072266 0.000000 1355.312622 0.000000 0.996333 0.000000 -0.085559 0.000000 0.000000 0.000000
7437.099609 0.000000 1318.917236 0.000000 0.981364 0.000000 -0.192156 1.000000 1.000000 1.000000
7440.939453 0.000000 1315.069336 0.000000 0.985270 0.000000 -0.171005 1.000000 1.000000 1.000000
7389.020508 0.000000 1368.455322 0.000000 0.963389 0.000000 -0.268106 0.000000 0.000000 0.000000
7395.104004 0.000000 1364.167114 0.000000 0.997068 0.000000 -0.076523 0.000000 0.000000 0.000000
7424.514160 0.000000 1371.705811 0.000000 0.999810 0.000000 -0.019514 0.000000 0.000000 0.000000
7439.831543 0.000000 1359.796875 0.000000 0.776294 0.000000 -0.630371 1.000000 1.000000 1.000000
7435.486816 0.000000 1364.184570 0.000000 0.937471 0.000000 -0.348063 1.000000 1.000000 1.000000
7433.084961 0.000000 1366.442871 0.000000 0.999897 0.000000 -0.014365 1.000000 1.000000 1.000000
7633.260254 0.000000 1382.082153 0.000000 0.543175 0.000000 -0.839620 0.000000 0.000000 0.000000
5942.173828 0.000000 2265.559326 0.000000 0.779575 0.000000 -0.626310 1.000000 1.000000 1.000000
5946.385254 0.000000 2261.967041 0.000000 0.973808 0.000000 -0.227370 0.000000 0.000000 0.000000
6270.419434 0.000000 1906.131714 0.000000 0.799796 0.000000 -0.600271 0.000000 0.000000 0.000000
6298.979980 0.000000 1905.817139 0.000000 0.937370 0.000000 -0.348334 1.000000 1.000000 1.000000
6297.916992 0.000000 1908.750610 0.000000 0.822251 0.000000 -0.569125 1.000000 1.000000 1.000000
6278.057129 0.000000 1908.922119 0.000000 0.999345 0.000000 0.036174 1.000000 1.000000 1.000000
6289.360840 0.000000 1910.144775 0.000000 0.996154 0.000000 0.087615 1.000000 1.000000 1.000000
6295.191895 0.000000 1909.875000 0.000000 0.481379 0.000000 -0.876513 1.000000 1.000000 1.000000
6286.604980 0.000000 1911.561401 0.000000 0.657376 0.000000 -0.753563 1.000000 1.000000 1.000000
6279.213379 0.000000 1902.184448 0.000000 0.985268 0.000000 -0.171015 1.000000 1.000000 1.000000
6361.916992 0.000000 1908.750610 0.000000 0.997855 0.000000 0.065464 1.000000 1.000000 1.000000
6359.191895 0.000000 1909.875000 0.000000 0.999935 0.000000 0.011368 1.000000 1.000000 1.000000
6350.604980 0.000000 1911.561401 0.000000 0.995101 0.000000 0.098862 1.000000 1.000000 1.000000
6406.057129 0.000000 1908.922119 0.000000 0.809175 0.000000 -0.587568 1.000000 1.000000 1.000000
6489.621582 0.000000 1911.859253 0.000000 0.606445 0.000000 -0.795125 0.000000 0.000000 0.000000
6480.971680 0.000000 1913.161377 0.000000 0.992497 0.000000 0.122272 1.000000 1.000000 1.000000
6906.807129 0.000000 1814.154541 0.000000 0.946485 0.000000 -0.322747 0.000000 0.000000 0.000000
6858.351562 0.000000 1828.378906 0.000000 0.619458 0.000000 -0.785030 0.000000 0.000000 0.000000
6900.463867 0.000000 1822.581787 0.000000 0.998074 0.000000 -0.062029 1.000000 1.000000 1.000000
6907.100586 0.000000 1817.592773 0.000000 0.458625 0.000000 -0.888630 1.000000 1.000000 1.000000
6804.569336 0.000000 2095.308350 0.000000 0.535359 0.000000 -0.844624 0.000000 0.000000 0.000000
6802.190430 0.000000 2099.444092 0.000000 0.830932 0.000000 -0.556374 0.000000 0.000000 0.000000
6801.664551 0.000000 2096.577881 0.000000 0.399228 0.000000 -0.916852 1.000000 1.000000 1.000000
7081.322754 0.000000 2307.650635 0.000000 0.711508 0.000000 -0.702678 1.000000 1.000000 1.000000
7150.042969 0.000000 2321.714111 0.000000 0.918020 0.000000 -0.396534 1.000000 1.000000 1.000000
7205.432617 0.000000 2326.886475 0.000000 0.935171 0.000000 -0.354197 0.000000 0.000000 0.000000
7179.486816 0.000000 2324.418945 0.000000 0.771034 0.000000 -0.636794 0.000000 0.000000 0.000000
7307.406250 0.000000 2405.414551 0.000000 0.961613 0.000000 -0.274408 0.000000 0.000000 0.000000
7154.584961 0.000000 2908.597412 0.000000 0.373975 0.000000 -0.927439 0.000000 0.000000 0.000000
7149.311035 0.000000 2915.052979 0.000000 0.999590 0.000000 0.028626 0.000000 0.000000 0.000000
"}
object={
	name="asian_dynamic_farmland_objects_generator_1_2"
	clamp_to_water_level=no
	render_under_water=no
	generated_content=yes
	layer="farms_dynamic"
	pdxmesh="windmill_01_mesh"
	count=14
	transform="6640.023926 0.000000 1521.128784 0.000000 0.214207 0.000000 -0.976788 0.000000 0.000000 0.000000
6647.062500 0.000000 1519.611206 0.000000 0.270472 0.000000 -0.962728 0.000000 0.000000 0.000000
6498.735840 0.000000 1790.668701 0.000000 0.034438 0.000000 -0.999407 1.000000 1.000000 1.000000
6583.107910 0.000000 1796.216919 0.000000 0.039800 0.000000 -0.999208 0.000000 0.000000 0.000000
6723.505371 0.000000 1512.019897 0.000000 0.009108 0.000000 -0.999959 0.000000 0.000000 0.000000
6774.864258 0.000000 1523.592407 0.000000 0.239490 0.000000 -0.970899 0.000000 0.000000 0.000000
7439.197266 0.000000 1310.773438 0.000000 0.230119 0.000000 -0.973163 0.000000 0.000000 0.000000
7431.213379 0.000000 1337.340698 0.000000 0.008436 0.000000 -0.999964 1.000000 1.000000 1.000000
7340.062988 0.000000 1364.614136 0.000000 0.029709 0.000000 -0.999559 0.000000 0.000000 0.000000
5937.519043 0.000000 2265.704590 0.000000 0.002194 0.000000 -0.999998 0.000000 0.000000 0.000000
6348.083496 0.000000 1909.498291 0.000000 0.246479 0.000000 -0.969148 1.000000 1.000000 1.000000
6863.272949 0.000000 1829.418579 0.000000 0.027107 0.000000 -0.999633 0.000000 0.000000 0.000000
6906.028320 0.000000 1820.598633 0.000000 0.053642 0.000000 -0.998560 0.000000 0.000000 0.000000
6914.396484 0.000000 1809.362183 0.000000 0.261859 0.000000 -0.965106 0.000000 0.000000 0.000000
"}
