object={
	name="asian_dynamic_forestry_objects_generator_1_0"
	clamp_to_water_level=no
	render_under_water=no
	generated_content=yes
	layer="forestry_dynamic"
	pdxmesh="asian_forestry_camp_01_mesh"
	count=51
	transform="6851.589355 0.000000 1311.522827 0.000000 0.776388 0.000000 0.630256 0.000000 0.000000 0.000000
6509.255371 0.000000 1466.984863 0.000000 0.346535 0.000000 0.938037 0.000000 0.000000 0.000000
6441.206543 0.000000 1477.137451 0.000000 0.705275 0.000000 0.708934 0.000000 0.000000 0.000000
6420.950195 0.000000 1477.762939 0.000000 0.397685 0.000000 0.917522 0.000000 0.000000 0.000000
6432.264648 0.000000 1490.462280 0.000000 0.490054 0.000000 0.871692 0.000000 0.000000 0.000000
6438.465332 0.000000 1493.691528 0.000000 0.984494 0.000000 0.175416 1.000000 1.000000 1.000000
6620.282227 0.000000 1505.489746 0.000000 0.860926 0.000000 0.508730 0.000000 0.000000 0.000000
6623.430176 0.000000 1479.365723 0.000000 0.983450 0.000000 0.181179 1.000000 1.000000 1.000000
6697.206543 0.000000 1533.621826 0.000000 0.920697 0.000000 0.390278 0.000000 0.000000 0.000000
6688.264648 0.000000 1546.946655 0.000000 0.961010 0.000000 0.276512 0.000000 0.000000 0.000000
6701.255371 0.000000 1579.953613 0.000000 0.985996 0.000000 0.166766 0.000000 0.000000 0.000000
6687.430176 0.000000 1535.850098 0.000000 0.328327 0.000000 0.944564 0.000000 0.000000 0.000000
6740.950195 0.000000 1534.247314 0.000000 0.990075 0.000000 0.140538 0.000000 0.000000 0.000000
7139.530762 0.000000 1462.697876 0.000000 0.874269 0.000000 0.485442 0.000000 0.000000 0.000000
7155.915527 0.000000 1424.150635 0.000000 0.912060 0.000000 0.410058 0.000000 0.000000 0.000000
6710.803711 0.000000 1583.628662 0.000000 0.946816 0.000000 0.321775 0.000000 0.000000 0.000000
6912.354004 0.000000 1742.499146 0.000000 0.894536 0.000000 0.446997 0.000000 0.000000 0.000000
7218.281250 0.000000 1398.694214 0.000000 0.304909 0.000000 0.952381 0.000000 0.000000 0.000000
7242.048340 0.000000 1401.125366 0.000000 0.814242 0.000000 0.580525 0.000000 0.000000 0.000000
7218.281250 0.000000 1455.178589 0.000000 0.515475 0.000000 0.856905 0.000000 0.000000 0.000000
7246.189453 0.000000 1448.553101 0.000000 0.335088 0.000000 0.942187 1.000000 1.000000 1.000000
7295.683594 0.000000 1425.149780 0.000000 0.994429 0.000000 0.105413 0.000000 0.000000 0.000000
7239.693359 0.000000 1443.941895 0.000000 0.665025 0.000000 0.746821 1.000000 1.000000 1.000000
7232.315430 0.000000 1438.534912 0.000000 0.345426 0.000000 0.938446 0.000000 0.000000 0.000000
7246.124512 0.000000 1441.118164 0.000000 0.528639 0.000000 0.848847 0.000000 0.000000 0.000000
7270.465332 0.000000 1437.207153 0.000000 0.291888 0.000000 0.956453 1.000000 1.000000 1.000000
7279.365234 0.000000 1442.912964 0.000000 0.714739 0.000000 0.699391 1.000000 1.000000 1.000000
7356.270508 0.000000 1403.958862 0.000000 0.019447 0.000000 0.999811 0.000000 0.000000 0.000000
7340.186523 0.000000 1403.333252 0.000000 0.935667 0.000000 0.352885 1.000000 1.000000 1.000000
7401.423340 0.000000 1388.047241 0.000000 0.987116 0.000000 0.160003 0.000000 0.000000 0.000000
7316.950195 0.000000 1421.278564 0.000000 0.157406 0.000000 0.987534 0.000000 0.000000 0.000000
7311.347656 0.000000 1412.393433 0.000000 0.045738 0.000000 0.998953 0.000000 0.000000 0.000000
7309.467773 0.000000 1427.664673 0.000000 0.995682 0.000000 0.092831 0.000000 0.000000 0.000000
7297.476562 0.000000 1418.568115 0.000000 0.904797 0.000000 0.425844 0.000000 0.000000 0.000000
7310.716309 0.000000 1421.843018 0.000000 0.864382 0.000000 0.502836 1.000000 1.000000 1.000000
7380.950195 0.000000 1421.278564 0.000000 0.085044 0.000000 0.996377 0.000000 0.000000 0.000000
7514.840820 0.000000 1382.329346 0.000000 0.109922 0.000000 0.993940 0.000000 0.000000 0.000000
7647.430176 0.000000 1366.396973 0.000000 0.723684 0.000000 0.690132 0.000000 0.000000 0.000000
6307.530762 0.000000 2309.963623 0.000000 0.975225 0.000000 0.221215 0.000000 0.000000 0.000000
6354.736816 0.000000 2309.496094 0.000000 0.174471 0.000000 0.984662 1.000000 1.000000 1.000000
6363.221680 0.000000 2305.403564 0.000000 0.185563 0.000000 0.982632 0.000000 0.000000 0.000000
6467.834473 0.000000 2315.861816 0.000000 0.983072 0.000000 0.183217 0.000000 0.000000 0.000000
6979.834473 0.000000 2485.314941 0.000000 0.768425 0.000000 0.639940 0.000000 0.000000 0.000000
7061.428223 0.000000 2574.144531 0.000000 0.823456 0.000000 0.567380 0.000000 0.000000 0.000000
7122.736816 0.000000 2591.917969 0.000000 0.964390 0.000000 0.264483 0.000000 0.000000 0.000000
7149.255371 0.000000 2596.672363 0.000000 0.064070 0.000000 0.997945 0.000000 0.000000 0.000000
7120.020996 0.000000 2586.025146 0.000000 0.646910 0.000000 0.762566 0.000000 0.000000 0.000000
7165.524414 0.000000 2603.794678 0.000000 0.465151 0.000000 0.885231 1.000000 1.000000 1.000000
7187.921875 0.000000 2792.059814 0.000000 0.521273 0.000000 0.853390 0.000000 0.000000 0.000000
7228.270508 0.000000 2816.068115 0.000000 0.954825 0.000000 0.297168 0.000000 0.000000 0.000000
7220.449707 0.000000 2800.494873 0.000000 0.593081 0.000000 0.805143 0.000000 0.000000 0.000000
"}
object={
	name="asian_dynamic_forestry_objects_generator_1_1"
	clamp_to_water_level=no
	render_under_water=no
	generated_content=yes
	layer="forestry_dynamic"
	pdxmesh="asian_forestry_camp_02_mesh"
	count=47
	transform="6642.281250 0.000000 1342.209839 0.000000 0.996024 0.000000 -0.089089 0.000000 0.000000 0.000000
6624.909180 0.000000 1454.352661 0.000000 0.721761 0.000000 -0.692142 0.000000 0.000000 0.000000
6428.282227 0.000000 1505.489746 0.000000 0.285588 0.000000 -0.958353 0.000000 0.000000 0.000000
6414.189453 0.000000 1505.037476 0.000000 0.999870 0.000000 -0.016110 1.000000 1.000000 1.000000
6611.921875 0.000000 1492.919189 0.000000 0.749354 0.000000 -0.662170 0.000000 0.000000 0.000000
6606.146973 0.000000 1490.447266 0.000000 0.890585 0.000000 -0.454817 0.000000 0.000000 0.000000
6313.206543 0.000000 1590.106201 0.000000 0.778100 0.000000 -0.628140 0.000000 0.000000 0.000000
6514.281250 0.000000 1737.600464 0.000000 0.354514 0.000000 -0.935051 0.000000 0.000000 0.000000
6708.600586 0.000000 1491.807617 0.000000 0.770411 0.000000 -0.637548 0.000000 0.000000 0.000000
6720.354004 0.000000 1516.561646 0.000000 0.607675 0.000000 -0.794186 0.000000 0.000000 0.000000
6656.354004 0.000000 1573.046021 0.000000 0.327286 0.000000 -0.944925 0.000000 0.000000 0.000000
6761.423340 0.000000 1557.500366 0.000000 0.990737 0.000000 -0.135795 0.000000 0.000000 0.000000
6879.430176 0.000000 1479.365723 0.000000 0.364514 0.000000 -0.931198 1.000000 1.000000 1.000000
7156.600586 0.000000 1435.323242 0.000000 0.643845 0.000000 -0.765156 0.000000 0.000000 0.000000
6761.206543 0.000000 1590.106201 0.000000 0.923821 0.000000 -0.382824 0.000000 0.000000 0.000000
6762.581543 0.000000 1600.367310 0.000000 0.232092 0.000000 -0.972694 0.000000 0.000000 0.000000
7232.354004 0.000000 1403.592896 0.000000 0.082886 0.000000 -0.996559 0.000000 0.000000 0.000000
7260.282227 0.000000 1392.520996 0.000000 0.403921 0.000000 -0.914794 0.000000 0.000000 0.000000
7278.271484 0.000000 1392.913452 0.000000 0.092722 0.000000 -0.995692 0.000000 0.000000 0.000000
7209.206543 0.000000 1420.653076 0.000000 0.894305 0.000000 -0.447457 0.000000 0.000000 0.000000
7220.600586 0.000000 1435.323242 0.000000 0.995993 0.000000 -0.089428 0.000000 0.000000 0.000000
7210.581543 0.000000 1430.914185 0.000000 0.880540 0.000000 -0.473971 0.000000 0.000000 0.000000
7232.290527 0.000000 1446.474487 0.000000 0.899046 0.000000 -0.437853 0.000000 0.000000 0.000000
7253.428223 0.000000 1444.457031 0.000000 0.498232 0.000000 -0.867044 0.000000 0.000000 0.000000
7268.049805 0.000000 1448.398926 0.000000 0.451405 0.000000 -0.892319 1.000000 1.000000 1.000000
7331.530762 0.000000 1406.213501 0.000000 0.991860 0.000000 -0.127331 0.000000 0.000000 0.000000
7348.885254 0.000000 1407.376099 0.000000 0.853394 0.000000 -0.521266 1.000000 1.000000 1.000000
7360.354004 0.000000 1403.592896 0.000000 0.994105 0.000000 -0.108422 0.000000 0.000000 0.000000
7328.264648 0.000000 1433.977905 0.000000 0.989382 0.000000 -0.145336 0.000000 0.000000 0.000000
7305.453613 0.000000 1418.428711 0.000000 0.203958 0.000000 -0.978980 0.000000 0.000000 0.000000
7357.524414 0.000000 1417.622803 0.000000 0.248073 0.000000 -0.968741 1.000000 1.000000 1.000000
7326.773926 0.000000 1428.581055 0.000000 0.984817 0.000000 -0.173597 0.000000 0.000000 0.000000
7363.834473 0.000000 1412.111938 0.000000 0.932115 0.000000 -0.362161 0.000000 0.000000 0.000000
6297.924805 0.000000 2312.615479 0.000000 0.029898 0.000000 -0.999553 0.000000 0.000000 0.000000
7092.600586 0.000000 2282.588867 0.000000 0.983656 0.000000 -0.180058 0.000000 0.000000 0.000000
7094.872070 0.000000 2305.709473 0.000000 0.902176 0.000000 -0.431368 1.000000 1.000000 1.000000
7081.423340 0.000000 2574.218994 0.000000 0.472889 0.000000 -0.881122 0.000000 0.000000 0.000000
7059.921875 0.000000 2566.122314 0.000000 0.986167 0.000000 -0.165756 1.000000 1.000000 1.000000
7078.465332 0.000000 2566.894531 0.000000 0.817643 0.000000 -0.575725 0.000000 0.000000 0.000000
7149.901367 0.000000 2599.235596 0.000000 0.033842 0.000000 -0.999427 0.000000 0.000000 0.000000
7360.354004 0.000000 2589.764648 0.000000 0.995805 0.000000 -0.091505 0.000000 0.000000 0.000000
7053.467773 0.000000 2783.289551 0.000000 0.403821 0.000000 -0.914838 0.000000 0.000000 0.000000
7132.282227 0.000000 2804.630371 0.000000 0.523919 0.000000 -0.851768 0.000000 0.000000 0.000000
7068.282227 0.000000 2917.599121 0.000000 0.199440 0.000000 -0.979910 0.000000 0.000000 0.000000
7229.733887 0.000000 2801.944580 0.000000 0.802472 0.000000 -0.596690 0.000000 0.000000 0.000000
7267.530762 0.000000 2818.322998 0.000000 0.986676 0.000000 -0.162696 0.000000 0.000000 0.000000
7276.186523 0.000000 2815.442627 0.000000 0.343698 0.000000 -0.939080 0.000000 0.000000 0.000000
"}
