object={
	name="asian_dynamic_mining_objects_generator_1_0"
	clamp_to_water_level=no
	render_under_water=no
	generated_content=yes
	layer="mines_dynamic"
	pdxmesh="asian_mining_coaldepo_01_mesh"
	count=369
	transform="6323.720703 0.000000 1619.434326 0.000000 0.639599 0.000000 0.768709 0.000000 0.000000 0.000000
6308.176270 0.000000 1625.582153 0.000000 0.460677 0.000000 0.887568 0.000000 0.000000 0.000000
6320.763672 0.000000 1621.368896 0.000000 0.204905 0.000000 0.978782 1.000000 1.000000 1.000000
6314.699707 0.000000 1621.941284 0.000000 0.762763 0.000000 0.646678 1.000000 1.000000 1.000000
6314.452148 0.000000 1616.496582 0.000000 0.715456 0.000000 0.698658 0.000000 0.000000 0.000000
6310.885742 0.000000 1625.724243 0.000000 0.002750 0.000000 0.999996 0.000000 0.000000 0.000000
6317.602051 0.000000 1621.487427 0.000000 0.434207 0.000000 0.900813 1.000000 1.000000 1.000000
6393.729980 0.000000 1622.352051 0.000000 0.325309 0.000000 0.945608 0.000000 0.000000 0.000000
6392.634766 0.000000 1617.351074 0.000000 0.698016 0.000000 0.716082 0.000000 0.000000 0.000000
6389.811523 0.000000 1622.861572 0.000000 0.233654 0.000000 0.972320 0.000000 0.000000 0.000000
6395.742676 0.000000 1619.239502 0.000000 0.586211 0.000000 0.810158 0.000000 0.000000 0.000000
6394.988770 0.000000 1615.196533 0.000000 0.674101 0.000000 0.738639 1.000000 1.000000 1.000000
6389.008789 0.000000 1625.784302 0.000000 0.599015 0.000000 0.800738 0.000000 0.000000 0.000000
6390.803711 0.000000 1640.113037 0.000000 0.698985 0.000000 0.715136 0.000000 0.000000 0.000000
6386.317383 0.000000 1641.238037 0.000000 0.373721 0.000000 0.927541 0.000000 0.000000 0.000000
6378.064453 0.000000 1689.370728 0.000000 0.518615 0.000000 0.855008 0.000000 0.000000 0.000000
6368.344727 0.000000 1676.364502 0.000000 0.296210 0.000000 0.955123 0.000000 0.000000 0.000000
6387.006836 0.000000 1646.491943 0.000000 0.861586 0.000000 0.507612 0.000000 0.000000 0.000000
6394.815430 0.000000 1645.615967 0.000000 0.891013 0.000000 0.453977 0.000000 0.000000 0.000000
6390.469238 0.000000 1648.200928 0.000000 0.624893 0.000000 0.780710 0.000000 0.000000 0.000000
6366.662598 0.000000 1684.237305 0.000000 0.098568 0.000000 0.995130 0.000000 0.000000 0.000000
6364.116211 0.000000 1693.462524 0.000000 0.071700 0.000000 0.997426 0.000000 0.000000 0.000000
6388.969238 0.000000 1642.404785 0.000000 0.493249 0.000000 0.869888 1.000000 1.000000 1.000000
6372.101074 0.000000 1685.908203 0.000000 0.686030 0.000000 0.727574 1.000000 1.000000 1.000000
6374.885742 0.000000 1682.208618 0.000000 0.743626 0.000000 0.668596 1.000000 1.000000 1.000000
6386.542480 0.000000 1643.845459 0.000000 0.858599 0.000000 0.512647 0.000000 0.000000 0.000000
6369.210938 0.000000 1687.489746 0.000000 0.838678 0.000000 0.544627 1.000000 1.000000 1.000000
6377.206543 0.000000 1703.074951 0.000000 0.331991 0.000000 0.943282 0.000000 0.000000 0.000000
6345.453613 0.000000 1700.850586 0.000000 0.884531 0.000000 0.466482 0.000000 0.000000 0.000000
6349.333984 0.000000 1698.860596 0.000000 0.647074 0.000000 0.762427 0.000000 0.000000 0.000000
6347.269531 0.000000 1703.861328 0.000000 0.164630 0.000000 0.986355 0.000000 0.000000 0.000000
6353.653320 0.000000 1703.000610 0.000000 0.626283 0.000000 0.779595 0.000000 0.000000 0.000000
6360.982910 0.000000 1698.405151 0.000000 0.840782 0.000000 0.541373 0.000000 0.000000 0.000000
6372.193359 0.000000 1701.990234 0.000000 0.709938 0.000000 0.704264 0.000000 0.000000 0.000000
6372.142090 0.000000 1694.626465 0.000000 0.470387 0.000000 0.882460 1.000000 1.000000 1.000000
6365.269531 0.000000 1696.690674 0.000000 0.647430 0.000000 0.762125 1.000000 1.000000 1.000000
6367.881836 0.000000 1697.180664 0.000000 0.274607 0.000000 0.961557 1.000000 1.000000 1.000000
6764.817383 0.000000 1647.572876 0.000000 0.749070 0.000000 0.662490 0.000000 0.000000 0.000000
6774.469238 0.000000 1648.200928 0.000000 0.013239 0.000000 0.999912 0.000000 0.000000 0.000000
6780.365723 0.000000 1640.774536 0.000000 0.831124 0.000000 0.556088 1.000000 1.000000 1.000000
6770.542480 0.000000 1643.845459 0.000000 0.806326 0.000000 0.591472 0.000000 0.000000 0.000000
6776.373535 0.000000 1638.185303 0.000000 0.870834 0.000000 0.491577 1.000000 1.000000 1.000000
6793.889160 0.000000 1636.827515 0.000000 0.742097 0.000000 0.670293 0.000000 0.000000 0.000000
6790.656738 0.000000 1630.380249 0.000000 0.657503 0.000000 0.753452 0.000000 0.000000 0.000000
6793.349609 0.000000 1634.117554 0.000000 0.805204 0.000000 0.592998 1.000000 1.000000 1.000000
6786.854492 0.000000 1629.109497 0.000000 0.760787 0.000000 0.649001 1.000000 1.000000 1.000000
6787.834473 0.000000 1638.049438 0.000000 0.642305 0.000000 0.766449 0.000000 0.000000 0.000000
6890.157715 0.000000 1773.851929 0.000000 0.720784 0.000000 0.693160 0.000000 0.000000 0.000000
6891.534668 0.000000 1767.005371 0.000000 0.800962 0.000000 0.598715 0.000000 0.000000 0.000000
6892.193359 0.000000 1771.960205 0.000000 0.705152 0.000000 0.709056 1.000000 1.000000 1.000000
6930.409180 0.000000 1666.456421 0.000000 0.197643 0.000000 0.980274 0.000000 0.000000 0.000000
6935.828125 0.000000 1662.223633 0.000000 0.341128 0.000000 0.940017 0.000000 0.000000 0.000000
6946.040527 0.000000 1656.351807 0.000000 0.654608 0.000000 0.755969 0.000000 0.000000 0.000000
6947.650879 0.000000 1660.989258 0.000000 0.731966 0.000000 0.681341 0.000000 0.000000 0.000000
6941.587891 0.000000 1657.714600 0.000000 0.481601 0.000000 0.876391 0.000000 0.000000 0.000000
6935.871582 0.000000 1677.527954 0.000000 0.893688 0.000000 0.448689 1.000000 1.000000 1.000000
6942.662598 0.000000 1684.237305 0.000000 0.489305 0.000000 0.872113 0.000000 0.000000 0.000000
6939.116211 0.000000 1656.522095 0.000000 0.768421 0.000000 0.639945 0.000000 0.000000 0.000000
6933.175293 0.000000 1673.264893 0.000000 0.807687 0.000000 0.589612 1.000000 1.000000 1.000000
7391.822266 0.000000 1381.686157 0.000000 0.907922 0.000000 0.419140 0.000000 0.000000 0.000000
7386.616211 0.000000 1379.707397 0.000000 0.933827 0.000000 0.357725 1.000000 1.000000 1.000000
7380.387207 0.000000 1382.422119 0.000000 0.651747 0.000000 0.758436 0.000000 0.000000 0.000000
6065.044434 0.000000 2195.090088 0.000000 0.481116 0.000000 0.876657 0.000000 0.000000 0.000000
6071.010742 0.000000 2201.359131 0.000000 0.685415 0.000000 0.728152 0.000000 0.000000 0.000000
6068.392090 0.000000 2194.792969 0.000000 0.675975 0.000000 0.736925 0.000000 0.000000 0.000000
6066.616699 0.000000 2192.459473 0.000000 0.101995 0.000000 0.994785 0.000000 0.000000 0.000000
6089.597656 0.000000 2196.281738 0.000000 0.724232 0.000000 0.689557 0.000000 0.000000 0.000000
6083.898438 0.000000 2199.162842 0.000000 0.029532 0.000000 0.999564 1.000000 1.000000 1.000000
6076.365723 0.000000 2205.618408 0.000000 0.191348 0.000000 0.981522 1.000000 1.000000 1.000000
6085.568848 0.000000 2206.908447 0.000000 0.894315 0.000000 0.447437 0.000000 0.000000 0.000000
6233.268555 0.000000 1993.362305 0.000000 0.858153 0.000000 0.513395 0.000000 0.000000 0.000000
6232.763672 0.000000 2007.684326 0.000000 0.007875 0.000000 0.999969 0.000000 0.000000 0.000000
6224.003418 0.000000 2004.255859 0.000000 0.131778 0.000000 0.991279 1.000000 1.000000 1.000000
6228.387207 0.000000 2003.750244 0.000000 0.468011 0.000000 0.883723 1.000000 1.000000 1.000000
6395.669434 0.000000 1940.173584 0.000000 0.489671 0.000000 0.871907 0.000000 0.000000 0.000000
6392.270996 0.000000 1940.978516 0.000000 0.146607 0.000000 0.989195 0.000000 0.000000 0.000000
6524.880859 0.000000 1830.729736 0.000000 0.753384 0.000000 0.657581 1.000000 1.000000 1.000000
6520.270996 0.000000 1828.009766 0.000000 0.824738 0.000000 0.565514 1.000000 1.000000 1.000000
6524.546387 0.000000 1835.439697 0.000000 0.266028 0.000000 0.963965 0.000000 0.000000 0.000000
6555.221680 0.000000 1853.528564 0.000000 0.874698 0.000000 0.484668 0.000000 0.000000 0.000000
6565.443359 0.000000 1827.302002 0.000000 0.423755 0.000000 0.905777 0.000000 0.000000 0.000000
6551.828125 0.000000 1831.676758 0.000000 0.413900 0.000000 0.910322 0.000000 0.000000 0.000000
6556.683105 0.000000 1820.933960 0.000000 0.337769 0.000000 0.941229 0.000000 0.000000 0.000000
6563.650879 0.000000 1830.442383 0.000000 0.922885 0.000000 0.385075 0.000000 0.000000 0.000000
6560.693359 0.000000 1859.488281 0.000000 0.763315 0.000000 0.646026 1.000000 1.000000 1.000000
6550.343750 0.000000 1824.892212 0.000000 0.934455 0.000000 0.356082 0.000000 0.000000 0.000000
6556.116211 0.000000 1862.915649 0.000000 0.920735 0.000000 0.390188 0.000000 0.000000 0.000000
6539.443359 0.000000 1837.487061 0.000000 0.732304 0.000000 0.680978 1.000000 1.000000 1.000000
6555.116211 0.000000 1825.975220 0.000000 0.735473 0.000000 0.677554 0.000000 0.000000 0.000000
6548.724609 0.000000 1837.200439 0.000000 0.564084 0.000000 0.825718 1.000000 1.000000 1.000000
6547.875488 0.000000 1822.948853 0.000000 0.872344 0.000000 0.488893 0.000000 0.000000 0.000000
6556.691406 0.000000 1855.592285 0.000000 0.810812 0.000000 0.585307 0.000000 0.000000 0.000000
6563.024414 0.000000 1828.072144 0.000000 0.607919 0.000000 0.793999 1.000000 1.000000 1.000000
6573.901367 0.000000 1864.938843 0.000000 0.686260 0.000000 0.727357 0.000000 0.000000 0.000000
6554.844238 0.000000 1865.701904 0.000000 0.540013 0.000000 0.841657 0.000000 0.000000 0.000000
6564.142090 0.000000 1864.079590 0.000000 0.848145 0.000000 0.529764 1.000000 1.000000 1.000000
6510.444824 0.000000 2028.315308 0.000000 0.638898 0.000000 0.769292 0.000000 0.000000 0.000000
6516.392090 0.000000 2025.339844 0.000000 0.933566 0.000000 0.358407 1.000000 1.000000 1.000000
6492.116211 0.000000 2032.368774 0.000000 0.827650 0.000000 0.561244 0.000000 0.000000 0.000000
6524.341309 0.000000 2030.120972 0.000000 0.905744 0.000000 0.423826 1.000000 1.000000 1.000000
6514.714844 0.000000 2027.426025 0.000000 0.231020 0.000000 0.972949 1.000000 1.000000 1.000000
6510.583984 0.000000 2025.733643 0.000000 0.355692 0.000000 0.934603 1.000000 1.000000 1.000000
6182.465332 0.000000 2227.988281 0.000000 0.034054 0.000000 0.999420 0.000000 0.000000 0.000000
6175.822266 0.000000 2228.951660 0.000000 0.797763 0.000000 0.602971 0.000000 0.000000 0.000000
6172.263672 0.000000 2212.186768 0.000000 0.659176 0.000000 0.751989 0.000000 0.000000 0.000000
6173.234863 0.000000 2226.599365 0.000000 0.100953 0.000000 0.994891 0.000000 0.000000 0.000000
6511.681152 0.000000 2036.339355 0.000000 0.632722 0.000000 0.774379 0.000000 0.000000 0.000000
6647.010742 0.000000 2257.843506 0.000000 0.623229 0.000000 0.782040 0.000000 0.000000 0.000000
6644.503418 0.000000 2257.308105 0.000000 0.170165 0.000000 0.985416 0.000000 0.000000 0.000000
6861.066406 0.000000 1860.716187 0.000000 0.927767 0.000000 0.373161 0.000000 0.000000 0.000000
6857.889160 0.000000 1862.765015 0.000000 0.908653 0.000000 0.417553 1.000000 1.000000 1.000000
6854.656738 0.000000 1856.317749 0.000000 0.717855 0.000000 0.696192 0.000000 0.000000 0.000000
6854.827637 0.000000 1863.498901 0.000000 0.883438 0.000000 0.468547 0.000000 0.000000 0.000000
6857.349609 0.000000 1860.055054 0.000000 0.897256 0.000000 0.441511 0.000000 0.000000 0.000000
6852.256348 0.000000 1863.015747 0.000000 0.658037 0.000000 0.752986 1.000000 1.000000 1.000000
6847.450684 0.000000 1871.913696 0.000000 0.446531 0.000000 0.894768 0.000000 0.000000 0.000000
6862.716309 0.000000 1873.718018 0.000000 0.317648 0.000000 0.948209 0.000000 0.000000 0.000000
6859.269531 0.000000 1873.314453 0.000000 0.403731 0.000000 0.914878 0.000000 0.000000 0.000000
6854.297363 0.000000 1865.332520 0.000000 0.791642 0.000000 0.610985 0.000000 0.000000 0.000000
6856.000977 0.000000 1868.045654 0.000000 0.600374 0.000000 0.799719 0.000000 0.000000 0.000000
6657.469238 0.000000 2257.438721 0.000000 0.173566 0.000000 0.984822 0.000000 0.000000 0.000000
6662.827637 0.000000 2258.889404 0.000000 0.834939 0.000000 0.550343 1.000000 1.000000 1.000000
6670.452148 0.000000 2258.485352 0.000000 0.530695 0.000000 0.847563 0.000000 0.000000 0.000000
6238.662598 0.000000 2475.018555 0.000000 0.758850 0.000000 0.651265 0.000000 0.000000 0.000000
6236.116211 0.000000 2484.243652 0.000000 0.464008 0.000000 0.885831 1.000000 1.000000 1.000000
6244.314453 0.000000 2482.224121 0.000000 0.791406 0.000000 0.611290 1.000000 1.000000 1.000000
6233.164062 0.000000 2484.687500 0.000000 0.019818 0.000000 0.999804 1.000000 1.000000 1.000000
6250.622559 0.000000 2482.853271 0.000000 0.885477 0.000000 0.464684 1.000000 1.000000 1.000000
6228.862305 0.000000 2477.495117 0.000000 0.888437 0.000000 0.458999 0.000000 0.000000 0.000000
6255.560547 0.000000 2471.591797 0.000000 0.262671 0.000000 0.964885 0.000000 0.000000 0.000000
6246.352539 0.000000 2478.016602 0.000000 0.113091 0.000000 0.993585 1.000000 1.000000 1.000000
6231.931152 0.000000 2480.545410 0.000000 0.646399 0.000000 0.763000 1.000000 1.000000 1.000000
6236.691406 0.000000 2476.920410 0.000000 0.175598 0.000000 0.984462 1.000000 1.000000 1.000000
6258.714844 0.000000 2479.301025 0.000000 0.712885 0.000000 0.701281 0.000000 0.000000 0.000000
6516.612793 0.000000 2275.086914 0.000000 0.928496 0.000000 0.371343 0.000000 0.000000 0.000000
6522.815430 0.000000 2266.944092 0.000000 0.905435 0.000000 0.424485 0.000000 0.000000 0.000000
6527.450684 0.000000 2267.304199 0.000000 0.885928 0.000000 0.463823 0.000000 0.000000 0.000000
6445.255371 0.000000 2370.734863 0.000000 0.917305 0.000000 0.398185 0.000000 0.000000 0.000000
6439.675293 0.000000 2370.633301 0.000000 0.653514 0.000000 0.756914 0.000000 0.000000 0.000000
6442.064453 0.000000 2367.183105 0.000000 0.911432 0.000000 0.411452 0.000000 0.000000 0.000000
6413.646484 0.000000 2356.605713 0.000000 0.253205 0.000000 0.967413 0.000000 0.000000 0.000000
6416.310547 0.000000 2340.654053 0.000000 0.594019 0.000000 0.804451 0.000000 0.000000 0.000000
6429.565918 0.000000 2359.158203 0.000000 0.649881 0.000000 0.760036 1.000000 1.000000 1.000000
6424.763672 0.000000 2346.590576 0.000000 0.689789 0.000000 0.724010 0.000000 0.000000 0.000000
6418.867188 0.000000 2358.823242 0.000000 0.915883 0.000000 0.401446 1.000000 1.000000 1.000000
6438.737793 0.000000 2354.337158 0.000000 0.023510 0.000000 0.999724 0.000000 0.000000 0.000000
6450.616699 0.000000 2361.912598 0.000000 0.552120 0.000000 0.833765 0.000000 0.000000 0.000000
6430.841309 0.000000 2347.491455 0.000000 0.930885 0.000000 0.365312 0.000000 0.000000 0.000000
6453.008789 0.000000 2360.081299 0.000000 0.328478 0.000000 0.944512 0.000000 0.000000 0.000000
6422.697754 0.000000 2362.377930 0.000000 0.808337 0.000000 0.588720 0.000000 0.000000 0.000000
6420.724609 0.000000 2345.559814 0.000000 0.306723 0.000000 0.951799 0.000000 0.000000 0.000000
6445.602051 0.000000 2355.784424 0.000000 0.794283 0.000000 0.607548 0.000000 0.000000 0.000000
6416.434082 0.000000 2345.920654 0.000000 0.768404 0.000000 0.639965 1.000000 1.000000 1.000000
6451.473145 0.000000 2356.237305 0.000000 0.453639 0.000000 0.891186 1.000000 1.000000 1.000000
6530.492188 0.000000 2262.964600 0.000000 0.787527 0.000000 0.616281 0.000000 0.000000 0.000000
6528.974121 0.000000 2272.082764 0.000000 0.910252 0.000000 0.414055 1.000000 1.000000 1.000000
6630.643555 0.000000 2311.077148 0.000000 0.345481 0.000000 0.938426 0.000000 0.000000 0.000000
6624.693359 0.000000 2311.363281 0.000000 0.814792 0.000000 0.579753 0.000000 0.000000 0.000000
6644.340820 0.000000 2259.711182 0.000000 0.378224 0.000000 0.925714 0.000000 0.000000 0.000000
6618.840820 0.000000 2342.563721 0.000000 0.827865 0.000000 0.560927 0.000000 0.000000 0.000000
6614.596680 0.000000 2336.390625 0.000000 0.568275 0.000000 0.822838 0.000000 0.000000 0.000000
6615.828125 0.000000 2340.036133 0.000000 0.696327 0.000000 0.717725 0.000000 0.000000 0.000000
6640.763672 0.000000 2355.665771 0.000000 0.248098 0.000000 0.968735 0.000000 0.000000 0.000000
6621.234863 0.000000 2339.568115 0.000000 0.538044 0.000000 0.842917 0.000000 0.000000 0.000000
6637.457031 0.000000 2320.072998 0.000000 0.840903 0.000000 0.541187 0.000000 0.000000 0.000000
6618.132812 0.000000 2350.311279 0.000000 0.452701 0.000000 0.891662 0.000000 0.000000 0.000000
6635.550781 0.000000 2322.659180 0.000000 0.272068 0.000000 0.962278 1.000000 1.000000 1.000000
6622.841309 0.000000 2347.491455 0.000000 0.479141 0.000000 0.877738 1.000000 1.000000 1.000000
6630.386719 0.000000 2338.207520 0.000000 0.675604 0.000000 0.737265 1.000000 1.000000 1.000000
6647.542480 0.000000 2338.989258 0.000000 0.490946 0.000000 0.871190 1.000000 1.000000 1.000000
6619.921387 0.000000 2331.815186 0.000000 0.302435 0.000000 0.953170 0.000000 0.000000 0.000000
6646.928223 0.000000 2332.744385 0.000000 0.928937 0.000000 0.370237 1.000000 1.000000 1.000000
6638.630859 0.000000 2339.635986 0.000000 0.754122 0.000000 0.656735 1.000000 1.000000 1.000000
6626.441895 0.000000 2349.822754 0.000000 0.663502 0.000000 0.748175 1.000000 1.000000 1.000000
6445.901367 0.000000 2373.298096 0.000000 0.248547 0.000000 0.968620 0.000000 0.000000 0.000000
6422.797363 0.000000 2373.318359 0.000000 0.416024 0.000000 0.909354 0.000000 0.000000 0.000000
6426.616699 0.000000 2378.553223 0.000000 0.285564 0.000000 0.958359 0.000000 0.000000 0.000000
6556.116211 0.000000 2484.243652 0.000000 0.182580 0.000000 0.983191 0.000000 0.000000 0.000000
6244.142090 0.000000 2485.407715 0.000000 0.242999 0.000000 0.970027 1.000000 1.000000 1.000000
6366.089844 0.000000 2514.247803 0.000000 0.344787 0.000000 0.938681 0.000000 0.000000 0.000000
6375.131348 0.000000 2520.291748 0.000000 0.386817 0.000000 0.922156 1.000000 1.000000 1.000000
6388.392090 0.000000 2533.699219 0.000000 0.612296 0.000000 0.790628 1.000000 1.000000 1.000000
6368.693359 0.000000 2537.300781 0.000000 0.824278 0.000000 0.566186 0.000000 0.000000 0.000000
6396.718750 0.000000 2526.543945 0.000000 0.865474 0.000000 0.500954 1.000000 1.000000 1.000000
6398.830566 0.000000 2532.547607 0.000000 0.573808 0.000000 0.818990 1.000000 1.000000 1.000000
6378.478516 0.000000 2511.049561 0.000000 0.677314 0.000000 0.735694 1.000000 1.000000 1.000000
6383.961914 0.000000 2540.572510 0.000000 0.513186 0.000000 0.858278 1.000000 1.000000 1.000000
6381.452148 0.000000 2513.882324 0.000000 0.715073 0.000000 0.699049 0.000000 0.000000 0.000000
6369.210938 0.000000 2534.755371 0.000000 0.332754 0.000000 0.943014 0.000000 0.000000 0.000000
6394.085938 0.000000 2532.471191 0.000000 0.860281 0.000000 0.509820 1.000000 1.000000 1.000000
6399.022949 0.000000 2539.478027 0.000000 0.507624 0.000000 0.861579 1.000000 1.000000 1.000000
6370.441895 0.000000 2519.275879 0.000000 0.051816 0.000000 0.998657 0.000000 0.000000 0.000000
6386.714844 0.000000 2535.785400 0.000000 0.790507 0.000000 0.612453 1.000000 1.000000 1.000000
6395.743652 0.000000 2536.040039 0.000000 0.071370 0.000000 0.997450 1.000000 1.000000 1.000000
6396.370605 0.000000 2531.209229 0.000000 0.798199 0.000000 0.602394 1.000000 1.000000 1.000000
6546.409180 0.000000 2513.721924 0.000000 0.536950 0.000000 0.843614 0.000000 0.000000 0.000000
6544.310547 0.000000 2510.107178 0.000000 0.740198 0.000000 0.672389 0.000000 0.000000 0.000000
6545.983398 0.000000 2506.680664 0.000000 0.832772 0.000000 0.553616 1.000000 1.000000 1.000000
6536.260254 0.000000 2494.318115 0.000000 0.692366 0.000000 0.721546 0.000000 0.000000 0.000000
6534.202148 0.000000 2496.825195 0.000000 0.483879 0.000000 0.875135 0.000000 0.000000 0.000000
6561.496582 0.000000 2509.543213 0.000000 0.819115 0.000000 0.573630 1.000000 1.000000 1.000000
6552.755859 0.000000 2504.661621 0.000000 0.389945 0.000000 0.920838 1.000000 1.000000 1.000000
6548.471191 0.000000 2507.138184 0.000000 0.620613 0.000000 0.784117 1.000000 1.000000 1.000000
6668.396484 0.000000 2271.882812 0.000000 0.433462 0.000000 0.901172 0.000000 0.000000 0.000000
6673.653320 0.000000 2267.844482 0.000000 0.529644 0.000000 0.848220 0.000000 0.000000 0.000000
6668.406250 0.000000 2260.323242 0.000000 0.279764 0.000000 0.960069 0.000000 0.000000 0.000000
6664.260254 0.000000 2268.380615 0.000000 0.822734 0.000000 0.568426 1.000000 1.000000 1.000000
6669.243652 0.000000 2266.616211 0.000000 0.099622 0.000000 0.995025 0.000000 0.000000 0.000000
6666.448242 0.000000 2262.979980 0.000000 0.526854 0.000000 0.849956 0.000000 0.000000 0.000000
6671.844238 0.000000 2262.502197 0.000000 0.493490 0.000000 0.869751 0.000000 0.000000 0.000000
6662.297363 0.000000 2260.723145 0.000000 0.749162 0.000000 0.662386 1.000000 1.000000 1.000000
6664.000977 0.000000 2263.436279 0.000000 0.053307 0.000000 0.998578 0.000000 0.000000 0.000000
6737.116211 0.000000 2306.622559 0.000000 0.360611 0.000000 0.932716 0.000000 0.000000 0.000000
6729.349609 0.000000 2311.930176 0.000000 0.393750 0.000000 0.919217 0.000000 0.000000 0.000000
6732.244629 0.000000 2309.991699 0.000000 0.085267 0.000000 0.996358 0.000000 0.000000 0.000000
6740.862305 0.000000 2308.041992 0.000000 0.654368 0.000000 0.756176 0.000000 0.000000 0.000000
6656.073242 0.000000 2354.420898 0.000000 0.251728 0.000000 0.967798 0.000000 0.000000 0.000000
6732.424805 0.000000 2334.279053 0.000000 0.758771 0.000000 0.651357 0.000000 0.000000 0.000000
6753.860352 0.000000 2324.600586 0.000000 0.827579 0.000000 0.561349 0.000000 0.000000 0.000000
6732.406250 0.000000 2316.807617 0.000000 0.910611 0.000000 0.413265 1.000000 1.000000 1.000000
6730.448242 0.000000 2319.464355 0.000000 0.295873 0.000000 0.955227 1.000000 1.000000 1.000000
6735.844238 0.000000 2318.986572 0.000000 0.241297 0.000000 0.970451 1.000000 1.000000 1.000000
6739.958008 0.000000 2322.572021 0.000000 0.561628 0.000000 0.827390 1.000000 1.000000 1.000000
6724.015137 0.000000 2321.946533 0.000000 0.456783 0.000000 0.889578 0.000000 0.000000 0.000000
6746.002441 0.000000 2329.894775 0.000000 0.157274 0.000000 0.987555 1.000000 1.000000 1.000000
6810.840820 0.000000 2286.079346 0.000000 0.828881 0.000000 0.559425 0.000000 0.000000 0.000000
6811.974121 0.000000 2291.104492 0.000000 0.110398 0.000000 0.993887 0.000000 0.000000 0.000000
6805.636230 0.000000 2313.877197 0.000000 0.329750 0.000000 0.944068 0.000000 0.000000 0.000000
6846.018555 0.000000 2285.270020 0.000000 0.765550 0.000000 0.643376 0.000000 0.000000 0.000000
6825.764648 0.000000 2287.699219 0.000000 0.659993 0.000000 0.751272 0.000000 0.000000 0.000000
6810.771973 0.000000 2309.285400 0.000000 0.723187 0.000000 0.690652 0.000000 0.000000 0.000000
6833.098145 0.000000 2273.750977 0.000000 0.423461 0.000000 0.905915 0.000000 0.000000 0.000000
6816.693359 0.000000 2311.363281 0.000000 0.461177 0.000000 0.887308 1.000000 1.000000 1.000000
6844.880859 0.000000 2282.604736 0.000000 0.672419 0.000000 0.740171 0.000000 0.000000 0.000000
6820.101074 0.000000 2307.236328 0.000000 0.694010 0.000000 0.719966 0.000000 0.000000 0.000000
6829.452148 0.000000 2287.944824 0.000000 0.686532 0.000000 0.727099 1.000000 1.000000 1.000000
6838.928223 0.000000 2276.260010 0.000000 0.371554 0.000000 0.928411 0.000000 0.000000 0.000000
6822.720703 0.000000 2362.593994 0.000000 0.722338 0.000000 0.691541 0.000000 0.000000 0.000000
6829.457031 0.000000 2320.072998 0.000000 0.205587 0.000000 0.978639 0.000000 0.000000 0.000000
6800.764160 0.000000 2331.811279 0.000000 0.566384 0.000000 0.824141 0.000000 0.000000 0.000000
6806.909180 0.000000 2326.859131 0.000000 0.877810 0.000000 0.479010 1.000000 1.000000 1.000000
6803.958008 0.000000 2322.572021 0.000000 0.278553 0.000000 0.960421 0.000000 0.000000 0.000000
6803.922852 0.000000 2319.658691 0.000000 0.659487 0.000000 0.751716 0.000000 0.000000 0.000000
6811.921387 0.000000 2331.815186 0.000000 0.090344 0.000000 0.995911 1.000000 1.000000 1.000000
6803.875488 0.000000 2331.308105 0.000000 0.861446 0.000000 0.507848 1.000000 1.000000 1.000000
6820.142090 0.000000 2315.954590 0.000000 0.324203 0.000000 0.945988 1.000000 1.000000 1.000000
6813.269531 0.000000 2318.018799 0.000000 0.723650 0.000000 0.690167 0.000000 0.000000 0.000000
6711.879395 0.000000 2415.538574 0.000000 0.685455 0.000000 0.728115 0.000000 0.000000 0.000000
7073.639160 0.000000 2289.412598 0.000000 0.531410 0.000000 0.847115 0.000000 0.000000 0.000000
7077.084961 0.000000 2274.172607 0.000000 0.513218 0.000000 0.858258 0.000000 0.000000 0.000000
7076.049805 0.000000 2295.664551 0.000000 0.408709 0.000000 0.912665 0.000000 0.000000 0.000000
7077.443359 0.000000 2279.177002 0.000000 0.253711 0.000000 0.967280 0.000000 0.000000 0.000000
7076.219727 0.000000 2299.532471 0.000000 0.040034 0.000000 0.999198 0.000000 0.000000 0.000000
7074.441895 0.000000 2293.338379 0.000000 0.177459 0.000000 0.984128 1.000000 1.000000 1.000000
7075.024414 0.000000 2279.947021 0.000000 0.842567 0.000000 0.538592 0.000000 0.000000 0.000000
6996.109863 0.000000 2384.033447 0.000000 0.237801 0.000000 0.971314 0.000000 0.000000 0.000000
6995.875488 0.000000 2387.792480 0.000000 0.827247 0.000000 0.561838 1.000000 1.000000 1.000000
6881.639160 0.000000 2515.350098 0.000000 0.158119 0.000000 0.987420 0.000000 0.000000 0.000000
6865.983398 0.000000 2506.680664 0.000000 0.832994 0.000000 0.553282 0.000000 0.000000 0.000000
6884.675781 0.000000 2518.154541 0.000000 0.800882 0.000000 0.598822 0.000000 0.000000 0.000000
6878.089844 0.000000 2514.247803 0.000000 0.789263 0.000000 0.614055 0.000000 0.000000 0.000000
6866.867188 0.000000 2528.276367 0.000000 0.864250 0.000000 0.503063 0.000000 0.000000 0.000000
6880.693359 0.000000 2537.300781 0.000000 0.629718 0.000000 0.776824 1.000000 1.000000 1.000000
6869.175293 0.000000 2520.530518 0.000000 0.934135 0.000000 0.356919 1.000000 1.000000 1.000000
6875.115234 0.000000 2514.596191 0.000000 0.421523 0.000000 0.906817 1.000000 1.000000 1.000000
6871.654785 0.000000 2518.968018 0.000000 0.632506 0.000000 0.774555 1.000000 1.000000 1.000000
6867.150879 0.000000 2519.073975 0.000000 0.471548 0.000000 0.881840 1.000000 1.000000 1.000000
6882.441895 0.000000 2519.275879 0.000000 0.403444 0.000000 0.915004 0.000000 0.000000 0.000000
6864.687988 0.000000 2520.497559 0.000000 0.609707 0.000000 0.792627 1.000000 1.000000 1.000000
6876.691406 0.000000 2533.404785 0.000000 0.763569 0.000000 0.645727 1.000000 1.000000 1.000000
6878.667969 0.000000 2521.693848 0.000000 0.916731 0.000000 0.399504 1.000000 1.000000 1.000000
6973.935547 0.000000 2515.342529 0.000000 0.468914 0.000000 0.883244 0.000000 0.000000 0.000000
6971.875488 0.000000 2499.518799 0.000000 0.016549 0.000000 0.999863 0.000000 0.000000 0.000000
6967.542480 0.000000 2508.442383 0.000000 0.454622 0.000000 0.890685 0.000000 0.000000 0.000000
6958.165527 0.000000 2559.339111 0.000000 0.835867 0.000000 0.548933 0.000000 0.000000 0.000000
6951.443848 0.000000 2553.086182 0.000000 0.337280 0.000000 0.941404 0.000000 0.000000 0.000000
6962.335449 0.000000 2562.689941 0.000000 0.660216 0.000000 0.751076 1.000000 1.000000 1.000000
6960.015137 0.000000 2569.578369 0.000000 0.370125 0.000000 0.928982 1.000000 1.000000 1.000000
6945.860352 0.000000 2550.538086 0.000000 0.216214 0.000000 0.976346 0.000000 0.000000 0.000000
6950.386719 0.000000 2564.145020 0.000000 0.341040 0.000000 0.940049 0.000000 0.000000 0.000000
6947.895020 0.000000 2554.310547 0.000000 0.587912 0.000000 0.808925 0.000000 0.000000 0.000000
6963.409180 0.000000 2567.283203 0.000000 0.376248 0.000000 0.926519 1.000000 1.000000 1.000000
6957.452148 0.000000 2570.366699 0.000000 0.894171 0.000000 0.447725 1.000000 1.000000 1.000000
6945.496582 0.000000 2566.027588 0.000000 0.816282 0.000000 0.577653 0.000000 0.000000 0.000000
6948.534668 0.000000 2558.974854 0.000000 0.298188 0.000000 0.954507 1.000000 1.000000 1.000000
6950.985352 0.000000 2573.661377 0.000000 0.693213 0.000000 0.720733 1.000000 1.000000 1.000000
7050.749023 0.000000 2527.505371 0.000000 0.868833 0.000000 0.495105 0.000000 0.000000 0.000000
7057.116211 0.000000 2532.560059 0.000000 0.264650 0.000000 0.964345 0.000000 0.000000 0.000000
7052.244629 0.000000 2535.929199 0.000000 0.133899 0.000000 0.990995 1.000000 1.000000 1.000000
7051.346680 0.000000 2533.276611 0.000000 0.906900 0.000000 0.421346 1.000000 1.000000 1.000000
7052.406250 0.000000 2542.745117 0.000000 0.193851 0.000000 0.981031 0.000000 0.000000 0.000000
6944.693359 0.000000 2706.753906 0.000000 0.024989 0.000000 0.999688 0.000000 0.000000 0.000000
6954.622559 0.000000 2708.790771 0.000000 0.919071 0.000000 0.394093 1.000000 1.000000 1.000000
6959.961914 0.000000 2710.025635 0.000000 0.498043 0.000000 0.867153 1.000000 1.000000 1.000000
7177.424316 0.000000 2343.733154 0.000000 0.737591 0.000000 0.675248 0.000000 0.000000 0.000000
7179.713867 0.000000 2353.862549 0.000000 0.698477 0.000000 0.715633 0.000000 0.000000 0.000000
7179.443359 0.000000 2345.846436 0.000000 0.611154 0.000000 0.791512 0.000000 0.000000 0.000000
7182.569336 0.000000 2349.628174 0.000000 0.084367 0.000000 0.996435 0.000000 0.000000 0.000000
7219.915527 0.000000 2384.385010 0.000000 0.926361 0.000000 0.376637 0.000000 0.000000 0.000000
7223.430664 0.000000 2386.220703 0.000000 0.796893 0.000000 0.604121 0.000000 0.000000 0.000000
7225.786621 0.000000 2376.868652 0.000000 0.580341 0.000000 0.814374 0.000000 0.000000 0.000000
7216.446289 0.000000 2383.174561 0.000000 0.461812 0.000000 0.886978 0.000000 0.000000 0.000000
7226.815430 0.000000 2379.912842 0.000000 0.291181 0.000000 0.956668 0.000000 0.000000 0.000000
7229.258301 0.000000 2384.358154 0.000000 0.830463 0.000000 0.557073 1.000000 1.000000 1.000000
7224.373535 0.000000 2372.482178 0.000000 0.688052 0.000000 0.725662 1.000000 1.000000 1.000000
7251.921875 0.000000 2396.669189 0.000000 0.723395 0.000000 0.690434 0.000000 0.000000 0.000000
7290.133789 0.000000 2399.808105 0.000000 0.178108 0.000000 0.984011 0.000000 0.000000 0.000000
7246.146973 0.000000 2394.197266 0.000000 0.240293 0.000000 0.970701 0.000000 0.000000 0.000000
7241.095215 0.000000 2384.331055 0.000000 0.820392 0.000000 0.571802 0.000000 0.000000 0.000000
7287.430664 0.000000 2386.220703 0.000000 0.689263 0.000000 0.724512 0.000000 0.000000 0.000000
7232.173340 0.000000 2374.168457 0.000000 0.064345 0.000000 0.997928 0.000000 0.000000 0.000000
7232.522461 0.000000 2388.045898 0.000000 0.803863 0.000000 0.594814 0.000000 0.000000 0.000000
7247.712891 0.000000 2390.958008 0.000000 0.475156 0.000000 0.879901 0.000000 0.000000 0.000000
7237.963867 0.000000 2393.042725 0.000000 0.389700 0.000000 0.920942 0.000000 0.000000 0.000000
7283.006836 0.000000 2380.788818 0.000000 0.399832 0.000000 0.916589 0.000000 0.000000 0.000000
7277.457031 0.000000 2376.557373 0.000000 0.342683 0.000000 0.939451 0.000000 0.000000 0.000000
7241.939941 0.000000 2387.632080 0.000000 0.906142 0.000000 0.422973 0.000000 0.000000 0.000000
7290.815430 0.000000 2379.912842 0.000000 0.626542 0.000000 0.779387 0.000000 0.000000 0.000000
7286.469238 0.000000 2382.497803 0.000000 0.303198 0.000000 0.952928 1.000000 1.000000 1.000000
7244.424805 0.000000 2390.763428 0.000000 0.423097 0.000000 0.906084 0.000000 0.000000 0.000000
7234.492188 0.000000 2375.933350 0.000000 0.346170 0.000000 0.938172 0.000000 0.000000 0.000000
7274.549316 0.000000 2383.455078 0.000000 0.691124 0.000000 0.722736 0.000000 0.000000 0.000000
7282.542480 0.000000 2378.142334 0.000000 0.819572 0.000000 0.572976 0.000000 0.000000 0.000000
7291.279297 0.000000 2397.545166 0.000000 0.346353 0.000000 0.938104 0.000000 0.000000 0.000000
7288.357422 0.000000 2380.690674 0.000000 0.354087 0.000000 0.935213 1.000000 1.000000 1.000000
7295.940430 0.000000 2391.793213 0.000000 0.128536 0.000000 0.991705 1.000000 1.000000 1.000000
7305.163574 0.000000 2411.644531 0.000000 0.867616 0.000000 0.497234 0.000000 0.000000 0.000000
7299.605469 0.000000 2395.620361 0.000000 0.810206 0.000000 0.586145 1.000000 1.000000 1.000000
7297.602051 0.000000 2402.717041 0.000000 0.307679 0.000000 0.951490 0.000000 0.000000 0.000000
7303.290527 0.000000 2415.188965 0.000000 0.726018 0.000000 0.687675 0.000000 0.000000 0.000000
7305.808105 0.000000 2408.049316 0.000000 0.420864 0.000000 0.907124 0.000000 0.000000 0.000000
7300.219238 0.000000 2404.977783 0.000000 0.150256 0.000000 0.988647 1.000000 1.000000 1.000000
7296.205078 0.000000 2394.762451 0.000000 0.761661 0.000000 0.647976 1.000000 1.000000 1.000000
7303.290527 0.000000 2407.016113 0.000000 0.219664 0.000000 0.975576 1.000000 1.000000 1.000000
7303.173340 0.000000 2401.550537 0.000000 0.716013 0.000000 0.698087 1.000000 1.000000 1.000000
7186.736816 0.000000 2591.917969 0.000000 0.860424 0.000000 0.509578 0.000000 0.000000 0.000000
7181.066406 0.000000 2595.013184 0.000000 0.743762 0.000000 0.668445 0.000000 0.000000 0.000000
7338.581543 0.000000 2560.601807 0.000000 0.606080 0.000000 0.795404 0.000000 0.000000 0.000000
7343.844727 0.000000 2548.907227 0.000000 0.838120 0.000000 0.545487 0.000000 0.000000 0.000000
7338.133789 0.000000 2545.934326 0.000000 0.789932 0.000000 0.613194 0.000000 0.000000 0.000000
7351.430664 0.000000 2555.673828 0.000000 0.627346 0.000000 0.778741 0.000000 0.000000 0.000000
7348.612793 0.000000 2557.508789 0.000000 0.220106 0.000000 0.975476 0.000000 0.000000 0.000000
7369.095215 0.000000 2553.784180 0.000000 0.749247 0.000000 0.662291 0.000000 0.000000 0.000000
7372.396484 0.000000 2554.304688 0.000000 0.565009 0.000000 0.825084 0.000000 0.000000 0.000000
7366.202148 0.000000 2553.309570 0.000000 0.590510 0.000000 0.807030 1.000000 1.000000 1.000000
7190.797363 0.000000 2599.255859 0.000000 0.244164 0.000000 0.969734 0.000000 0.000000 0.000000
7177.095215 0.000000 2610.268555 0.000000 0.804840 0.000000 0.593491 0.000000 0.000000 0.000000
7190.003418 0.000000 2611.983643 0.000000 0.424978 0.000000 0.905203 0.000000 0.000000 0.000000
7196.263672 0.000000 2607.577393 0.000000 0.281339 0.000000 0.959608 0.000000 0.000000 0.000000
7192.357910 0.000000 2606.792236 0.000000 0.511201 0.000000 0.859461 0.000000 0.000000 0.000000
7177.939941 0.000000 2613.569580 0.000000 0.908607 0.000000 0.417652 0.000000 0.000000 0.000000
7179.443359 0.000000 2628.268311 0.000000 0.788416 0.000000 0.615142 0.000000 0.000000 0.000000
7174.202148 0.000000 2609.793945 0.000000 0.400034 0.000000 0.916500 0.000000 0.000000 0.000000
7174.297363 0.000000 2599.629395 0.000000 0.311436 0.000000 0.950267 0.000000 0.000000 0.000000
7184.003418 0.000000 2625.583984 0.000000 0.192483 0.000000 0.981300 1.000000 1.000000 1.000000
6950.270996 0.000000 2712.656982 0.000000 0.110636 0.000000 0.993861 0.000000 0.000000 0.000000
6946.139648 0.000000 2712.976318 0.000000 0.872277 0.000000 0.489012 0.000000 0.000000 0.000000
6957.457031 0.000000 2715.463623 0.000000 0.595433 0.000000 0.803405 0.000000 0.000000 0.000000
6961.495117 0.000000 2711.350098 0.000000 0.299715 0.000000 0.954029 1.000000 1.000000 1.000000
6959.681152 0.000000 2714.151855 0.000000 0.303950 0.000000 0.952688 0.000000 0.000000 0.000000
6955.597168 0.000000 2713.274414 0.000000 0.147024 0.000000 0.989133 1.000000 1.000000 1.000000
7350.872070 0.000000 2757.584473 0.000000 0.283147 0.000000 0.959077 0.000000 0.000000 0.000000
7356.718750 0.000000 2752.481445 0.000000 0.148818 0.000000 0.988865 0.000000 0.000000 0.000000
7353.397461 0.000000 2749.400391 0.000000 0.847356 0.000000 0.531025 1.000000 1.000000 1.000000
7367.693359 0.000000 2743.082520 0.000000 0.221027 0.000000 0.975268 0.000000 0.000000 0.000000
7374.124512 0.000000 2740.258789 0.000000 0.191004 0.000000 0.981589 0.000000 0.000000 0.000000
7371.443359 0.000000 2741.237061 0.000000 0.914683 0.000000 0.404173 0.000000 0.000000 0.000000
7362.786133 0.000000 2746.150635 0.000000 0.470243 0.000000 0.882537 1.000000 1.000000 1.000000
7367.852051 0.000000 2748.427490 0.000000 0.429555 0.000000 0.903040 1.000000 1.000000 1.000000
"}
object={
	name="asian_dynamic_mining_objects_generator_1_1"
	clamp_to_water_level=no
	render_under_water=no
	generated_content=yes
	layer="mines_dynamic"
	pdxmesh="generic_rural_mining_coaldepo_02_mesh"
	count=287
	transform="6324.449707 0.000000 1614.322998 0.000000 0.953914 0.000000 -0.300079 0.000000 0.000000 0.000000
6322.278320 0.000000 1612.271362 0.000000 0.989441 0.000000 -0.144938 0.000000 0.000000 0.000000
6321.258789 0.000000 1619.019531 0.000000 0.830693 0.000000 -0.556731 1.000000 1.000000 1.000000
6397.935547 0.000000 1611.592529 0.000000 0.999564 0.000000 0.029538 0.000000 0.000000 0.000000
6393.915527 0.000000 1648.761597 0.000000 0.976188 0.000000 -0.216924 0.000000 0.000000 0.000000
6374.643555 0.000000 1689.749023 0.000000 0.998064 0.000000 -0.062195 1.000000 1.000000 1.000000
6368.693359 0.000000 1690.035156 0.000000 0.951789 0.000000 0.306754 1.000000 1.000000 1.000000
6372.314453 0.000000 1691.442749 0.000000 0.987354 0.000000 -0.158529 1.000000 1.000000 1.000000
6351.347656 0.000000 1694.815308 0.000000 0.960727 0.000000 -0.277495 0.000000 0.000000 0.000000
6374.192871 0.000000 1700.238159 0.000000 0.998244 0.000000 0.059235 0.000000 0.000000 0.000000
6377.896973 0.000000 1694.559570 0.000000 0.987016 0.000000 0.160620 0.000000 0.000000 0.000000
6355.958008 0.000000 1701.243774 0.000000 0.845944 0.000000 -0.533271 0.000000 0.000000 0.000000
6375.590820 0.000000 1698.146362 0.000000 0.864364 0.000000 -0.502867 0.000000 0.000000 0.000000
6401.476562 0.000000 1644.505615 0.000000 0.998661 0.000000 0.051727 0.000000 0.000000 0.000000
6782.612305 0.000000 1633.202759 0.000000 0.892405 0.000000 -0.451236 0.000000 0.000000 0.000000
6775.010742 0.000000 1636.515381 0.000000 0.999740 0.000000 -0.022793 0.000000 0.000000 0.000000
6777.915527 0.000000 1648.761597 0.000000 0.965212 0.000000 -0.261469 0.000000 0.000000 0.000000
6769.916504 0.000000 1655.836914 0.000000 0.990770 0.000000 0.135553 0.000000 0.000000 0.000000
6775.430664 0.000000 1651.923950 0.000000 0.884753 0.000000 -0.466060 0.000000 0.000000 0.000000
6772.612793 0.000000 1653.758911 0.000000 0.971415 0.000000 0.237386 0.000000 0.000000 0.000000
6772.340820 0.000000 1638.382935 0.000000 0.936756 0.000000 -0.349983 1.000000 1.000000 1.000000
6769.495117 0.000000 1638.146973 0.000000 0.968065 0.000000 0.250701 0.000000 0.000000 0.000000
6772.969238 0.000000 1642.404785 0.000000 0.937568 0.000000 0.347801 0.000000 0.000000 0.000000
6797.066406 0.000000 1634.778687 0.000000 0.929590 0.000000 -0.368595 0.000000 0.000000 0.000000
6790.827637 0.000000 1637.561401 0.000000 0.969211 0.000000 -0.246232 0.000000 0.000000 0.000000
6793.437988 0.000000 1638.864502 0.000000 0.960048 0.000000 -0.279835 0.000000 0.000000 0.000000
6784.173340 0.000000 1639.871460 0.000000 0.999353 0.000000 -0.035957 0.000000 0.000000 0.000000
6897.916504 0.000000 1768.805664 0.000000 0.994781 0.000000 -0.102029 0.000000 0.000000 0.000000
6894.917969 0.000000 1772.330322 0.000000 0.936980 0.000000 -0.349382 0.000000 0.000000 0.000000
6926.189453 0.000000 1674.490601 0.000000 0.977743 0.000000 -0.209805 0.000000 0.000000 0.000000
6926.124512 0.000000 1667.055664 0.000000 0.996596 0.000000 0.082435 0.000000 0.000000 0.000000
6943.822266 0.000000 1664.108032 0.000000 0.957092 0.000000 -0.289785 0.000000 0.000000 0.000000
6938.771973 0.000000 1687.957153 0.000000 0.995342 0.000000 -0.096408 0.000000 0.000000 0.000000
6941.234863 0.000000 1661.755615 0.000000 0.999261 0.000000 0.038445 0.000000 0.000000 0.000000
6938.132812 0.000000 1672.498657 0.000000 0.851009 0.000000 -0.525152 0.000000 0.000000 0.000000
6941.260254 0.000000 1672.316162 0.000000 0.884744 0.000000 -0.466076 0.000000 0.000000 0.000000
6933.228027 0.000000 1675.952026 0.000000 0.946518 0.000000 -0.322652 1.000000 1.000000 1.000000
6938.616211 0.000000 1662.129272 0.000000 0.838998 0.000000 -0.544134 0.000000 0.000000 0.000000
6939.115234 0.000000 1667.330566 0.000000 0.985420 0.000000 -0.170139 1.000000 1.000000 1.000000
7389.587891 0.000000 1375.292725 0.000000 0.958732 0.000000 0.284310 0.000000 0.000000 0.000000
7380.724609 0.000000 1385.325439 0.000000 0.995040 0.000000 -0.099478 1.000000 1.000000 1.000000
6083.856934 0.000000 2196.478271 0.000000 0.984963 0.000000 0.172766 0.000000 0.000000 0.000000
6080.226074 0.000000 2197.723145 0.000000 0.934323 0.000000 -0.356429 0.000000 0.000000 0.000000
6088.260254 0.000000 2211.896240 0.000000 0.956365 0.000000 0.292175 1.000000 1.000000 1.000000
6236.683105 0.000000 1990.387085 0.000000 0.879499 0.000000 -0.475901 0.000000 0.000000 0.000000
6243.373047 0.000000 2003.896484 0.000000 0.828929 0.000000 -0.559354 0.000000 0.000000 0.000000
6230.909180 0.000000 1987.953003 0.000000 0.922267 0.000000 -0.386553 0.000000 0.000000 0.000000
6394.165039 0.000000 1943.019409 0.000000 0.876952 0.000000 -0.480577 0.000000 0.000000 0.000000
6379.534668 0.000000 1936.458496 0.000000 0.959825 0.000000 -0.280598 0.000000 0.000000 0.000000
6512.887695 0.000000 1832.375488 0.000000 0.927641 0.000000 -0.373473 0.000000 0.000000 0.000000
6514.335449 0.000000 1828.393066 0.000000 0.871137 0.000000 -0.491040 0.000000 0.000000 0.000000
6523.206543 0.000000 1837.480713 0.000000 0.990943 0.000000 0.134286 0.000000 0.000000 0.000000
6519.542480 0.000000 1830.629761 0.000000 0.957665 0.000000 -0.287884 1.000000 1.000000 1.000000
6518.928223 0.000000 1824.385010 0.000000 0.960647 0.000000 -0.277772 1.000000 1.000000 1.000000
6574.444824 0.000000 1858.862183 0.000000 0.979355 0.000000 0.202150 0.000000 0.000000 0.000000
6533.963867 0.000000 1828.198975 0.000000 0.978073 0.000000 -0.208262 0.000000 0.000000 0.000000
6532.219238 0.000000 1840.134155 0.000000 0.845133 0.000000 -0.534556 0.000000 0.000000 0.000000
6557.587891 0.000000 1827.167725 0.000000 0.980536 0.000000 0.196337 0.000000 0.000000 0.000000
6540.396484 0.000000 1820.007812 0.000000 0.992640 0.000000 0.121105 0.000000 0.000000 0.000000
6540.424805 0.000000 1825.919800 0.000000 0.972710 0.000000 -0.232025 1.000000 1.000000 1.000000
6557.075684 0.000000 1859.900146 0.000000 0.953352 0.000000 -0.301862 1.000000 1.000000 1.000000
6569.246582 0.000000 1855.811768 0.000000 0.849142 0.000000 -0.528164 0.000000 0.000000 0.000000
6543.212891 0.000000 1819.953369 0.000000 0.998165 0.000000 0.060546 0.000000 0.000000 0.000000
6538.422852 0.000000 1831.247559 0.000000 0.999992 0.000000 0.004096 1.000000 1.000000 1.000000
6533.178223 0.000000 1832.869995 0.000000 0.937212 0.000000 0.348761 1.000000 1.000000 1.000000
6551.654785 0.000000 1841.155518 0.000000 0.989560 0.000000 -0.144121 1.000000 1.000000 1.000000
6530.873047 0.000000 1833.790283 0.000000 0.984878 0.000000 -0.173247 1.000000 1.000000 1.000000
6548.387207 0.000000 1834.297119 0.000000 0.990712 0.000000 -0.135978 1.000000 1.000000 1.000000
6535.324707 0.000000 1834.109985 0.000000 0.925080 0.000000 -0.379772 1.000000 1.000000 1.000000
6566.192871 0.000000 1869.691284 0.000000 0.949879 0.000000 0.312618 0.000000 0.000000 0.000000
6569.896973 0.000000 1864.012695 0.000000 0.975722 0.000000 0.219011 0.000000 0.000000 0.000000
6564.294922 0.000000 1867.641113 0.000000 0.956759 0.000000 0.290883 1.000000 1.000000 1.000000
6567.590820 0.000000 1867.599487 0.000000 0.905438 0.000000 -0.424479 0.000000 0.000000 0.000000
6496.693359 0.000000 2028.941406 0.000000 0.999504 0.000000 -0.031504 0.000000 0.000000 0.000000
6505.246582 0.000000 2025.264893 0.000000 0.967664 0.000000 -0.252241 0.000000 0.000000 0.000000
6517.008789 0.000000 2021.174927 0.000000 0.994922 0.000000 -0.100647 0.000000 0.000000 0.000000
6522.085938 0.000000 2024.111694 0.000000 0.977236 0.000000 -0.212157 0.000000 0.000000 0.000000
6516.503418 0.000000 2031.370728 0.000000 0.999413 0.000000 -0.034271 1.000000 1.000000 1.000000
6523.743652 0.000000 2027.680664 0.000000 0.993185 0.000000 -0.116545 1.000000 1.000000 1.000000
6167.828125 0.000000 2227.067383 0.000000 0.991320 0.000000 0.131473 0.000000 0.000000 0.000000
6178.040527 0.000000 2221.195557 0.000000 0.961354 0.000000 -0.275316 0.000000 0.000000 0.000000
6183.553711 0.000000 2220.093018 0.000000 0.945805 0.000000 -0.324734 0.000000 0.000000 0.000000
6524.365723 0.000000 2036.165161 0.000000 0.984884 0.000000 0.173214 0.000000 0.000000 0.000000
6516.340820 0.000000 2033.773560 0.000000 0.999990 0.000000 -0.004587 1.000000 1.000000 1.000000
6513.495117 0.000000 2033.537598 0.000000 0.952202 0.000000 0.305468 0.000000 0.000000 0.000000
6516.969238 0.000000 2037.795410 0.000000 0.955712 0.000000 -0.294304 1.000000 1.000000 1.000000
6500.142090 0.000000 2033.532715 0.000000 0.910296 0.000000 -0.413959 1.000000 1.000000 1.000000
6520.373535 0.000000 2033.575928 0.000000 0.937586 0.000000 0.347752 1.000000 1.000000 1.000000
6848.390625 0.000000 1851.050171 0.000000 0.948936 0.000000 -0.315467 0.000000 0.000000 0.000000
6851.898438 0.000000 1860.256592 0.000000 0.992593 0.000000 0.121491 1.000000 1.000000 1.000000
6850.492188 0.000000 1867.573975 0.000000 0.994463 0.000000 0.105089 1.000000 1.000000 1.000000
6856.260254 0.000000 1872.989990 0.000000 0.925283 0.000000 -0.379276 0.000000 0.000000 0.000000
6858.448242 0.000000 1867.589355 0.000000 0.948343 0.000000 0.317246 0.000000 0.000000 0.000000
6850.759766 0.000000 1873.098999 0.000000 0.911473 0.000000 -0.411361 1.000000 1.000000 1.000000
6244.176270 0.000000 2472.847656 0.000000 0.983422 0.000000 0.181333 0.000000 0.000000 0.000000
6260.392090 0.000000 2477.214844 0.000000 0.980975 0.000000 -0.194133 0.000000 0.000000 0.000000
6240.693359 0.000000 2480.816406 0.000000 0.996395 0.000000 -0.084840 1.000000 1.000000 1.000000
6249.246582 0.000000 2477.139893 0.000000 0.854068 0.000000 -0.520162 0.000000 0.000000 0.000000
6229.436035 0.000000 2480.125977 0.000000 0.969126 0.000000 -0.246565 1.000000 1.000000 1.000000
6261.008789 0.000000 2473.050049 0.000000 0.895658 0.000000 -0.444744 0.000000 0.000000 0.000000
6255.961914 0.000000 2484.088135 0.000000 0.960220 0.000000 -0.279244 1.000000 1.000000 1.000000
6241.210938 0.000000 2478.270996 0.000000 0.964602 0.000000 0.263711 1.000000 1.000000 1.000000
6522.165039 0.000000 2281.925781 0.000000 0.889444 0.000000 -0.457044 0.000000 0.000000 0.000000
6525.449707 0.000000 2268.861084 0.000000 0.999758 0.000000 -0.022010 0.000000 0.000000 0.000000
6441.927734 0.000000 2360.592529 0.000000 0.999936 0.000000 -0.011282 0.000000 0.000000 0.000000
6448.763672 0.000000 2355.665771 0.000000 0.992010 0.000000 0.126156 0.000000 0.000000 0.000000
6438.643555 0.000000 2367.561523 0.000000 0.975993 0.000000 0.217800 0.000000 0.000000 0.000000
6429.075684 0.000000 2368.259521 0.000000 0.949281 0.000000 -0.314428 1.000000 1.000000 1.000000
6414.569336 0.000000 2349.628174 0.000000 0.954418 0.000000 0.298473 0.000000 0.000000 0.000000
6447.560547 0.000000 2358.623047 0.000000 0.899994 0.000000 -0.435902 1.000000 1.000000 1.000000
6537.939941 0.000000 2274.663330 0.000000 0.991659 0.000000 0.128892 1.000000 1.000000 1.000000
6540.424805 0.000000 2277.794678 0.000000 0.955435 0.000000 -0.295202 0.000000 0.000000 0.000000
6536.260254 0.000000 2268.380615 0.000000 0.998674 0.000000 0.051488 0.000000 0.000000 0.000000
6530.759766 0.000000 2268.489502 0.000000 0.982017 0.000000 -0.188794 1.000000 1.000000 1.000000
6614.797363 0.000000 2316.833984 0.000000 0.999673 0.000000 -0.025556 0.000000 0.000000 0.000000
6629.084961 0.000000 2330.656982 0.000000 0.972972 0.000000 0.230922 0.000000 0.000000 0.000000
6618.661621 0.000000 2337.297119 0.000000 0.979026 0.000000 0.203735 0.000000 0.000000 0.000000
6650.165039 0.000000 2338.410156 0.000000 0.958019 0.000000 0.286705 0.000000 0.000000 0.000000
6630.192871 0.000000 2321.566162 0.000000 0.995964 0.000000 -0.089756 0.000000 0.000000 0.000000
6646.755859 0.000000 2341.954834 0.000000 0.871780 0.000000 -0.489897 0.000000 0.000000 0.000000
6627.650879 0.000000 2338.801758 0.000000 0.975398 0.000000 -0.220452 0.000000 0.000000 0.000000
6621.565918 0.000000 2359.158203 0.000000 0.937072 0.000000 -0.349135 0.000000 0.000000 0.000000
6631.553711 0.000000 2333.061768 0.000000 0.948811 0.000000 0.315845 0.000000 0.000000 0.000000
6621.536621 0.000000 2355.872559 0.000000 0.925635 0.000000 -0.378418 0.000000 0.000000 0.000000
6646.469238 0.000000 2326.013428 0.000000 0.974386 0.000000 -0.224880 0.000000 0.000000 0.000000
6632.221680 0.000000 2336.302734 0.000000 0.999998 0.000000 0.002064 1.000000 1.000000 1.000000
6634.549316 0.000000 2326.970703 0.000000 0.989562 0.000000 -0.144110 0.000000 0.000000 0.000000
6621.260254 0.000000 2350.128662 0.000000 0.847243 0.000000 -0.531206 0.000000 0.000000 0.000000
6634.478516 0.000000 2341.596436 0.000000 0.990977 0.000000 -0.134034 0.000000 0.000000 0.000000
6636.193359 0.000000 2336.803955 0.000000 1.000000 0.000000 -0.001006 1.000000 1.000000 1.000000
6619.115234 0.000000 2345.143066 0.000000 0.943626 0.000000 -0.331013 1.000000 1.000000 1.000000
6380.084473 0.000000 2516.056396 0.000000 0.998555 0.000000 -0.053743 1.000000 1.000000 1.000000
6391.033203 0.000000 2523.760498 0.000000 0.999906 0.000000 -0.013703 1.000000 1.000000 1.000000
6378.699707 0.000000 2525.691406 0.000000 0.966451 0.000000 -0.256852 0.000000 0.000000 0.000000
6366.662598 0.000000 2531.502930 0.000000 0.848878 0.000000 -0.528588 0.000000 0.000000 0.000000
6374.737793 0.000000 2523.790283 0.000000 0.985400 0.000000 0.170255 0.000000 0.000000 0.000000
6377.246582 0.000000 2533.624268 0.000000 0.956211 0.000000 0.292679 0.000000 0.000000 0.000000
6386.278320 0.000000 2516.021484 0.000000 0.975477 0.000000 -0.220102 1.000000 1.000000 1.000000
6372.314453 0.000000 2538.708496 0.000000 0.989767 0.000000 -0.142695 0.000000 0.000000 0.000000
6386.616699 0.000000 2531.365723 0.000000 0.949263 0.000000 0.314484 0.000000 0.000000 0.000000
6378.622559 0.000000 2539.337646 0.000000 0.999559 0.000000 -0.029692 1.000000 1.000000 1.000000
6378.452148 0.000000 2520.246582 0.000000 0.957627 0.000000 -0.288013 1.000000 1.000000 1.000000
6396.341309 0.000000 2538.480225 0.000000 0.988533 0.000000 0.151006 1.000000 1.000000 1.000000
6381.602051 0.000000 2525.237549 0.000000 0.999806 0.000000 -0.019696 1.000000 1.000000 1.000000
6374.352539 0.000000 2534.500977 0.000000 0.924012 0.000000 -0.382364 1.000000 1.000000 1.000000
6387.473145 0.000000 2525.690430 0.000000 0.975703 0.000000 0.219096 1.000000 1.000000 1.000000
6375.437012 0.000000 2512.694336 0.000000 0.997158 0.000000 -0.075336 0.000000 0.000000 0.000000
6383.681152 0.000000 2544.698730 0.000000 0.930976 0.000000 -0.365080 1.000000 1.000000 1.000000
6379.597168 0.000000 2543.821289 0.000000 0.963616 0.000000 0.267290 1.000000 1.000000 1.000000
6403.898438 0.000000 2538.069092 0.000000 0.900092 0.000000 -0.435701 0.000000 0.000000 0.000000
6400.956543 0.000000 2526.432373 0.000000 0.981581 0.000000 0.191047 1.000000 1.000000 1.000000
6553.550293 0.000000 2496.913818 0.000000 0.977403 0.000000 0.211384 0.000000 0.000000 0.000000
6563.373047 0.000000 2512.255859 0.000000 0.843478 0.000000 -0.537163 0.000000 0.000000 0.000000
6539.269531 0.000000 2494.642578 0.000000 0.991631 0.000000 -0.129102 0.000000 0.000000 0.000000
6540.406250 0.000000 2486.260742 0.000000 0.979888 0.000000 -0.199546 0.000000 0.000000 0.000000
6552.982910 0.000000 2489.186279 0.000000 0.968555 0.000000 -0.248798 0.000000 0.000000 0.000000
6543.844238 0.000000 2488.439697 0.000000 1.000000 0.000000 0.000672 1.000000 1.000000 1.000000
6554.616211 0.000000 2509.395020 0.000000 0.963755 0.000000 -0.266790 1.000000 1.000000 1.000000
6547.922852 0.000000 2489.111816 0.000000 0.987599 0.000000 -0.156997 1.000000 1.000000 1.000000
6564.534668 0.000000 2502.490479 0.000000 0.996068 0.000000 -0.088587 1.000000 1.000000 1.000000
6563.024414 0.000000 2505.884521 0.000000 0.997400 0.000000 0.072062 1.000000 1.000000 1.000000
6658.492188 0.000000 2262.964600 0.000000 0.895446 0.000000 -0.445169 1.000000 1.000000 1.000000
6658.759766 0.000000 2268.489502 0.000000 0.982138 0.000000 0.188164 1.000000 1.000000 1.000000
6735.660156 0.000000 2310.540283 0.000000 0.945356 0.000000 0.326040 1.000000 1.000000 1.000000
6741.436035 0.000000 2310.672852 0.000000 0.886631 0.000000 -0.462477 0.000000 0.000000 0.000000
6726.827637 0.000000 2315.373779 0.000000 0.966035 0.000000 0.258410 0.000000 0.000000 0.000000
6745.164062 0.000000 2315.234375 0.000000 0.854028 0.000000 -0.520227 0.000000 0.000000 0.000000
6739.100098 0.000000 2312.121826 0.000000 0.982977 0.000000 -0.183727 1.000000 1.000000 1.000000
6734.452148 0.000000 2314.969727 0.000000 0.860851 0.000000 -0.508858 1.000000 1.000000 1.000000
6742.343750 0.000000 2333.251709 0.000000 0.997699 0.000000 0.067803 0.000000 0.000000 0.000000
6733.243652 0.000000 2323.100586 0.000000 0.938186 0.000000 -0.346131 0.000000 0.000000 0.000000
6744.982910 0.000000 2319.733154 0.000000 0.954337 0.000000 0.298731 1.000000 1.000000 1.000000
6747.116211 0.000000 2334.334717 0.000000 0.999550 0.000000 -0.030001 0.000000 0.000000 0.000000
6726.297363 0.000000 2317.207520 0.000000 0.996185 0.000000 0.087272 0.000000 0.000000 0.000000
6742.909180 0.000000 2326.859131 0.000000 0.872982 0.000000 -0.487752 1.000000 1.000000 1.000000
6737.307129 0.000000 2326.805176 0.000000 0.956693 0.000000 -0.291098 0.000000 0.000000 0.000000
6807.427734 0.000000 2308.370361 0.000000 0.990893 0.000000 0.134648 0.000000 0.000000 0.000000
6845.935547 0.000000 2289.405029 0.000000 0.987617 0.000000 0.156883 0.000000 0.000000 0.000000
6819.373047 0.000000 2286.318359 0.000000 0.999930 0.000000 -0.011852 0.000000 0.000000 0.000000
6808.763672 0.000000 2290.106201 0.000000 0.966638 0.000000 -0.256147 0.000000 0.000000 0.000000
6834.335449 0.000000 2280.268066 0.000000 0.963922 0.000000 0.266183 0.000000 0.000000 0.000000
6832.015137 0.000000 2287.156494 0.000000 0.948208 0.000000 0.317649 0.000000 0.000000 0.000000
6820.314453 0.000000 2312.770996 0.000000 0.936928 0.000000 0.349521 1.000000 1.000000 1.000000
6810.616211 0.000000 2283.457520 0.000000 0.985020 0.000000 0.172440 0.000000 0.000000 0.000000
6828.193359 0.000000 2280.319580 0.000000 0.912490 0.000000 -0.409098 1.000000 1.000000 1.000000
6817.210938 0.000000 2308.817871 0.000000 0.925676 0.000000 -0.378317 1.000000 1.000000 1.000000
6822.352539 0.000000 2308.563477 0.000000 0.968129 0.000000 -0.250452 0.000000 0.000000 0.000000
6852.061523 0.000000 2275.584717 0.000000 0.913435 0.000000 -0.406986 0.000000 0.000000 0.000000
6854.798828 0.000000 2273.642090 0.000000 0.977740 0.000000 0.209821 0.000000 0.000000 0.000000
6825.927734 0.000000 2360.592529 0.000000 0.962324 0.000000 -0.271905 0.000000 0.000000 0.000000
6817.456543 0.000000 2329.784180 0.000000 0.944388 0.000000 -0.328835 0.000000 0.000000 0.000000
6820.176270 0.000000 2359.878906 0.000000 0.841179 0.000000 -0.540756 0.000000 0.000000 0.000000
6813.234863 0.000000 2339.568115 0.000000 0.947235 0.000000 -0.320539 0.000000 0.000000 0.000000
6813.587891 0.000000 2335.527100 0.000000 0.989350 0.000000 -0.145558 0.000000 0.000000 0.000000
6822.643555 0.000000 2367.561523 0.000000 0.994447 0.000000 -0.105235 1.000000 1.000000 1.000000
6806.343750 0.000000 2333.251709 0.000000 0.991419 0.000000 0.130723 1.000000 1.000000 1.000000
6825.246582 0.000000 2364.171143 0.000000 0.985024 0.000000 0.172418 0.000000 0.000000 0.000000
6820.294922 0.000000 2319.516113 0.000000 0.991943 0.000000 -0.126681 1.000000 1.000000 1.000000
6811.116211 0.000000 2334.334717 0.000000 0.967933 0.000000 0.251210 0.000000 0.000000 0.000000
6826.622559 0.000000 2369.884521 0.000000 0.980517 0.000000 -0.196432 1.000000 1.000000 1.000000
6822.352539 0.000000 2365.047852 0.000000 0.996960 0.000000 -0.077917 0.000000 0.000000 0.000000
6810.002441 0.000000 2329.894775 0.000000 0.946335 0.000000 0.323186 1.000000 1.000000 1.000000
7072.264648 0.000000 2281.243408 0.000000 0.933071 0.000000 -0.359691 0.000000 0.000000 0.000000
7075.650879 0.000000 2282.317383 0.000000 0.998404 0.000000 -0.056476 0.000000 0.000000 0.000000
7069.536621 0.000000 2299.388184 0.000000 0.974540 0.000000 0.224214 0.000000 0.000000 0.000000
7020.186523 0.000000 2420.052002 0.000000 0.999541 0.000000 -0.030306 0.000000 0.000000 0.000000
6990.716309 0.000000 2382.077393 0.000000 0.855432 0.000000 -0.517916 0.000000 0.000000 0.000000
7001.550293 0.000000 2383.945068 0.000000 0.953800 0.000000 -0.300441 0.000000 0.000000 0.000000
6989.333984 0.000000 2376.673096 0.000000 0.988148 0.000000 -0.153506 0.000000 0.000000 0.000000
7018.064453 0.000000 2423.667480 0.000000 0.985341 0.000000 0.170597 0.000000 0.000000 0.000000
6988.396484 0.000000 2384.851562 0.000000 0.988920 0.000000 -0.148447 0.000000 0.000000 0.000000
6991.212891 0.000000 2384.797119 0.000000 0.969018 0.000000 -0.246991 1.000000 1.000000 1.000000
7018.622559 0.000000 2426.368896 0.000000 0.998893 0.000000 -0.047037 0.000000 0.000000 0.000000
7018.133789 0.000000 2432.965576 0.000000 0.890047 0.000000 -0.455869 0.000000 0.000000 0.000000
7006.227539 0.000000 2433.385498 0.000000 0.955395 0.000000 -0.295332 0.000000 0.000000 0.000000
7007.085938 0.000000 2436.457031 0.000000 0.967306 0.000000 0.253611 0.000000 0.000000 0.000000
7009.860352 0.000000 2437.569336 0.000000 0.993840 0.000000 -0.110828 0.000000 0.000000 0.000000
6876.116211 0.000000 2540.728027 0.000000 0.999708 0.000000 0.024182 0.000000 0.000000 0.000000
6878.841309 0.000000 2516.944580 0.000000 0.981350 0.000000 0.192231 1.000000 1.000000 1.000000
6884.101074 0.000000 2533.173828 0.000000 0.969713 0.000000 -0.244247 0.000000 0.000000 0.000000
6869.228027 0.000000 2523.217529 0.000000 0.958343 0.000000 -0.285619 0.000000 0.000000 0.000000
6862.569336 0.000000 2519.081299 0.000000 0.954442 0.000000 -0.298396 0.000000 0.000000 0.000000
6868.724609 0.000000 2515.012939 0.000000 0.878441 0.000000 -0.477850 1.000000 1.000000 1.000000
6881.210938 0.000000 2534.755371 0.000000 0.957173 0.000000 0.289516 1.000000 1.000000 1.000000
6864.434082 0.000000 2515.373779 0.000000 0.949417 0.000000 -0.314020 1.000000 1.000000 1.000000
6971.206543 0.000000 2515.293213 0.000000 0.826531 0.000000 -0.562892 0.000000 0.000000 0.000000
6961.916504 0.000000 2559.586914 0.000000 0.952865 0.000000 -0.303394 0.000000 0.000000 0.000000
6940.263672 0.000000 2551.093018 0.000000 0.965658 0.000000 0.259816 0.000000 0.000000 0.000000
6957.457031 0.000000 2546.010498 0.000000 0.976352 0.000000 0.216187 0.000000 0.000000 0.000000
6955.550781 0.000000 2548.596680 0.000000 0.923867 0.000000 -0.382713 0.000000 0.000000 0.000000
6962.278320 0.000000 2572.505859 0.000000 0.999891 0.000000 -0.014750 0.000000 0.000000 0.000000
6954.452148 0.000000 2576.730957 0.000000 0.988705 0.000000 0.149872 0.000000 0.000000 0.000000
6950.658203 0.000000 2550.017822 0.000000 0.948166 0.000000 0.317776 0.000000 0.000000 0.000000
7059.100098 0.000000 2538.059326 0.000000 0.977000 0.000000 0.213241 0.000000 0.000000 0.000000
7055.844238 0.000000 2544.924072 0.000000 0.998606 0.000000 -0.052779 0.000000 0.000000 0.000000
6961.605957 0.000000 2707.619385 0.000000 0.987255 0.000000 0.159145 1.000000 1.000000 1.000000
6950.643555 0.000000 2706.467773 0.000000 0.890647 0.000000 -0.454695 0.000000 0.000000 0.000000
6964.392090 0.000000 2703.152344 0.000000 0.944645 0.000000 0.328093 1.000000 1.000000 1.000000
6954.699707 0.000000 2695.144531 0.000000 0.989787 0.000000 -0.142556 0.000000 0.000000 0.000000
6965.008789 0.000000 2698.987549 0.000000 0.943754 0.000000 -0.330647 0.000000 0.000000 0.000000
6964.503418 0.000000 2709.183105 0.000000 0.970078 0.000000 -0.242795 1.000000 1.000000 1.000000
6962.714844 0.000000 2705.238525 0.000000 0.994221 0.000000 0.107349 1.000000 1.000000 1.000000
7226.107422 0.000000 2371.059814 0.000000 0.999943 0.000000 0.010685 1.000000 1.000000 1.000000
7233.469238 0.000000 2370.407471 0.000000 0.967104 0.000000 0.254382 0.000000 0.000000 0.000000
7222.469238 0.000000 2382.497803 0.000000 0.989064 0.000000 -0.147490 0.000000 0.000000 0.000000
7220.340820 0.000000 2372.679932 0.000000 0.896987 0.000000 -0.442057 0.000000 0.000000 0.000000
7218.542480 0.000000 2378.142334 0.000000 0.977710 0.000000 -0.209961 1.000000 1.000000 1.000000
7231.450684 0.000000 2380.272949 0.000000 0.997785 0.000000 -0.066525 1.000000 1.000000 1.000000
7234.164551 0.000000 2391.715332 0.000000 0.952857 0.000000 -0.303420 0.000000 0.000000 0.000000
7290.165039 0.000000 2394.894531 0.000000 0.903333 0.000000 -0.428940 0.000000 0.000000 0.000000
7273.396484 0.000000 2386.102539 0.000000 0.912662 0.000000 -0.408716 0.000000 0.000000 0.000000
7291.875488 0.000000 2386.550049 0.000000 0.980457 0.000000 -0.196735 0.000000 0.000000 0.000000
7244.652344 0.000000 2397.770508 0.000000 0.907946 0.000000 -0.419088 0.000000 0.000000 0.000000
7276.817383 0.000000 2381.869629 0.000000 0.986639 0.000000 0.162919 0.000000 0.000000 0.000000
7236.061523 0.000000 2388.553467 0.000000 0.845325 0.000000 -0.534252 1.000000 1.000000 1.000000
7281.098145 0.000000 2386.719727 0.000000 0.993871 0.000000 -0.110545 0.000000 0.000000 0.000000
7292.880859 0.000000 2395.573486 0.000000 0.994710 0.000000 0.102725 0.000000 0.000000 0.000000
7299.589355 0.000000 2384.726074 0.000000 0.999730 0.000000 -0.023238 0.000000 0.000000 0.000000
7306.048340 0.000000 2417.843994 0.000000 0.998043 0.000000 -0.062526 0.000000 0.000000 0.000000
7296.073242 0.000000 2410.905273 0.000000 0.944170 0.000000 -0.329458 0.000000 0.000000 0.000000
7296.522461 0.000000 2388.045898 0.000000 0.977085 0.000000 -0.212849 1.000000 1.000000 1.000000
7301.963867 0.000000 2393.042725 0.000000 0.997657 0.000000 -0.068422 0.000000 0.000000 0.000000
7296.974121 0.000000 2385.051514 0.000000 0.989907 0.000000 0.141721 0.000000 0.000000 0.000000
7303.852051 0.000000 2409.521240 0.000000 0.976896 0.000000 0.213717 0.000000 0.000000 0.000000
7303.324707 0.000000 2398.953857 0.000000 0.998881 0.000000 -0.047292 1.000000 1.000000 1.000000
7342.917969 0.000000 2563.111572 0.000000 0.992030 0.000000 -0.126003 0.000000 0.000000 0.000000
7358.127441 0.000000 2559.236816 0.000000 0.998718 0.000000 -0.050616 0.000000 0.000000 0.000000
7334.192871 0.000000 2547.503662 0.000000 0.951702 0.000000 0.307025 0.000000 0.000000 0.000000
7345.098145 0.000000 2556.172852 0.000000 0.975033 0.000000 0.222059 0.000000 0.000000 0.000000
7355.669434 0.000000 2561.501709 0.000000 0.930177 0.000000 -0.367112 0.000000 0.000000 0.000000
7346.542480 0.000000 2547.595459 0.000000 0.999722 0.000000 0.023579 0.000000 0.000000 0.000000
7365.963867 0.000000 2562.495850 0.000000 0.999900 0.000000 -0.014165 0.000000 0.000000 0.000000
7369.939941 0.000000 2557.085205 0.000000 0.925515 0.000000 -0.378711 0.000000 0.000000 0.000000
7192.982910 0.000000 2602.155029 0.000000 0.946619 0.000000 -0.322354 1.000000 1.000000 1.000000
7178.422852 0.000000 2622.028809 0.000000 0.992475 0.000000 0.122445 1.000000 1.000000 1.000000
7187.958008 0.000000 2604.993896 0.000000 0.924438 0.000000 -0.381333 0.000000 0.000000 0.000000
7187.922852 0.000000 2602.080566 0.000000 0.977513 0.000000 -0.210876 0.000000 0.000000 0.000000
6963.006836 0.000000 2719.695068 0.000000 0.998795 0.000000 -0.049075 0.000000 0.000000 0.000000
6948.142090 0.000000 2711.345215 0.000000 0.999998 0.000000 0.002013 0.000000 0.000000 0.000000
7351.033203 0.000000 2749.697998 0.000000 0.988635 0.000000 -0.150336 1.000000 1.000000 1.000000
7354.988770 0.000000 2744.884033 0.000000 0.995415 0.000000 -0.095651 1.000000 1.000000 1.000000
7369.808105 0.000000 2746.955566 0.000000 0.961102 0.000000 0.276195 0.000000 0.000000 0.000000
7370.749023 0.000000 2753.442871 0.000000 0.991208 0.000000 -0.132315 1.000000 1.000000 1.000000
7366.113770 0.000000 2750.208496 0.000000 0.878473 0.000000 -0.477792 1.000000 1.000000 1.000000
7363.167969 0.000000 2755.202637 0.000000 0.958177 0.000000 -0.286177 1.000000 1.000000 1.000000
7367.290527 0.000000 2745.922363 0.000000 0.993474 0.000000 -0.114057 1.000000 1.000000 1.000000
7367.626953 0.000000 2757.600342 0.000000 0.904049 0.000000 -0.427429 0.000000 0.000000 0.000000
"}
object={
	name="asian_dynamic_mining_objects_generator_1_2"
	clamp_to_water_level=no
	render_under_water=no
	generated_content=yes
	layer="mines_dynamic"
	pdxmesh="generic_rural_mining_pile_01_mesh"
	count=79
	transform="6398.888184 0.000000 1618.187500 0.000000 0.807386 0.000000 -0.590024 1.000000 1.000000 1.000000
6377.246582 0.000000 1686.358643 0.000000 0.801260 0.000000 -0.598316 1.000000 1.000000 1.000000
6364.263672 0.000000 1703.827271 0.000000 0.665675 0.000000 -0.746242 0.000000 0.000000 0.000000
6369.860352 0.000000 1703.272461 0.000000 0.693941 0.000000 -0.720032 0.000000 0.000000 0.000000
6781.041992 0.000000 1637.220581 0.000000 0.687955 0.000000 -0.725753 0.000000 0.000000 0.000000
6766.444824 0.000000 1632.924683 0.000000 0.744074 0.000000 -0.668097 0.000000 0.000000 0.000000
6767.961914 0.000000 1636.822388 0.000000 0.664746 0.000000 -0.747069 1.000000 1.000000 1.000000
6896.887695 0.000000 1775.891113 0.000000 0.724229 0.000000 -0.689560 0.000000 0.000000 0.000000
6894.165527 0.000000 1768.557861 0.000000 0.768107 0.000000 -0.640321 0.000000 0.000000 0.000000
7382.596680 0.000000 1376.156128 0.000000 0.685785 0.000000 -0.727804 0.000000 0.000000 0.000000
7383.828125 0.000000 1379.801758 0.000000 0.684749 0.000000 -0.728779 0.000000 0.000000 0.000000
6073.614258 0.000000 2198.787354 0.000000 0.822301 0.000000 -0.569053 0.000000 0.000000 0.000000
6079.022949 0.000000 2200.571777 0.000000 0.762970 0.000000 -0.646434 1.000000 1.000000 1.000000
6573.255371 0.000000 1862.375488 0.000000 0.674059 0.000000 -0.738677 0.000000 0.000000 0.000000
6554.132812 0.000000 1841.951782 0.000000 0.812862 0.000000 -0.582456 0.000000 0.000000 0.000000
6544.003418 0.000000 1834.802734 0.000000 0.785418 0.000000 -0.618966 1.000000 1.000000 1.000000
6502.643555 0.000000 2028.655273 0.000000 0.815340 0.000000 -0.578983 0.000000 0.000000 0.000000
6522.107422 0.000000 2032.153564 0.000000 0.797667 0.000000 -0.603098 1.000000 1.000000 1.000000
6179.373047 0.000000 2229.833984 0.000000 0.791445 0.000000 -0.611240 1.000000 1.000000 1.000000
6177.860352 0.000000 2211.631836 0.000000 0.814830 0.000000 -0.579700 0.000000 0.000000 0.000000
6505.896973 0.000000 2033.465820 0.000000 0.665122 0.000000 -0.746734 0.000000 0.000000 0.000000
6509.457031 0.000000 2037.651001 0.000000 0.693931 0.000000 -0.720041 0.000000 0.000000 0.000000
6846.112305 0.000000 1851.418701 0.000000 0.790015 0.000000 -0.613087 0.000000 0.000000 0.000000
6844.365723 0.000000 1866.712036 0.000000 0.748169 0.000000 -0.663508 1.000000 1.000000 1.000000
6852.015137 0.000000 1870.071411 0.000000 0.781281 0.000000 -0.624179 1.000000 1.000000 1.000000
6260.503418 0.000000 2483.245605 0.000000 0.666545 0.000000 -0.745465 0.000000 0.000000 0.000000
6513.098145 0.000000 2273.750977 0.000000 0.719647 0.000000 -0.694340 0.000000 0.000000 0.000000
6514.335449 0.000000 2280.268066 0.000000 0.742306 0.000000 -0.670061 0.000000 0.000000 0.000000
6519.542480 0.000000 2282.504883 0.000000 0.689053 0.000000 -0.724711 0.000000 0.000000 0.000000
6446.271484 0.000000 2353.147949 0.000000 0.810209 0.000000 -0.586141 0.000000 0.000000 0.000000
6428.116211 0.000000 2371.274902 0.000000 0.732297 0.000000 -0.680986 1.000000 1.000000 1.000000
6436.314453 0.000000 2369.255371 0.000000 0.795275 0.000000 -0.606248 1.000000 1.000000 1.000000
6442.622559 0.000000 2369.884521 0.000000 0.810917 0.000000 -0.585161 1.000000 1.000000 1.000000
6530.164551 0.000000 2278.746582 0.000000 0.730414 0.000000 -0.683004 0.000000 0.000000 0.000000
6621.075684 0.000000 2311.775146 0.000000 0.675476 0.000000 -0.737382 0.000000 0.000000 0.000000
6561.860352 0.000000 2324.600586 0.000000 0.788924 0.000000 -0.614491 0.000000 0.000000 0.000000
6653.733887 0.000000 2350.069580 0.000000 0.789709 0.000000 -0.613481 0.000000 0.000000 0.000000
6629.993652 0.000000 2345.422607 0.000000 0.820043 0.000000 -0.572302 0.000000 0.000000 0.000000
6625.456543 0.000000 2329.784180 0.000000 0.775443 0.000000 -0.631417 0.000000 0.000000 0.000000
6620.683105 0.000000 2329.293213 0.000000 0.806387 0.000000 -0.591388 0.000000 0.000000 0.000000
6553.164062 0.000000 2484.687500 0.000000 0.712495 0.000000 -0.701678 0.000000 0.000000 0.000000
6403.167969 0.000000 2529.265137 0.000000 0.762180 0.000000 -0.647366 0.000000 0.000000 0.000000
6545.893555 0.000000 2498.627197 0.000000 0.777886 0.000000 -0.628406 0.000000 0.000000 0.000000
6528.522461 0.000000 2501.014648 0.000000 0.801284 0.000000 -0.598285 0.000000 0.000000 0.000000
6561.456543 0.000000 2499.237305 0.000000 0.745805 0.000000 -0.666165 0.000000 0.000000 0.000000
6556.263672 0.000000 2494.608643 0.000000 0.735354 0.000000 -0.677683 0.000000 0.000000 0.000000
6564.294922 0.000000 2488.969238 0.000000 0.696742 0.000000 -0.717322 0.000000 0.000000 0.000000
6724.256348 0.000000 2314.890625 0.000000 0.724077 0.000000 -0.689720 0.000000 0.000000 0.000000
6737.653320 0.000000 2324.328857 0.000000 0.747302 0.000000 -0.664484 1.000000 1.000000 1.000000
6736.764160 0.000000 2331.811279 0.000000 0.775630 0.000000 -0.631188 0.000000 0.000000 0.000000
6740.109863 0.000000 2327.549072 0.000000 0.807585 0.000000 -0.589752 1.000000 1.000000 1.000000
6739.922852 0.000000 2319.658691 0.000000 0.686550 0.000000 -0.727082 1.000000 1.000000 1.000000
6720.974121 0.000000 2328.567139 0.000000 0.816876 0.000000 -0.576814 0.000000 0.000000 0.000000
6840.270996 0.000000 2279.884766 0.000000 0.750603 0.000000 -0.660753 1.000000 1.000000 1.000000
6817.860352 0.000000 2324.600586 0.000000 0.809287 0.000000 -0.587414 1.000000 1.000000 1.000000
6820.314453 0.000000 2369.255371 0.000000 0.793674 0.000000 -0.608344 0.000000 0.000000 0.000000
6815.881836 0.000000 2318.508789 0.000000 0.710359 0.000000 -0.703840 1.000000 1.000000 1.000000
7025.605957 0.000000 2425.197510 0.000000 0.811205 0.000000 -0.584762 0.000000 0.000000 0.000000
6877.260254 0.000000 2519.581787 0.000000 0.745235 0.000000 -0.666802 1.000000 1.000000 1.000000
6966.755859 0.000000 2511.407959 0.000000 0.797287 0.000000 -0.603600 0.000000 0.000000 0.000000
6956.084473 0.000000 2572.540771 0.000000 0.773742 0.000000 -0.633501 1.000000 1.000000 1.000000
6958.630859 0.000000 2565.573486 0.000000 0.736596 0.000000 -0.676333 0.000000 0.000000 0.000000
7061.436035 0.000000 2536.610352 0.000000 0.794510 0.000000 -0.607251 0.000000 0.000000 0.000000
7054.452148 0.000000 2540.907227 0.000000 0.739950 0.000000 -0.672661 0.000000 0.000000 0.000000
6962.616699 0.000000 2700.818848 0.000000 0.784962 0.000000 -0.619544 0.000000 0.000000 0.000000
7218.569336 0.000000 2371.833252 0.000000 0.694674 0.000000 -0.719325 0.000000 0.000000 0.000000
7177.808105 0.000000 2351.564941 0.000000 0.807658 0.000000 -0.589651 0.000000 0.000000 0.000000
7220.503418 0.000000 2370.276855 0.000000 0.726462 0.000000 -0.687206 0.000000 0.000000 0.000000
7230.127441 0.000000 2389.783691 0.000000 0.754790 0.000000 -0.655967 0.000000 0.000000 0.000000
7238.798828 0.000000 2386.610840 0.000000 0.753174 0.000000 -0.657821 0.000000 0.000000 0.000000
7301.178223 0.000000 2397.713867 0.000000 0.767128 0.000000 -0.641494 1.000000 1.000000 1.000000
7330.074219 0.000000 2547.316650 0.000000 0.765965 0.000000 -0.642883 0.000000 0.000000 0.000000
7362.759766 0.000000 2550.911377 0.000000 0.740634 0.000000 -0.671909 1.000000 1.000000 1.000000
7181.243652 0.000000 2605.522461 0.000000 0.694047 0.000000 -0.719929 0.000000 0.000000 0.000000
6964.969238 0.000000 2715.607910 0.000000 0.717886 0.000000 -0.696160 1.000000 1.000000 1.000000
7359.097656 0.000000 2750.639160 0.000000 0.715815 0.000000 -0.698290 0.000000 0.000000 0.000000
7349.008789 0.000000 2755.471924 0.000000 0.803824 0.000000 -0.594867 0.000000 0.000000 0.000000
7358.888184 0.000000 2747.875000 0.000000 0.717466 0.000000 -0.696594 1.000000 1.000000 1.000000
7364.219238 0.000000 2743.884033 0.000000 0.786823 0.000000 -0.617179 0.000000 0.000000 0.000000
"}
object={
	name="asian_dynamic_mining_objects_generator_1_3"
	clamp_to_water_level=no
	render_under_water=no
	generated_content=yes
	layer="mines_dynamic"
	pdxmesh="generic_rural_mining_pile_02_mesh"
	count=59
	transform="6313.605957 0.000000 1619.043945 0.000000 0.503695 0.000000 -0.863881 0.000000 0.000000 0.000000
6302.662598 0.000000 1627.752930 0.000000 0.518028 0.000000 -0.855364 0.000000 0.000000 0.000000
6365.565918 0.000000 1681.345581 0.000000 0.519611 0.000000 -0.854403 0.000000 0.000000 0.000000
6888.221680 0.000000 1771.458862 0.000000 0.575672 0.000000 -0.817681 0.000000 0.000000 0.000000
6929.216309 0.000000 1677.928101 0.000000 0.636393 0.000000 -0.771365 0.000000 0.000000 0.000000
6068.885254 0.000000 2198.157471 0.000000 0.514730 0.000000 -0.857352 0.000000 0.000000 0.000000
6243.650879 0.000000 1999.895508 0.000000 0.604783 0.000000 -0.796390 0.000000 0.000000 0.000000
6523.279297 0.000000 1832.701538 0.000000 0.618366 0.000000 -0.785890 1.000000 1.000000 1.000000
6561.456543 0.000000 1821.424927 0.000000 0.657528 0.000000 -0.753430 0.000000 0.000000 0.000000
6535.173340 0.000000 1836.706665 0.000000 0.531535 0.000000 -0.847037 1.000000 1.000000 1.000000
6513.605957 0.000000 2029.807007 0.000000 0.492990 0.000000 -0.870035 0.000000 0.000000 0.000000
6514.616699 0.000000 2023.006348 0.000000 0.545870 0.000000 -0.837870 1.000000 1.000000 1.000000
6181.084961 0.000000 2217.688232 0.000000 0.585393 0.000000 -0.810750 0.000000 0.000000 0.000000
6170.616211 0.000000 2226.973145 0.000000 0.596680 0.000000 -0.802480 0.000000 0.000000 0.000000
6660.256348 0.000000 2258.406250 0.000000 0.624219 0.000000 -0.781249 1.000000 1.000000 1.000000
6254.583984 0.000000 2477.608643 0.000000 0.510737 0.000000 -0.859737 1.000000 1.000000 1.000000
6423.871582 0.000000 2355.340332 0.000000 0.634170 0.000000 -0.773193 0.000000 0.000000 0.000000
6455.879395 0.000000 2359.054199 0.000000 0.642006 0.000000 -0.766699 0.000000 0.000000 0.000000
6421.389160 0.000000 2359.085205 0.000000 0.650685 0.000000 -0.759348 1.000000 1.000000 1.000000
6642.317383 0.000000 2262.566162 0.000000 0.566948 0.000000 -0.823754 0.000000 0.000000 0.000000
6651.742676 0.000000 2353.536377 0.000000 0.519361 0.000000 -0.854555 0.000000 0.000000 0.000000
6647.370605 0.000000 2349.514893 0.000000 0.469277 0.000000 -0.883051 1.000000 1.000000 1.000000
6418.974121 0.000000 2373.746582 0.000000 0.658070 0.000000 -0.752957 0.000000 0.000000 0.000000
6429.269531 0.000000 2374.503174 0.000000 0.602824 0.000000 -0.797874 0.000000 0.000000 0.000000
6257.495117 0.000000 2485.412598 0.000000 0.532444 0.000000 -0.846465 1.000000 1.000000 1.000000
6391.879395 0.000000 2528.507324 0.000000 0.577396 0.000000 -0.816464 1.000000 1.000000 1.000000
6389.008789 0.000000 2529.534424 0.000000 0.581260 0.000000 -0.813718 0.000000 0.000000 0.000000
6391.370605 0.000000 2518.968018 0.000000 0.590634 0.000000 -0.806939 1.000000 1.000000 1.000000
6374.985352 0.000000 2517.177002 0.000000 0.653271 0.000000 -0.757124 1.000000 1.000000 1.000000
6385.258789 0.000000 2522.769531 0.000000 0.512552 0.000000 -0.858656 1.000000 1.000000 1.000000
6565.993652 0.000000 2514.875732 0.000000 0.559872 0.000000 -0.828579 0.000000 0.000000 0.000000
6550.343750 0.000000 2502.704834 0.000000 0.588046 0.000000 -0.808828 1.000000 1.000000 1.000000
6555.116211 0.000000 2503.787842 0.000000 0.631761 0.000000 -0.775163 1.000000 1.000000 1.000000
6675.922852 0.000000 2263.174316 0.000000 0.578852 0.000000 -0.815432 0.000000 0.000000 0.000000
6813.234863 0.000000 2283.083740 0.000000 0.606087 0.000000 -0.795398 0.000000 0.000000 0.000000
6835.409180 0.000000 2284.861328 0.000000 0.525834 0.000000 -0.850587 0.000000 0.000000 0.000000
6847.940430 0.000000 2278.824463 0.000000 0.550140 0.000000 -0.835072 1.000000 1.000000 1.000000
6850.164551 0.000000 2278.746582 0.000000 0.506068 0.000000 -0.862494 0.000000 0.000000 0.000000
6848.974121 0.000000 2272.082764 0.000000 0.522521 0.000000 -0.852627 1.000000 1.000000 1.000000
6801.653320 0.000000 2324.328857 0.000000 0.539872 0.000000 -0.841747 0.000000 0.000000 0.000000
6823.590820 0.000000 2319.474609 0.000000 0.525251 0.000000 -0.850947 1.000000 1.000000 1.000000
6985.453613 0.000000 2378.663086 0.000000 0.555114 0.000000 -0.831774 0.000000 0.000000 0.000000
6998.343750 0.000000 2389.736084 0.000000 0.642911 0.000000 -0.765941 0.000000 0.000000 0.000000
6874.132812 0.000000 2519.764404 0.000000 0.627516 0.000000 -0.778604 1.000000 1.000000 1.000000
6974.127441 0.000000 2502.752441 0.000000 0.543933 0.000000 -0.839129 0.000000 0.000000 0.000000
6951.437012 0.000000 2569.178711 0.000000 0.621905 0.000000 -0.783092 1.000000 1.000000 1.000000
6947.024414 0.000000 2562.368896 0.000000 0.565874 0.000000 -0.824492 1.000000 1.000000 1.000000
7049.597656 0.000000 2535.187988 0.000000 0.553655 0.000000 -0.832746 0.000000 0.000000 0.000000
6948.314453 0.000000 2708.161621 0.000000 0.585230 0.000000 -0.810867 1.000000 1.000000 1.000000
6948.101074 0.000000 2702.626953 0.000000 0.649880 0.000000 -0.760037 0.000000 0.000000 0.000000
6945.210938 0.000000 2704.208496 0.000000 0.496351 0.000000 -0.868122 0.000000 0.000000 0.000000
7227.875488 0.000000 2386.550049 0.000000 0.572108 0.000000 -0.820178 0.000000 0.000000 0.000000
7232.110840 0.000000 2382.708252 0.000000 0.643211 0.000000 -0.765689 0.000000 0.000000 0.000000
7298.164551 0.000000 2391.715332 0.000000 0.563419 0.000000 -0.826171 0.000000 0.000000 0.000000
7342.165527 0.000000 2559.339111 0.000000 0.573885 0.000000 -0.818936 0.000000 0.000000 0.000000
7360.974121 0.000000 2554.504639 0.000000 0.473555 0.000000 -0.880764 0.000000 0.000000 0.000000
7184.310547 0.000000 2623.075928 0.000000 0.601402 0.000000 -0.798946 0.000000 0.000000 0.000000
7185.653320 0.000000 2606.750732 0.000000 0.650104 0.000000 -0.759845 1.000000 1.000000 1.000000
7362.892090 0.000000 2749.451172 0.000000 0.659670 0.000000 -0.751555 0.000000 0.000000 0.000000
"}
object={
	name="asian_dynamic_mining_objects_generator_1_4"
	clamp_to_water_level=no
	render_under_water=no
	generated_content=yes
	layer="mines_dynamic"
	pdxmesh="generic_rural_mining_entrance_01_mesh"
	count=67
	transform="6392.851562 0.000000 1613.174927 0.000000 0.272792 0.000000 -0.962073 0.000000 0.000000 0.000000
6769.605957 0.000000 1634.416382 0.000000 0.441840 0.000000 -0.897094 1.000000 1.000000 1.000000
6783.835938 0.000000 1642.531006 0.000000 0.425702 0.000000 -0.904863 1.000000 1.000000 1.000000
6784.226074 0.000000 1632.879517 0.000000 0.338514 0.000000 -0.940961 0.000000 0.000000 0.000000
7389.536621 0.000000 1395.638184 0.000000 0.338942 0.000000 -0.940807 0.000000 0.000000 0.000000
6078.612305 0.000000 2198.046631 0.000000 0.268794 0.000000 -0.963198 0.000000 0.000000 0.000000
6074.107422 0.000000 2201.606689 0.000000 0.374295 0.000000 -0.927310 0.000000 0.000000 0.000000
6065.495117 0.000000 2202.990723 0.000000 0.257337 0.000000 -0.966322 1.000000 1.000000 1.000000
6238.773926 0.000000 1993.424805 0.000000 0.461520 0.000000 -0.887130 0.000000 0.000000 0.000000
6230.596680 0.000000 1997.484253 0.000000 0.354885 0.000000 -0.934910 0.000000 0.000000 0.000000
6230.343750 0.000000 1994.345337 0.000000 0.358782 0.000000 -0.933421 0.000000 0.000000 0.000000
6228.109863 0.000000 1988.642822 0.000000 0.332402 0.000000 -0.943138 0.000000 0.000000 0.000000
6544.764160 0.000000 1823.452026 0.000000 0.416602 0.000000 -0.909089 0.000000 0.000000 0.000000
6500.314453 0.000000 2030.348999 0.000000 0.288782 0.000000 -0.957395 1.000000 1.000000 1.000000
6177.456543 0.000000 2216.815430 0.000000 0.451088 0.000000 -0.892480 0.000000 0.000000 0.000000
6171.921387 0.000000 2218.846436 0.000000 0.343617 0.000000 -0.939110 0.000000 0.000000 0.000000
6500.294922 0.000000 2037.094238 0.000000 0.254018 0.000000 -0.967199 0.000000 0.000000 0.000000
6839.010742 0.000000 1862.452881 0.000000 0.421239 0.000000 -0.906950 0.000000 0.000000 0.000000
6842.107422 0.000000 1862.700439 0.000000 0.288556 0.000000 -0.957463 1.000000 1.000000 1.000000
6861.243652 0.000000 1871.225464 0.000000 0.317209 0.000000 -0.948356 1.000000 1.000000 1.000000
6244.101074 0.000000 2476.689453 0.000000 0.281063 0.000000 -0.959689 0.000000 0.000000 0.000000
6422.690430 0.000000 2343.876221 0.000000 0.363375 0.000000 -0.931643 0.000000 0.000000 0.000000
6442.699707 0.000000 2356.238281 0.000000 0.392883 0.000000 -0.919588 1.000000 1.000000 1.000000
6543.712891 0.000000 2277.989258 0.000000 0.364707 0.000000 -0.931122 0.000000 0.000000 0.000000
6540.396484 0.000000 2271.882812 0.000000 0.329009 0.000000 -0.944327 0.000000 0.000000 0.000000
6638.271484 0.000000 2353.147949 0.000000 0.357941 0.000000 -0.933744 0.000000 0.000000 0.000000
6622.089844 0.000000 2344.794678 0.000000 0.252265 0.000000 -0.967658 0.000000 0.000000 0.000000
6651.669434 0.000000 2335.564209 0.000000 0.384526 0.000000 -0.923114 0.000000 0.000000 0.000000
6645.610352 0.000000 2351.352295 0.000000 0.374791 0.000000 -0.927109 1.000000 1.000000 1.000000
6384.015137 0.000000 2513.093994 0.000000 0.358328 0.000000 -0.933596 0.000000 0.000000 0.000000
6394.107422 0.000000 2540.512939 0.000000 0.305744 0.000000 -0.952114 0.000000 0.000000 0.000000
6372.101074 0.000000 2533.173828 0.000000 0.302164 0.000000 -0.953256 0.000000 0.000000 0.000000
6385.495117 0.000000 2541.896973 0.000000 0.363541 0.000000 -0.931578 0.000000 0.000000 0.000000
6543.712891 0.000000 2503.926758 0.000000 0.299063 0.000000 -0.954233 0.000000 0.000000 0.000000
6566.386719 0.000000 2507.660645 0.000000 0.402148 0.000000 -0.915575 0.000000 0.000000 0.000000
6660.015137 0.000000 2265.462158 0.000000 0.348338 0.000000 -0.937369 1.000000 1.000000 1.000000
6747.921387 0.000000 2331.815186 0.000000 0.411202 0.000000 -0.911544 1.000000 1.000000 1.000000
6817.639160 0.000000 2289.412598 0.000000 0.390516 0.000000 -0.920596 0.000000 0.000000 0.000000
6821.084961 0.000000 2274.172607 0.000000 0.279095 0.000000 -0.960264 0.000000 0.000000 0.000000
6830.630859 0.000000 2283.151611 0.000000 0.463671 0.000000 -0.886007 1.000000 1.000000 1.000000
6807.931152 0.000000 2311.092285 0.000000 0.271016 0.000000 -0.962575 0.000000 0.000000 0.000000
6810.771973 0.000000 2365.769775 0.000000 0.447417 0.000000 -0.894325 0.000000 0.000000 0.000000
6808.982910 0.000000 2319.733154 0.000000 0.463679 0.000000 -0.886003 0.000000 0.000000 0.000000
6804.109863 0.000000 2327.549072 0.000000 0.432095 0.000000 -0.901828 1.000000 1.000000 1.000000
6981.568848 0.000000 2376.361572 0.000000 0.387169 0.000000 -0.922009 0.000000 0.000000 0.000000
7022.444824 0.000000 2423.706055 0.000000 0.299911 0.000000 -0.953967 0.000000 0.000000 0.000000
7014.643555 0.000000 2424.045898 0.000000 0.319446 0.000000 -0.947604 0.000000 0.000000 0.000000
6878.662598 0.000000 2531.502930 0.000000 0.421131 0.000000 -0.907000 0.000000 0.000000 0.000000
6955.534668 0.000000 2557.786621 0.000000 0.336813 0.000000 -0.941572 0.000000 0.000000 0.000000
7061.636230 0.000000 2539.814697 0.000000 0.408156 0.000000 -0.912912 0.000000 0.000000 0.000000
7047.290527 0.000000 2528.157715 0.000000 0.434367 0.000000 -0.900736 0.000000 0.000000 0.000000
7055.660156 0.000000 2536.477783 0.000000 0.448048 0.000000 -0.894010 1.000000 1.000000 1.000000
7228.270508 0.000000 2364.193115 0.000000 0.408346 0.000000 -0.912827 0.000000 0.000000 0.000000
7230.612305 0.000000 2367.499756 0.000000 0.369586 0.000000 -0.929197 0.000000 0.000000 0.000000
7265.456543 0.000000 2386.268555 0.000000 0.288305 0.000000 -0.957539 0.000000 0.000000 0.000000
7271.443848 0.000000 2383.633057 0.000000 0.355390 0.000000 -0.934718 0.000000 0.000000 0.000000
7296.110840 0.000000 2382.708252 0.000000 0.264232 0.000000 -0.964459 0.000000 0.000000 0.000000
7298.873047 0.000000 2398.634033 0.000000 0.402662 0.000000 -0.915349 1.000000 1.000000 1.000000
7189.636230 0.000000 2596.299072 0.000000 0.454395 0.000000 -0.890800 0.000000 0.000000 0.000000
7183.660156 0.000000 2592.962158 0.000000 0.322633 0.000000 -0.946524 0.000000 0.000000 0.000000
7187.100098 0.000000 2594.543701 0.000000 0.362403 0.000000 -0.932022 0.000000 0.000000 0.000000
7354.165039 0.000000 2564.347656 0.000000 0.342633 0.000000 -0.939469 0.000000 0.000000 0.000000
7341.457031 0.000000 2546.010498 0.000000 0.240311 0.000000 -0.970696 0.000000 0.000000 0.000000
7188.109863 0.000000 2609.970947 0.000000 0.401133 0.000000 -0.916020 1.000000 1.000000 1.000000
7184.434082 0.000000 2628.342529 0.000000 0.271079 0.000000 -0.962557 0.000000 0.000000 0.000000
6954.133789 0.000000 2715.387451 0.000000 0.240423 0.000000 -0.970668 0.000000 0.000000 0.000000
7351.879395 0.000000 2754.444824 0.000000 0.292715 0.000000 -0.956200 1.000000 1.000000 1.000000
"}
object={
	name="asian_dynamic_mining_objects_generator_1_5"
	clamp_to_water_level=no
	render_under_water=no
	generated_content=yes
	layer="mines_dynamic"
	pdxmesh="generic_rural_mining_entrance_02_mesh"
	count=73
	transform="6388.392090 0.000000 1629.949219 0.000000 0.235373 0.000000 -0.971905 1.000000 1.000000 1.000000
6353.114746 0.000000 1692.606689 0.000000 0.158329 0.000000 -0.987386 0.000000 0.000000 0.000000
6395.875488 0.000000 1652.253052 0.000000 0.143252 0.000000 -0.989686 0.000000 0.000000 0.000000
6374.352539 0.000000 1687.235352 0.000000 0.021559 0.000000 -0.999768 1.000000 1.000000 1.000000
6349.243652 0.000000 1701.772339 0.000000 0.238265 0.000000 -0.971200 0.000000 0.000000 0.000000
6355.922852 0.000000 1698.330688 0.000000 0.087350 0.000000 -0.996178 1.000000 1.000000 1.000000
6898.335449 0.000000 1771.908691 0.000000 0.011986 0.000000 -0.999928 0.000000 0.000000 0.000000
6935.654785 0.000000 1671.702393 0.000000 0.176627 0.000000 -0.984278 1.000000 1.000000 1.000000
6086.656738 0.000000 2195.224121 0.000000 0.204345 0.000000 -0.978899 0.000000 0.000000 0.000000
6225.653320 0.000000 1985.422485 0.000000 0.061923 0.000000 -0.998081 0.000000 0.000000 0.000000
6515.409180 0.000000 1832.986206 0.000000 0.141572 0.000000 -0.989928 0.000000 0.000000 0.000000
6527.940430 0.000000 1826.949463 0.000000 0.179310 0.000000 -0.983793 1.000000 1.000000 1.000000
6564.314453 0.000000 1860.895874 0.000000 0.022611 0.000000 -0.999744 1.000000 1.000000 1.000000
6549.175293 0.000000 1842.718018 0.000000 0.085921 0.000000 -0.996302 0.000000 0.000000 0.000000
6544.434082 0.000000 1837.561157 0.000000 0.111905 0.000000 -0.993719 0.000000 0.000000 0.000000
6566.352539 0.000000 1856.688477 0.000000 0.146858 0.000000 -0.989157 1.000000 1.000000 1.000000
6173.587891 0.000000 2222.558350 0.000000 0.078795 0.000000 -0.996891 1.000000 1.000000 1.000000
6171.116211 0.000000 2221.365967 0.000000 0.095500 0.000000 -0.995429 1.000000 1.000000 1.000000
6847.022949 0.000000 1861.665527 0.000000 0.126870 0.000000 -0.991919 0.000000 0.000000 0.000000
6847.835938 0.000000 1868.468506 0.000000 0.066793 0.000000 -0.997767 0.000000 0.000000 0.000000
6865.893555 0.000000 1877.299194 0.000000 0.023271 0.000000 -0.999729 0.000000 0.000000 0.000000
6861.333984 0.000000 1868.313721 0.000000 0.077858 0.000000 -0.996964 0.000000 0.000000 0.000000
6854.927734 0.000000 1870.331787 0.000000 0.176433 0.000000 -0.984313 1.000000 1.000000 1.000000
6237.075684 0.000000 2481.228271 0.000000 0.085909 0.000000 -0.996303 1.000000 1.000000 1.000000
6258.616699 0.000000 2474.881348 0.000000 0.160359 0.000000 -0.987059 0.000000 0.000000 0.000000
6227.100098 0.000000 2481.574951 0.000000 0.211194 0.000000 -0.977444 0.000000 0.000000 0.000000
6230.697754 0.000000 2475.346680 0.000000 0.137904 0.000000 -0.990446 1.000000 1.000000 1.000000
6436.176270 0.000000 2359.878906 0.000000 0.019037 0.000000 -0.999819 0.000000 0.000000 0.000000
6411.443359 0.000000 2345.846436 0.000000 0.209814 0.000000 -0.977741 0.000000 0.000000 0.000000
6425.164062 0.000000 2371.718750 0.000000 0.152607 0.000000 -0.988287 1.000000 1.000000 1.000000
6614.003418 0.000000 2329.561768 0.000000 0.189279 0.000000 -0.981923 0.000000 0.000000 0.000000
6636.877441 0.000000 2349.646240 0.000000 0.156830 0.000000 -0.987626 0.000000 0.000000 0.000000
6650.988770 0.000000 2349.493408 0.000000 0.198876 0.000000 -0.980025 0.000000 0.000000 0.000000
6619.116211 0.000000 2334.334717 0.000000 0.011741 0.000000 -0.999931 1.000000 1.000000 1.000000
6648.270996 0.000000 2336.369141 0.000000 0.180510 0.000000 -0.983573 1.000000 1.000000 1.000000
6634.452148 0.000000 2350.793457 0.000000 0.041771 0.000000 -0.999127 1.000000 1.000000 1.000000
6251.597168 0.000000 2487.336914 0.000000 0.166979 0.000000 -0.985960 0.000000 0.000000 0.000000
6389.610352 0.000000 2520.805420 0.000000 0.208442 0.000000 -0.978035 1.000000 1.000000 1.000000
6383.560547 0.000000 2528.076172 0.000000 0.049985 0.000000 -0.998750 1.000000 1.000000 1.000000
6388.503418 0.000000 2539.729980 0.000000 0.074590 0.000000 -0.997214 1.000000 1.000000 1.000000
6388.340820 0.000000 2542.133057 0.000000 0.210691 0.000000 -0.977553 0.000000 0.000000 0.000000
6548.950195 0.000000 2494.481689 0.000000 0.129918 0.000000 -0.991525 0.000000 0.000000 0.000000
6559.085938 0.000000 2492.941406 0.000000 0.016014 0.000000 -0.999872 0.000000 0.000000 0.000000
6662.202148 0.000000 2270.887695 0.000000 0.208567 0.000000 -0.978008 0.000000 0.000000 0.000000
6662.927734 0.000000 2265.722412 0.000000 0.007137 0.000000 -0.999975 1.000000 1.000000 1.000000
6826.478516 0.000000 2285.112061 0.000000 0.093694 0.000000 -0.995601 1.000000 1.000000 1.000000
6826.064453 0.000000 2367.183105 0.000000 0.191566 0.000000 -0.981480 0.000000 0.000000 0.000000
6810.844238 0.000000 2317.576904 0.000000 0.218724 0.000000 -0.975787 0.000000 0.000000 0.000000
6802.974121 0.000000 2317.262207 0.000000 0.028071 0.000000 -0.999606 0.000000 0.000000 0.000000
6808.755859 0.000000 2335.208496 0.000000 0.085881 0.000000 -0.996305 1.000000 1.000000 1.000000
7071.949707 0.000000 2293.631104 0.000000 0.136265 0.000000 -0.990672 0.000000 0.000000 0.000000
6987.269531 0.000000 2381.673828 0.000000 0.189912 0.000000 -0.981801 0.000000 0.000000 0.000000
6995.922852 0.000000 2376.143066 0.000000 0.137415 0.000000 -0.990514 0.000000 0.000000 0.000000
6884.314453 0.000000 2538.708496 0.000000 0.136434 0.000000 -0.990649 0.000000 0.000000 0.000000
6868.387207 0.000000 2512.109619 0.000000 0.065958 0.000000 -0.997822 1.000000 1.000000 1.000000
6976.290527 0.000000 2519.677734 0.000000 0.140027 0.000000 -0.990148 0.000000 0.000000 0.000000
6976.522461 0.000000 2501.014648 0.000000 0.208896 0.000000 -0.977938 0.000000 0.000000 0.000000
6982.798828 0.000000 2499.579590 0.000000 0.120401 0.000000 -0.992725 0.000000 0.000000 0.000000
6948.193359 0.000000 2549.255859 0.000000 0.196691 0.000000 -0.980465 0.000000 0.000000 0.000000
7053.646484 0.000000 2526.058838 0.000000 0.085545 0.000000 -0.996334 0.000000 0.000000 0.000000
7053.152832 0.000000 2530.543457 0.000000 0.212085 0.000000 -0.977251 1.000000 1.000000 1.000000
6959.152344 0.000000 2700.236328 0.000000 0.064355 0.000000 -0.997927 0.000000 0.000000 0.000000
7248.310547 0.000000 2397.138428 0.000000 0.102766 0.000000 -0.994706 0.000000 0.000000 0.000000
7275.550781 0.000000 2379.143555 0.000000 0.109211 0.000000 -0.994019 0.000000 0.000000 0.000000
7305.424316 0.000000 2400.217529 0.000000 0.089734 0.000000 -0.995966 0.000000 0.000000 0.000000
7182.452148 0.000000 2597.391602 0.000000 0.051510 0.000000 -0.998672 0.000000 0.000000 0.000000
7341.233887 0.000000 2567.694092 0.000000 0.166499 0.000000 -0.986042 0.000000 0.000000 0.000000
7350.928223 0.000000 2558.681885 0.000000 0.206953 0.000000 -0.978351 1.000000 1.000000 1.000000
7186.409180 0.000000 2626.690674 0.000000 0.196798 0.000000 -0.980444 0.000000 0.000000 0.000000
7185.983398 0.000000 2619.649414 0.000000 0.122698 0.000000 -0.992444 0.000000 0.000000 0.000000
7183.844238 0.000000 2601.408447 0.000000 0.227641 0.000000 -0.973745 0.000000 0.000000 0.000000
6964.340820 0.000000 2711.586182 0.000000 0.185826 0.000000 -0.982583 1.000000 1.000000 1.000000
7352.851562 0.000000 2742.862305 0.000000 0.192976 0.000000 -0.981203 0.000000 0.000000 0.000000
"}
