object={
	name="asian_dynamic_forestry_objects_generator_2_0"
	clamp_to_water_level=no
	render_under_water=no
	generated_content=yes
	layer="forestry_dynamic"
	pdxmesh="generic_forestry_lumberpile_02_mesh"
	count=880
	transform="6644.600586 0.000000 1322.354492 0.000000 0.617528 0.000000 -0.786549 0.000000 0.000000 0.000000
6633.605957 0.000000 1336.622070 0.000000 0.404746 0.000000 -0.914429 0.000000 0.000000 0.000000
6654.018555 0.000000 1325.035767 0.000000 0.820543 0.000000 0.571585 0.000000 0.000000 0.000000
6624.344727 0.000000 1337.458252 0.000000 0.586815 0.000000 0.809721 0.000000 0.000000 0.000000
6633.927734 0.000000 1343.873901 0.000000 0.992676 0.000000 -0.120809 0.000000 0.000000 0.000000
6642.616699 0.000000 1345.193848 0.000000 0.062827 0.000000 -0.998024 0.000000 0.000000 0.000000
6632.666504 0.000000 1345.463135 0.000000 0.892021 0.000000 -0.451994 0.000000 0.000000 0.000000
6634.718262 0.000000 1345.639648 0.000000 0.582506 0.000000 -0.812827 0.000000 0.000000 0.000000
6663.674805 0.000000 1323.086670 0.000000 0.999547 0.000000 -0.030099 0.000000 0.000000 0.000000
6674.736816 0.000000 1349.261719 0.000000 0.296865 0.000000 -0.954919 0.000000 0.000000 0.000000
6692.049805 0.000000 1335.430176 0.000000 0.790946 0.000000 0.611886 0.000000 0.000000 0.000000
6682.661621 0.000000 1320.578247 0.000000 0.715784 0.000000 0.698321 0.000000 0.000000 0.000000
6660.957031 0.000000 1345.307739 0.000000 0.613461 0.000000 -0.789725 0.000000 0.000000 0.000000
6679.828125 0.000000 1323.317383 0.000000 0.994613 0.000000 0.103657 0.000000 0.000000 0.000000
6847.683594 0.000000 1312.181030 0.000000 0.156764 0.000000 0.987636 0.000000 0.000000 0.000000
6922.048340 0.000000 1288.156616 0.000000 0.780517 0.000000 -0.625134 0.000000 0.000000 0.000000
6925.883301 0.000000 1291.152466 0.000000 0.749703 0.000000 -0.661774 0.000000 0.000000 0.000000
6923.346680 0.000000 1290.620239 0.000000 0.003236 0.000000 0.999995 0.000000 0.000000 0.000000
6957.791016 0.000000 1312.478760 0.000000 0.998673 0.000000 0.051500 0.000000 0.000000 0.000000
6964.612793 0.000000 1314.852661 0.000000 0.301724 0.000000 0.953395 0.000000 0.000000 0.000000
6388.449707 0.000000 1501.354248 0.000000 0.059659 0.000000 -0.998219 0.000000 0.000000 0.000000
6324.885254 0.000000 1576.829224 0.000000 0.927217 0.000000 -0.374524 0.000000 0.000000 0.000000
6322.569336 0.000000 1581.051880 0.000000 0.958865 0.000000 -0.283864 0.000000 0.000000 0.000000
6321.605957 0.000000 1577.932007 0.000000 0.379452 0.000000 0.925211 0.000000 0.000000 0.000000
6324.503418 0.000000 1579.495728 0.000000 0.963746 0.000000 -0.266821 0.000000 0.000000 0.000000
6343.693359 0.000000 1556.910645 0.000000 0.902447 0.000000 -0.430802 0.000000 0.000000 0.000000
6516.612793 0.000000 1371.337036 0.000000 0.999571 0.000000 0.029297 0.000000 0.000000 0.000000
6518.224609 0.000000 1370.803711 0.000000 0.675546 0.000000 0.737318 1.000000 1.000000 1.000000
6454.872070 0.000000 1458.443726 0.000000 0.220147 0.000000 -0.975467 0.000000 0.000000 0.000000
6495.273438 0.000000 1466.985840 0.000000 0.987068 0.000000 -0.160303 0.000000 0.000000 0.000000
6503.675293 0.000000 1466.883301 0.000000 0.986737 0.000000 0.162326 1.000000 1.000000 1.000000
6506.064453 0.000000 1463.433228 0.000000 0.278426 0.000000 0.960458 0.000000 0.000000 0.000000
6496.693359 0.000000 1464.097656 0.000000 0.964703 0.000000 0.263342 0.000000 0.000000 0.000000
6500.314453 0.000000 1465.505249 0.000000 0.418167 0.000000 0.908370 0.000000 0.000000 0.000000
6506.622559 0.000000 1466.134399 0.000000 0.737671 0.000000 0.675160 1.000000 1.000000 1.000000
6508.424316 0.000000 1464.655396 0.000000 0.339606 0.000000 -0.940568 0.000000 0.000000 0.000000
6501.505371 0.000000 1467.796997 0.000000 0.906531 0.000000 -0.422139 0.000000 0.000000 0.000000
6505.461914 0.000000 1467.708984 0.000000 0.878422 0.000000 -0.477885 0.000000 0.000000 0.000000
6498.607422 0.000000 1464.503296 0.000000 0.979264 0.000000 0.202590 0.000000 0.000000 0.000000
6610.736816 0.000000 1462.230469 0.000000 0.597986 0.000000 0.801506 0.000000 0.000000 0.000000
6613.035156 0.000000 1452.826538 0.000000 0.614532 0.000000 0.788892 0.000000 0.000000 0.000000
6631.675293 0.000000 1466.883301 0.000000 0.239823 0.000000 0.970817 0.000000 0.000000 0.000000
6632.552734 0.000000 1464.960571 0.000000 0.993480 0.000000 -0.114010 0.000000 0.000000 0.000000
6630.249512 0.000000 1465.801636 0.000000 0.309244 0.000000 -0.950983 0.000000 0.000000 0.000000
6407.674805 0.000000 1492.539795 0.000000 0.126696 0.000000 -0.991942 0.000000 0.000000 0.000000
6430.802246 0.000000 1468.654907 0.000000 0.433841 0.000000 0.900989 0.000000 0.000000 0.000000
6433.639160 0.000000 1498.631348 0.000000 0.981622 0.000000 -0.190835 0.000000 0.000000 0.000000
6422.797363 0.000000 1469.568359 0.000000 0.704406 0.000000 0.709797 0.000000 0.000000 0.000000
6414.124512 0.000000 1497.602539 0.000000 0.297840 0.000000 -0.954616 0.000000 0.000000 0.000000
6437.443359 0.000000 1488.395752 0.000000 0.284389 0.000000 -0.958709 0.000000 0.000000 0.000000
6430.600098 0.000000 1518.297363 0.000000 0.993037 0.000000 0.117806 0.000000 0.000000 0.000000
6418.853027 0.000000 1505.201172 0.000000 0.383691 0.000000 -0.923462 0.000000 0.000000 0.000000
6431.949707 0.000000 1502.849731 0.000000 0.999867 0.000000 0.016311 1.000000 1.000000 1.000000
6416.913574 0.000000 1501.163818 0.000000 0.980730 0.000000 0.195367 1.000000 1.000000 1.000000
6418.409180 0.000000 1497.003296 0.000000 0.732121 0.000000 0.681175 0.000000 0.000000 0.000000
6431.822266 0.000000 1494.654907 0.000000 0.211974 0.000000 -0.977275 0.000000 0.000000 0.000000
6426.844238 0.000000 1470.311279 0.000000 0.959646 0.000000 -0.281212 0.000000 0.000000 0.000000
6422.302246 0.000000 1473.647827 0.000000 0.003233 0.000000 -0.999995 0.000000 0.000000 0.000000
6430.227539 0.000000 1473.151123 0.000000 0.403754 0.000000 -0.914868 0.000000 0.000000 0.000000
6441.764648 0.000000 1496.917969 0.000000 0.593307 0.000000 0.804976 0.000000 0.000000 0.000000
6434.040527 0.000000 1486.898682 0.000000 0.228513 0.000000 -0.973541 0.000000 0.000000 0.000000
6435.650879 0.000000 1491.536133 0.000000 0.021142 0.000000 0.999776 0.000000 0.000000 0.000000
6435.373047 0.000000 1495.537109 0.000000 0.479272 0.000000 0.877667 1.000000 1.000000 1.000000
6430.089844 0.000000 1497.529053 0.000000 0.954702 0.000000 -0.297565 0.000000 0.000000 0.000000
6429.075684 0.000000 1520.993896 0.000000 0.869989 0.000000 -0.493072 0.000000 0.000000 0.000000
6430.841309 0.000000 1500.225952 0.000000 0.898951 0.000000 0.438049 0.000000 0.000000 0.000000
6438.386719 0.000000 1490.941895 0.000000 0.917269 0.000000 0.398268 0.000000 0.000000 0.000000
6419.958008 0.000000 1475.306274 0.000000 0.784340 0.000000 0.620331 0.000000 0.000000 0.000000
6416.434082 0.000000 1498.654907 0.000000 0.696796 0.000000 -0.717269 1.000000 1.000000 1.000000
6439.437012 0.000000 1495.975708 0.000000 0.748707 0.000000 0.662901 0.000000 0.000000 0.000000
6429.269531 0.000000 1470.753174 0.000000 0.582391 0.000000 0.812909 0.000000 0.000000 0.000000
6431.881836 0.000000 1471.243164 0.000000 0.310749 0.000000 0.950492 0.000000 0.000000 0.000000
6435.024414 0.000000 1489.165894 0.000000 0.705886 0.000000 -0.708325 0.000000 0.000000 0.000000
6430.667969 0.000000 1504.975098 0.000000 0.811086 0.000000 0.584927 0.000000 0.000000 0.000000
6416.405273 0.000000 1506.148804 0.000000 0.757012 0.000000 0.653401 0.000000 0.000000 0.000000
6433.651855 0.000000 1504.791260 0.000000 0.704719 0.000000 -0.709487 0.000000 0.000000 0.000000
6418.931641 0.000000 1499.919922 0.000000 0.881063 0.000000 -0.472999 0.000000 0.000000 0.000000
6428.442383 0.000000 1468.611206 0.000000 0.072408 0.000000 0.997375 0.000000 0.000000 0.000000
6414.486328 0.000000 1507.275513 0.000000 0.756315 0.000000 -0.654207 0.000000 0.000000 0.000000
6440.507812 0.000000 1493.016113 0.000000 0.535576 0.000000 -0.844487 0.000000 0.000000 0.000000
6432.249023 0.000000 1496.969482 0.000000 0.432089 0.000000 0.901831 0.000000 0.000000 0.000000
6425.637695 0.000000 1505.291138 0.000000 0.548716 0.000000 0.836009 1.000000 1.000000 1.000000
6423.051758 0.000000 1471.641602 0.000000 0.921725 0.000000 0.387844 1.000000 1.000000 1.000000
6436.267090 0.000000 1493.484497 0.000000 0.817404 0.000000 -0.576065 0.000000 0.000000 0.000000
6421.078125 0.000000 1470.721436 0.000000 0.454137 0.000000 -0.890932 0.000000 0.000000 0.000000
6433.556152 0.000000 1495.268066 0.000000 0.962775 0.000000 0.270305 1.000000 1.000000 1.000000
6441.028320 0.000000 1495.300537 0.000000 0.970972 0.000000 0.239192 0.000000 0.000000 0.000000
6509.901367 0.000000 1469.548218 0.000000 0.996176 0.000000 0.087368 0.000000 0.000000 0.000000
6473.453613 0.000000 1474.913086 0.000000 0.903938 0.000000 -0.427663 0.000000 0.000000 0.000000
6505.896973 0.000000 1468.622070 0.000000 0.442167 0.000000 0.896933 0.000000 0.000000 0.000000
6439.866699 0.000000 1566.781738 0.000000 0.019513 0.000000 0.999810 0.000000 0.000000 0.000000
6422.797363 0.000000 1526.052734 0.000000 0.776210 0.000000 0.630474 0.000000 0.000000 0.000000
6457.426758 0.000000 1542.477051 0.000000 0.296556 0.000000 -0.955016 0.000000 0.000000 0.000000
6414.146973 0.000000 1546.931641 0.000000 0.748192 0.000000 0.663483 0.000000 0.000000 0.000000
6445.060059 0.000000 1567.469971 0.000000 0.969183 0.000000 -0.246342 0.000000 0.000000 0.000000
6451.720703 0.000000 1562.949951 0.000000 0.246268 0.000000 0.969202 0.000000 0.000000 0.000000
6448.763672 0.000000 1564.884521 0.000000 0.864001 0.000000 0.503489 0.000000 0.000000 0.000000
6442.699707 0.000000 1565.456909 0.000000 0.752401 0.000000 0.658705 0.000000 0.000000 0.000000
6442.151367 0.000000 1567.589722 0.000000 0.718967 0.000000 0.695044 0.000000 0.000000 0.000000
6591.419434 0.000000 1490.465820 0.000000 0.967682 0.000000 0.252173 0.000000 0.000000 0.000000
6617.268555 0.000000 1485.002930 0.000000 0.563659 0.000000 0.826007 0.000000 0.000000 0.000000
6592.315430 0.000000 1495.019287 0.000000 0.999472 0.000000 0.032502 0.000000 0.000000 0.000000
6614.797363 0.000000 1469.568359 0.000000 0.748034 0.000000 0.663661 0.000000 0.000000 0.000000
6618.840820 0.000000 1495.298096 0.000000 0.944298 0.000000 0.329092 0.000000 0.000000 0.000000
6618.616699 0.000000 1474.803223 0.000000 0.256046 0.000000 -0.966665 0.000000 0.000000 0.000000
6622.773926 0.000000 1485.065430 0.000000 0.112127 0.000000 0.993694 0.000000 0.000000 0.000000
6618.661621 0.000000 1490.031372 0.000000 0.156813 0.000000 -0.987628 0.000000 0.000000 0.000000
6609.626465 0.000000 1473.803223 0.000000 0.994497 0.000000 -0.104765 0.000000 0.000000 0.000000
6617.550293 0.000000 1480.195190 0.000000 0.888387 0.000000 0.459094 1.000000 1.000000 1.000000
6614.003418 0.000000 1482.296143 0.000000 0.983179 0.000000 0.182646 1.000000 1.000000 1.000000
6614.596680 0.000000 1489.124878 0.000000 0.144039 0.000000 0.989572 0.000000 0.000000 0.000000
6593.602051 0.000000 1498.967041 0.000000 0.590205 0.000000 0.807253 0.000000 0.000000 0.000000
6615.828125 0.000000 1492.770508 0.000000 0.319318 0.000000 0.947648 0.000000 0.000000 0.000000
6625.456543 0.000000 1482.518677 0.000000 0.715202 0.000000 -0.698918 0.000000 0.000000 0.000000
6608.310547 0.000000 1493.388306 0.000000 0.856180 0.000000 -0.516678 0.000000 0.000000 0.000000
6620.683105 0.000000 1482.027710 0.000000 0.591285 0.000000 0.806463 1.000000 1.000000 1.000000
6620.263672 0.000000 1477.889771 0.000000 0.232552 0.000000 0.972584 1.000000 1.000000 1.000000
6621.587891 0.000000 1488.261475 0.000000 0.996057 0.000000 0.088720 0.000000 0.000000 0.000000
6616.357910 0.000000 1477.104736 0.000000 0.808279 0.000000 -0.588799 0.000000 0.000000 0.000000
6623.085938 0.000000 1476.222656 0.000000 0.626731 0.000000 0.779236 1.000000 1.000000 1.000000
6614.343750 0.000000 1485.985962 0.000000 0.730195 0.000000 0.683239 0.000000 0.000000 0.000000
6619.116211 0.000000 1487.068970 0.000000 0.999233 0.000000 -0.039150 0.000000 0.000000 0.000000
6614.909180 0.000000 1479.593628 0.000000 0.968516 0.000000 -0.248952 0.000000 0.000000 0.000000
6618.616211 0.000000 1492.676147 0.000000 0.387380 0.000000 -0.921920 0.000000 0.000000 0.000000
6618.002441 0.000000 1482.629150 0.000000 0.625035 0.000000 -0.780597 0.000000 0.000000 0.000000
6612.387207 0.000000 1495.390869 0.000000 0.082277 0.000000 0.996609 0.000000 0.000000 0.000000
6620.903809 0.000000 1475.215088 0.000000 0.869653 0.000000 0.493664 0.000000 0.000000 0.000000
6621.291992 0.000000 1479.884766 0.000000 0.946398 0.000000 0.323003 1.000000 1.000000 1.000000
6622.946777 0.000000 1481.832764 0.000000 0.772738 0.000000 0.634725 1.000000 1.000000 1.000000
6615.342285 0.000000 1484.104492 0.000000 0.826760 0.000000 -0.562555 0.000000 0.000000 0.000000
6615.989746 0.000000 1481.623535 0.000000 0.878005 0.000000 -0.478651 0.000000 0.000000 0.000000
6618.413574 0.000000 1476.865234 0.000000 0.439520 0.000000 -0.898233 1.000000 1.000000 1.000000
6620.897949 0.000000 1490.232666 0.000000 0.991255 0.000000 -0.131963 0.000000 0.000000 0.000000
6623.953125 0.000000 1474.268921 0.000000 0.053983 0.000000 -0.998542 0.000000 0.000000 0.000000
6606.324707 0.000000 1492.481689 0.000000 0.780227 0.000000 -0.625496 1.000000 1.000000 1.000000
6623.909668 0.000000 1483.561157 0.000000 0.483459 0.000000 0.875367 0.000000 0.000000 0.000000
6621.993164 0.000000 1483.391602 0.000000 0.999960 0.000000 -0.008907 1.000000 1.000000 1.000000
6622.270508 0.000000 1477.870483 0.000000 0.613888 0.000000 -0.789393 1.000000 1.000000 1.000000
6618.396484 0.000000 1478.631470 0.000000 0.282985 0.000000 -0.959124 0.000000 0.000000 0.000000
6619.871582 0.000000 1488.661255 0.000000 0.559431 0.000000 0.828877 1.000000 1.000000 1.000000
6591.419434 0.000000 1546.950195 0.000000 0.746636 0.000000 -0.665232 0.000000 0.000000 0.000000
6589.449707 0.000000 1534.564331 0.000000 0.909800 0.000000 -0.415046 0.000000 0.000000 0.000000
6587.596680 0.000000 1541.604492 0.000000 0.220377 0.000000 -0.975415 0.000000 0.000000 0.000000
6642.281250 0.000000 1568.147339 0.000000 0.856650 0.000000 -0.515899 0.000000 0.000000 0.000000
6321.495117 0.000000 1581.662598 0.000000 0.262638 0.000000 0.964894 0.000000 0.000000 0.000000
6358.797363 0.000000 1582.537109 0.000000 0.643506 0.000000 -0.765441 0.000000 0.000000 0.000000
6349.333984 0.000000 1585.891846 0.000000 0.496325 0.000000 -0.868137 0.000000 0.000000 0.000000
6415.347656 0.000000 1581.846558 0.000000 0.961381 0.000000 -0.275220 0.000000 0.000000 0.000000
6431.430176 0.000000 1592.334473 0.000000 0.078076 0.000000 0.996947 0.000000 0.000000 0.000000
6414.716309 0.000000 1591.296143 0.000000 0.203963 0.000000 -0.978979 0.000000 0.000000 0.000000
6436.590332 0.000000 1591.569214 0.000000 0.941770 0.000000 0.336257 1.000000 1.000000 1.000000
6433.860352 0.000000 1590.303711 0.000000 0.681214 0.000000 -0.732085 1.000000 1.000000 1.000000
6413.243652 0.000000 1588.803589 0.000000 0.858632 0.000000 0.512592 0.000000 0.000000 0.000000
6433.762695 0.000000 1592.931030 0.000000 0.998417 0.000000 0.056246 0.000000 0.000000 0.000000
6432.125000 0.000000 1590.704590 0.000000 0.607844 0.000000 0.794056 1.000000 1.000000 1.000000
6505.605957 0.000000 1732.012695 0.000000 0.975253 0.000000 -0.221092 0.000000 0.000000 0.000000
6500.219727 0.000000 1734.688721 0.000000 0.999131 0.000000 -0.041689 0.000000 0.000000 0.000000
6516.392090 0.000000 1742.917969 0.000000 0.184966 0.000000 -0.982745 1.000000 1.000000 1.000000
6502.737793 0.000000 1733.009155 0.000000 0.912227 0.000000 0.409685 0.000000 0.000000 0.000000
6518.447266 0.000000 1743.740723 0.000000 0.997682 0.000000 -0.068042 0.000000 0.000000 0.000000
6500.653320 0.000000 1732.796143 0.000000 0.999652 0.000000 -0.026380 1.000000 1.000000 1.000000
6659.834473 0.000000 1355.627563 0.000000 0.134168 0.000000 0.990959 0.000000 0.000000 0.000000
6671.660156 0.000000 1463.274658 0.000000 0.152458 0.000000 -0.988310 0.000000 0.000000 0.000000
6869.428223 0.000000 1444.457031 0.000000 0.449785 0.000000 -0.893137 0.000000 0.000000 0.000000
6688.264648 0.000000 1490.462280 0.000000 0.306041 0.000000 0.952018 0.000000 0.000000 0.000000
6687.430176 0.000000 1479.365723 0.000000 0.270125 0.000000 0.962825 0.000000 0.000000 0.000000
6695.866699 0.000000 1510.297363 0.000000 0.621858 0.000000 -0.783130 0.000000 0.000000 0.000000
6681.268555 0.000000 1485.002930 0.000000 0.138494 0.000000 -0.990363 0.000000 0.000000 0.000000
6714.133789 0.000000 1496.058228 0.000000 0.973382 0.000000 -0.229190 0.000000 0.000000 0.000000
6693.084961 0.000000 1483.391357 0.000000 0.915705 0.000000 0.401851 0.000000 0.000000 0.000000
6688.909180 0.000000 1510.837036 0.000000 0.407044 0.000000 0.913409 0.000000 0.000000 0.000000
6682.616699 0.000000 1474.803223 0.000000 0.297022 0.000000 0.954871 0.000000 0.000000 0.000000
6675.298340 0.000000 1486.540894 0.000000 0.067461 0.000000 0.997722 0.000000 0.000000 0.000000
6701.791016 0.000000 1481.931885 0.000000 0.194778 0.000000 0.980847 0.000000 0.000000 0.000000
6686.773926 0.000000 1485.065430 0.000000 0.322794 0.000000 -0.946469 0.000000 0.000000 0.000000
6681.550293 0.000000 1480.195190 0.000000 0.802976 0.000000 -0.596011 0.000000 0.000000 0.000000
6697.396484 0.000000 1482.352661 0.000000 0.304618 0.000000 -0.952475 1.000000 1.000000 1.000000
6678.003418 0.000000 1482.296143 0.000000 0.998064 0.000000 -0.062203 0.000000 0.000000 0.000000
6684.683105 0.000000 1482.027710 0.000000 0.801389 0.000000 0.598143 0.000000 0.000000 0.000000
6704.763672 0.000000 1508.400146 0.000000 0.474360 0.000000 -0.880331 0.000000 0.000000 0.000000
6673.983398 0.000000 1489.962036 0.000000 0.887366 0.000000 -0.461066 0.000000 0.000000 0.000000
6692.675781 0.000000 1501.435791 0.000000 0.517401 0.000000 0.855743 0.000000 0.000000 0.000000
6684.263672 0.000000 1477.889771 0.000000 0.063526 0.000000 -0.997980 0.000000 0.000000 0.000000
6685.587891 0.000000 1488.261475 0.000000 0.993192 0.000000 0.116489 0.000000 0.000000 0.000000
6695.553711 0.000000 1485.796021 0.000000 0.863497 0.000000 -0.504353 0.000000 0.000000 0.000000
6687.085938 0.000000 1476.222656 0.000000 0.962956 0.000000 0.269657 0.000000 0.000000 0.000000
6678.343750 0.000000 1485.985962 0.000000 0.539468 0.000000 -0.842006 1.000000 1.000000 1.000000
6676.109863 0.000000 1480.283447 0.000000 0.435905 0.000000 0.899993 0.000000 0.000000 0.000000
6682.002441 0.000000 1482.629150 0.000000 0.038470 0.000000 -0.999260 1.000000 1.000000 1.000000
6692.534668 0.000000 1485.771851 0.000000 0.810471 0.000000 0.585779 0.000000 0.000000 0.000000
6687.885254 0.000000 1487.783813 0.000000 0.760507 0.000000 0.649330 0.000000 0.000000 0.000000
6695.451172 0.000000 1483.589233 0.000000 0.739824 0.000000 -0.672800 1.000000 1.000000 1.000000
6699.536621 0.000000 1482.156860 0.000000 0.289233 0.000000 -0.957259 1.000000 1.000000 1.000000
6679.342285 0.000000 1484.104492 0.000000 0.595708 0.000000 0.803201 1.000000 1.000000 1.000000
6683.430664 0.000000 1480.621460 0.000000 0.379555 0.000000 -0.925169 0.000000 0.000000 0.000000
6676.110352 0.000000 1482.231567 0.000000 0.749258 0.000000 -0.662278 1.000000 1.000000 1.000000
6687.070801 0.000000 1489.250977 0.000000 0.735117 0.000000 0.677940 1.000000 1.000000 1.000000
6723.856934 0.000000 1518.665649 0.000000 0.091860 0.000000 0.995772 0.000000 0.000000 0.000000
6720.226074 0.000000 1519.910767 0.000000 0.203685 0.000000 0.979037 0.000000 0.000000 0.000000
6665.453613 0.000000 1531.397461 0.000000 0.910483 0.000000 0.413546 0.000000 0.000000 0.000000
6695.675293 0.000000 1579.852051 0.000000 0.668183 0.000000 -0.743997 0.000000 0.000000 0.000000
6693.443359 0.000000 1544.880127 0.000000 0.937347 0.000000 0.348398 0.000000 0.000000 0.000000
6698.064453 0.000000 1576.401978 0.000000 0.929156 0.000000 0.369689 0.000000 0.000000 0.000000
6668.652344 0.000000 1550.505005 0.000000 0.781288 0.000000 0.624170 0.000000 0.000000 0.000000
6711.010742 0.000000 1580.031006 0.000000 0.641291 0.000000 0.767298 0.000000 0.000000 0.000000
6687.085938 0.000000 1532.707031 0.000000 0.976534 0.000000 -0.215362 0.000000 0.000000 0.000000
6689.860352 0.000000 1533.819336 0.000000 0.978884 0.000000 0.204419 0.000000 0.000000 0.000000
6698.622559 0.000000 1579.103149 0.000000 0.951049 0.000000 0.309040 0.000000 0.000000 0.000000
6770.281250 0.000000 1568.147339 0.000000 0.996159 0.000000 0.087567 0.000000 0.000000 0.000000
6755.530762 0.000000 1575.666626 0.000000 0.052901 0.000000 -0.998600 0.000000 0.000000 0.000000
6781.733887 0.000000 1559.288330 0.000000 0.519307 0.000000 0.854587 0.000000 0.000000 0.000000
6742.797363 0.000000 1526.052734 0.000000 0.444841 0.000000 -0.895610 0.000000 0.000000 0.000000
6746.616699 0.000000 1531.287598 0.000000 0.803914 0.000000 -0.594746 0.000000 0.000000 0.000000
6756.049805 0.000000 1561.367676 0.000000 0.124493 0.000000 0.992220 0.000000 0.000000 0.000000
6750.773926 0.000000 1541.549805 0.000000 0.629021 0.000000 -0.777389 0.000000 0.000000 0.000000
6757.993652 0.000000 1554.641479 0.000000 0.433603 0.000000 -0.901104 1.000000 1.000000 1.000000
6725.348633 0.000000 1533.519897 0.000000 0.194799 0.000000 0.980843 0.000000 0.000000 0.000000
6742.302246 0.000000 1530.132202 0.000000 0.326083 0.000000 -0.945341 0.000000 0.000000 0.000000
6720.110840 0.000000 1535.442627 0.000000 0.130383 0.000000 0.991464 0.000000 0.000000 0.000000
6754.997070 0.000000 1581.041504 0.000000 0.671987 0.000000 0.740562 0.000000 0.000000 0.000000
6756.675781 0.000000 1557.920166 0.000000 0.881400 0.000000 -0.472371 0.000000 0.000000 0.000000
6755.373047 0.000000 1552.021484 0.000000 0.456866 0.000000 0.889535 0.000000 0.000000 0.000000
6759.131348 0.000000 1560.057251 0.000000 0.206429 0.000000 0.978462 0.000000 0.000000 0.000000
6744.982910 0.000000 1528.952026 0.000000 0.987481 0.000000 0.157736 1.000000 1.000000 1.000000
6758.985352 0.000000 1556.942505 0.000000 0.396656 0.000000 0.917968 0.000000 0.000000 0.000000
6757.505371 0.000000 1580.765747 0.000000 0.221880 0.000000 0.975074 0.000000 0.000000 0.000000
6743.051758 0.000000 1528.125977 0.000000 0.613185 0.000000 -0.789940 1.000000 1.000000 1.000000
6757.382812 0.000000 1552.660156 0.000000 0.469628 0.000000 0.882864 0.000000 0.000000 0.000000
6759.873535 0.000000 1561.865601 0.000000 0.268237 0.000000 -0.963353 0.000000 0.000000 0.000000
6760.804199 0.000000 1559.202393 0.000000 0.865526 0.000000 -0.500865 1.000000 1.000000 1.000000
6758.209961 0.000000 1558.578003 0.000000 0.262855 0.000000 -0.964835 1.000000 1.000000 1.000000
6815.430176 0.000000 1479.365723 0.000000 0.314332 0.000000 -0.949313 0.000000 0.000000 0.000000
6822.270996 0.000000 1470.000732 0.000000 0.759992 0.000000 0.649932 0.000000 0.000000 0.000000
6825.896973 0.000000 1468.622070 0.000000 0.476092 0.000000 0.879395 0.000000 0.000000 0.000000
6880.264648 0.000000 1490.462280 0.000000 0.775574 0.000000 0.631257 0.000000 0.000000 0.000000
6885.084961 0.000000 1483.391357 0.000000 0.648834 0.000000 -0.760930 0.000000 0.000000 0.000000
6865.626465 0.000000 1473.803223 0.000000 0.681087 0.000000 0.732202 0.000000 0.000000 0.000000
6872.357910 0.000000 1477.104736 0.000000 0.715940 0.000000 0.698161 0.000000 0.000000 0.000000
6879.085938 0.000000 1476.222656 0.000000 0.934837 0.000000 -0.355078 0.000000 0.000000 0.000000
6867.922852 0.000000 1472.393188 0.000000 0.018399 0.000000 -0.999831 0.000000 0.000000 0.000000
6877.291992 0.000000 1479.884766 0.000000 0.039587 0.000000 0.999216 1.000000 1.000000 1.000000
6878.946777 0.000000 1481.832764 0.000000 0.902055 0.000000 -0.431621 0.000000 0.000000 0.000000
6874.413574 0.000000 1476.865234 0.000000 0.213925 0.000000 -0.976850 0.000000 0.000000 0.000000
7122.736816 0.000000 1462.230469 0.000000 0.741100 0.000000 0.671394 0.000000 0.000000 0.000000
7123.921875 0.000000 1436.434814 0.000000 0.291266 0.000000 0.956642 0.000000 0.000000 0.000000
7129.924805 0.000000 1465.349854 0.000000 0.361826 0.000000 -0.932246 0.000000 0.000000 0.000000
7161.915527 0.000000 1422.824097 0.000000 0.359124 0.000000 0.933290 0.000000 0.000000 0.000000
7117.066406 0.000000 1465.325562 0.000000 0.999763 0.000000 -0.021763 0.000000 0.000000 0.000000
7134.600098 0.000000 1461.812988 0.000000 0.999798 0.000000 0.020090 0.000000 0.000000 0.000000
7159.430664 0.000000 1425.986450 0.000000 0.916826 0.000000 0.399287 0.000000 0.000000 0.000000
7150.165527 0.000000 1429.651611 0.000000 0.440275 0.000000 0.897863 0.000000 0.000000 0.000000
7130.771973 0.000000 1462.019653 0.000000 0.496780 0.000000 -0.867877 0.000000 0.000000 0.000000
7153.098145 0.000000 1426.485352 0.000000 0.242094 0.000000 0.970253 0.000000 0.000000 0.000000
7158.469238 0.000000 1422.263428 0.000000 0.886250 0.000000 0.463207 0.000000 0.000000 0.000000
7140.314453 0.000000 1465.505249 0.000000 0.863165 0.000000 -0.504922 0.000000 0.000000 0.000000
7151.961914 0.000000 1467.369263 0.000000 0.746073 0.000000 0.665864 0.000000 0.000000 0.000000
7010.074219 0.000000 1530.597900 0.000000 0.632716 0.000000 0.774384 0.000000 0.000000 0.000000
7006.227539 0.000000 1529.635498 0.000000 0.999632 0.000000 0.027144 0.000000 0.000000 0.000000
7085.791016 0.000000 1481.931885 0.000000 0.999922 0.000000 0.012528 0.000000 0.000000 0.000000
7136.264648 0.000000 1490.462280 0.000000 0.149402 0.000000 -0.988777 0.000000 0.000000 0.000000
7107.589355 0.000000 1480.975952 0.000000 0.203481 0.000000 0.979079 0.000000 0.000000 0.000000
7121.626465 0.000000 1473.803223 0.000000 0.841168 0.000000 0.540774 0.000000 0.000000 0.000000
7115.937012 0.000000 1501.363159 0.000000 0.054624 0.000000 0.998507 0.000000 0.000000 0.000000
7126.302246 0.000000 1473.647827 0.000000 0.062666 0.000000 0.998035 0.000000 0.000000 0.000000
7115.269531 0.000000 1477.923828 0.000000 0.970639 0.000000 0.240541 0.000000 0.000000 0.000000
7123.958008 0.000000 1475.306274 0.000000 0.537969 0.000000 -0.842965 0.000000 0.000000 0.000000
7123.922852 0.000000 1472.393188 0.000000 0.981891 0.000000 -0.189447 0.000000 0.000000 0.000000
7115.020996 0.000000 1479.836060 0.000000 0.259692 0.000000 0.965691 0.000000 0.000000 0.000000
6717.524414 0.000000 1587.075928 0.000000 0.158167 0.000000 0.987412 0.000000 0.000000 0.000000
6745.268555 0.000000 1597.971680 0.000000 0.415901 0.000000 0.909410 0.000000 0.000000 0.000000
6758.270996 0.000000 1582.969482 0.000000 0.794835 0.000000 -0.606826 0.000000 0.000000 0.000000
6765.233887 0.000000 1607.459839 0.000000 0.611430 0.000000 0.791299 0.000000 0.000000 0.000000
6746.616699 0.000000 1587.771973 0.000000 0.301868 0.000000 0.953350 0.000000 0.000000 0.000000
6777.915527 0.000000 1592.277222 0.000000 0.999984 0.000000 0.005710 0.000000 0.000000 0.000000
6750.773926 0.000000 1598.034180 0.000000 0.397074 0.000000 -0.917787 0.000000 0.000000 0.000000
6766.917969 0.000000 1602.877197 0.000000 0.676721 0.000000 -0.736240 0.000000 0.000000 0.000000
6762.157715 0.000000 1604.398804 0.000000 0.971568 0.000000 0.236759 0.000000 0.000000 0.000000
6754.139648 0.000000 1583.288818 0.000000 0.962241 0.000000 0.272199 0.000000 0.000000 0.000000
6753.456543 0.000000 1595.487427 0.000000 0.438154 0.000000 -0.898900 0.000000 0.000000 0.000000
6759.443848 0.000000 1592.851929 0.000000 0.918141 0.000000 0.396253 0.000000 0.000000 0.000000
6756.294922 0.000000 1585.219238 0.000000 0.962780 0.000000 0.270285 0.000000 0.000000 0.000000
6764.193359 0.000000 1602.507080 0.000000 0.992072 0.000000 -0.125673 1.000000 1.000000 1.000000
6766.630859 0.000000 1605.339111 0.000000 0.827889 0.000000 0.560892 0.000000 0.000000 0.000000
6756.142090 0.000000 1581.657715 0.000000 0.335268 0.000000 0.942123 0.000000 0.000000 0.000000
6751.881836 0.000000 1584.211914 0.000000 0.055746 0.000000 0.998445 0.000000 0.000000 0.000000
6764.304199 0.000000 1605.261841 0.000000 0.948094 0.000000 0.317990 1.000000 1.000000 1.000000
6751.909668 0.000000 1596.529907 0.000000 0.160300 0.000000 -0.987068 1.000000 1.000000 1.000000
6765.502441 0.000000 1603.923340 0.000000 0.455048 0.000000 -0.890467 1.000000 1.000000 1.000000
6756.465820 0.000000 1583.348389 0.000000 0.545727 0.000000 -0.837963 1.000000 1.000000 1.000000
6791.693359 0.000000 1613.395020 0.000000 0.734374 0.000000 0.678745 0.000000 0.000000 0.000000
6900.885254 0.000000 1746.282349 0.000000 0.036024 0.000000 -0.999351 0.000000 0.000000 0.000000
6893.060059 0.000000 1736.923096 0.000000 0.484726 0.000000 -0.874666 0.000000 0.000000 0.000000
6898.569336 0.000000 1750.505005 0.000000 0.216270 0.000000 0.976334 0.000000 0.000000 0.000000
6902.117188 0.000000 1758.036987 0.000000 0.989517 0.000000 0.144416 0.000000 0.000000 0.000000
6898.317383 0.000000 1754.206787 0.000000 0.978496 0.000000 0.206267 0.000000 0.000000 0.000000
6899.006836 0.000000 1759.460693 0.000000 0.328535 0.000000 0.944492 0.000000 0.000000 0.000000
6898.542480 0.000000 1756.814209 0.000000 0.648449 0.000000 -0.761258 0.000000 0.000000 0.000000
6940.116211 0.000000 1749.946899 0.000000 0.999411 0.000000 0.034307 0.000000 0.000000 0.000000
7346.317383 0.000000 1302.331787 0.000000 0.810777 0.000000 -0.585356 0.000000 0.000000 0.000000
7348.969238 0.000000 1303.498535 0.000000 0.999993 0.000000 0.003685 0.000000 0.000000 0.000000
7212.186523 0.000000 1403.333252 0.000000 0.579319 0.000000 -0.815101 0.000000 0.000000 0.000000
7207.675293 0.000000 1410.398926 0.000000 0.787727 0.000000 0.616024 0.000000 0.000000 0.000000
7231.097656 0.000000 1395.014160 0.000000 0.754197 0.000000 0.656648 0.000000 0.000000 0.000000
7230.612305 0.000000 1407.265259 0.000000 0.380833 0.000000 0.924644 0.000000 0.000000 0.000000
7215.152344 0.000000 1401.095703 0.000000 0.413865 0.000000 0.910338 0.000000 0.000000 0.000000
7250.736816 0.000000 1405.746094 0.000000 0.353753 0.000000 -0.935339 0.000000 0.000000 0.000000
7238.599121 0.000000 1408.725952 0.000000 0.910933 0.000000 0.412554 0.000000 0.000000 0.000000
7277.060059 0.000000 1398.016846 0.000000 0.819210 0.000000 -0.573494 0.000000 0.000000 0.000000
7283.720703 0.000000 1393.496826 0.000000 0.916449 0.000000 -0.400150 0.000000 0.000000 0.000000
7288.634766 0.000000 1391.413574 0.000000 0.390765 0.000000 -0.920491 0.000000 0.000000 0.000000
7236.957031 0.000000 1401.792114 0.000000 0.705153 0.000000 -0.709055 0.000000 0.000000 0.000000
7245.883301 0.000000 1404.121216 0.000000 0.189807 0.000000 0.981821 0.000000 0.000000 0.000000
7273.605957 0.000000 1393.106445 0.000000 0.857688 0.000000 0.514170 1.000000 1.000000 1.000000
7241.597656 0.000000 1405.500488 0.000000 0.986648 0.000000 -0.162867 1.000000 1.000000 1.000000
7235.856934 0.000000 1405.696899 0.000000 0.290804 0.000000 -0.956783 1.000000 1.000000 1.000000
7281.158691 0.000000 1390.253418 0.000000 0.962213 0.000000 0.272299 0.000000 0.000000 0.000000
7232.226074 0.000000 1406.942017 0.000000 0.758519 0.000000 -0.651651 0.000000 0.000000 0.000000
7274.699707 0.000000 1396.003784 0.000000 0.527511 0.000000 -0.849548 0.000000 0.000000 0.000000
7270.737793 0.000000 1394.102905 0.000000 0.999972 0.000000 0.007509 0.000000 0.000000 0.000000
7238.656738 0.000000 1404.442749 0.000000 0.929183 0.000000 0.369621 0.000000 0.000000 0.000000
7277.602051 0.000000 1395.549927 0.000000 0.271645 0.000000 -0.962398 0.000000 0.000000 0.000000
7239.626953 0.000000 1401.975220 0.000000 0.796400 0.000000 0.604771 0.000000 0.000000 0.000000
7243.346680 0.000000 1403.588989 0.000000 0.963439 0.000000 -0.267928 1.000000 1.000000 1.000000
7234.854492 0.000000 1403.171997 0.000000 0.104472 0.000000 0.994528 0.000000 0.000000 0.000000
7275.827148 0.000000 1393.811768 0.000000 0.889697 0.000000 0.456551 0.000000 0.000000 0.000000
7239.561523 0.000000 1406.598877 0.000000 0.013945 0.000000 -0.999903 0.000000 0.000000 0.000000
7276.435059 0.000000 1391.600098 0.000000 0.464405 0.000000 -0.885623 0.000000 0.000000 0.000000
7272.632324 0.000000 1395.260132 0.000000 0.782565 0.000000 0.622569 0.000000 0.000000 0.000000
7274.151367 0.000000 1398.136597 0.000000 0.638320 0.000000 0.769771 0.000000 0.000000 0.000000
7278.922852 0.000000 1390.946289 0.000000 0.615387 0.000000 0.788225 0.000000 0.000000 0.000000
7240.816895 0.000000 1403.633301 0.000000 0.938335 0.000000 0.345726 1.000000 1.000000 1.000000
7238.227051 0.000000 1400.199951 0.000000 0.998985 0.000000 0.045048 0.000000 0.000000 0.000000
7236.837402 0.000000 1403.864746 0.000000 0.111049 0.000000 -0.993815 1.000000 1.000000 1.000000
7275.631348 0.000000 1399.174927 0.000000 0.978648 0.000000 0.205542 0.000000 0.000000 0.000000
7183.347656 0.000000 1412.393433 0.000000 0.019593 0.000000 0.999808 0.000000 0.000000 0.000000
7207.866699 0.000000 1453.812988 0.000000 0.842261 0.000000 0.539070 0.000000 0.000000 0.000000
7231.419434 0.000000 1433.981445 0.000000 0.787572 0.000000 0.616223 0.000000 0.000000 0.000000
7190.797363 0.000000 1413.083984 0.000000 0.724983 0.000000 0.688766 0.000000 0.000000 0.000000
7226.133789 0.000000 1439.573853 0.000000 0.990022 0.000000 0.140913 0.000000 0.000000 0.000000
7169.476562 0.000000 1418.568115 0.000000 0.904141 0.000000 -0.427234 0.000000 0.000000 0.000000
7231.097656 0.000000 1451.498535 0.000000 0.945517 0.000000 -0.325572 0.000000 0.000000 0.000000
7214.917969 0.000000 1433.424072 0.000000 0.711989 0.000000 0.702190 0.000000 0.000000 0.000000
7230.127441 0.000000 1429.549316 0.000000 0.231794 0.000000 -0.972765 0.000000 0.000000 0.000000
7230.018555 0.000000 1438.004517 0.000000 0.634298 0.000000 -0.773089 0.000000 0.000000 0.000000
7204.219727 0.000000 1452.266846 0.000000 0.997102 0.000000 0.076079 0.000000 0.000000 0.000000
7218.335449 0.000000 1433.002441 0.000000 0.920791 0.000000 0.390057 0.000000 0.000000 0.000000
7206.737793 0.000000 1450.587280 0.000000 0.998546 0.000000 0.053898 0.000000 0.000000 0.000000
7224.270996 0.000000 1432.619141 0.000000 0.342272 0.000000 0.939601 0.000000 0.000000 0.000000
7223.542480 0.000000 1435.239136 0.000000 0.996139 0.000000 0.087795 0.000000 0.000000 0.000000
7212.193359 0.000000 1433.053955 0.000000 0.997830 0.000000 0.065842 0.000000 0.000000 0.000000
7231.940430 0.000000 1431.558838 0.000000 0.870211 0.000000 0.492679 0.000000 0.000000 0.000000
7222.075195 0.000000 1433.654419 0.000000 0.493961 0.000000 0.869484 1.000000 1.000000 1.000000
7220.288574 0.000000 1432.939453 0.000000 0.986101 0.000000 0.166147 0.000000 0.000000 0.000000
7232.354004 0.000000 1460.077271 0.000000 0.377372 0.000000 -0.926062 0.000000 0.000000 0.000000
7264.264648 0.000000 1433.977905 0.000000 0.772400 0.000000 0.635136 0.000000 0.000000 0.000000
7267.530762 0.000000 1462.697876 0.000000 0.270551 0.000000 0.962706 0.000000 0.000000 0.000000
7259.221680 0.000000 1458.137939 0.000000 0.986191 0.000000 0.165610 0.000000 0.000000 0.000000
7238.599121 0.000000 1465.210327 0.000000 0.998476 0.000000 -0.055183 0.000000 0.000000 0.000000
7235.716309 0.000000 1453.215576 0.000000 0.048074 0.000000 0.998844 0.000000 0.000000 0.000000
7290.133789 0.000000 1439.573853 0.000000 0.932609 0.000000 0.360889 0.000000 0.000000 0.000000
7269.084961 0.000000 1426.906982 0.000000 0.966924 0.000000 -0.255065 0.000000 0.000000 0.000000
7278.271484 0.000000 1449.397827 0.000000 0.638826 0.000000 -0.769351 0.000000 0.000000 0.000000
7264.909180 0.000000 1454.352661 0.000000 0.822028 0.000000 0.569447 0.000000 0.000000 0.000000
7277.791016 0.000000 1425.447510 0.000000 0.555580 0.000000 -0.831463 0.000000 0.000000 0.000000
7239.650879 0.000000 1429.596802 0.000000 0.152576 0.000000 0.988292 0.000000 0.000000 0.000000
7237.002930 0.000000 1448.237427 0.000000 0.998871 0.000000 0.047499 0.000000 0.000000 0.000000
7269.443359 0.000000 1431.911377 0.000000 0.999523 0.000000 0.030876 0.000000 0.000000 0.000000
7286.117188 0.000000 1419.130737 0.000000 0.948400 0.000000 -0.317075 0.000000 0.000000 0.000000
7236.957031 0.000000 1458.276489 0.000000 0.783121 0.000000 -0.621870 0.000000 0.000000 0.000000
7283.521484 0.000000 1440.118286 0.000000 0.847157 0.000000 0.531343 0.000000 0.000000 0.000000
7236.861816 0.000000 1440.063965 0.000000 0.203587 0.000000 -0.979057 0.000000 0.000000 0.000000
7245.883301 0.000000 1460.605591 0.000000 0.792327 0.000000 0.610097 0.000000 0.000000 0.000000
7273.605957 0.000000 1449.590820 0.000000 0.092520 0.000000 -0.995711 0.000000 0.000000 0.000000
7254.690430 0.000000 1440.126343 0.000000 0.574328 0.000000 0.818625 0.000000 0.000000 0.000000
7248.913574 0.000000 1444.679443 0.000000 0.009343 0.000000 0.999956 0.000000 0.000000 0.000000
7241.424316 0.000000 1439.983154 0.000000 0.985554 0.000000 -0.169362 0.000000 0.000000 0.000000
7250.409180 0.000000 1440.518921 0.000000 0.567010 0.000000 0.823711 0.000000 0.000000 0.000000
7245.646484 0.000000 1452.855591 0.000000 0.420834 0.000000 0.907138 0.000000 0.000000 0.000000
7232.073242 0.000000 1450.670898 0.000000 0.920015 0.000000 0.391883 0.000000 0.000000 0.000000
7281.158691 0.000000 1446.737793 0.000000 0.823991 0.000000 0.566603 0.000000 0.000000 0.000000
7268.219727 0.000000 1452.266846 0.000000 0.229796 0.000000 -0.973239 0.000000 0.000000 0.000000
7293.449707 0.000000 1421.595581 0.000000 0.976572 0.000000 0.215191 1.000000 1.000000 1.000000
7276.877441 0.000000 1445.896362 0.000000 0.082481 0.000000 0.996593 1.000000 1.000000 1.000000
7248.310547 0.000000 1436.903931 0.000000 0.983615 0.000000 0.180280 0.000000 0.000000 0.000000
7286.755859 0.000000 1438.204834 0.000000 0.072254 0.000000 0.997386 0.000000 0.000000 0.000000
7267.650879 0.000000 1435.051758 0.000000 0.854280 0.000000 0.519813 1.000000 1.000000 1.000000
7236.061523 0.000000 1428.318970 0.000000 0.667606 0.000000 -0.744515 0.000000 0.000000 0.000000
7236.219238 0.000000 1444.743530 0.000000 0.983494 0.000000 0.180942 0.000000 0.000000 0.000000
7271.553711 0.000000 1429.311646 0.000000 0.828752 0.000000 0.559616 0.000000 0.000000 0.000000
7286.496094 0.000000 1441.418213 0.000000 0.517953 0.000000 0.855409 0.000000 0.000000 0.000000
7238.798828 0.000000 1426.376343 0.000000 0.040468 0.000000 -0.999181 0.000000 0.000000 0.000000
7271.131348 0.000000 1447.088501 0.000000 0.994104 0.000000 -0.108433 0.000000 0.000000 0.000000
7241.939941 0.000000 1427.397827 0.000000 0.389465 0.000000 -0.921041 0.000000 0.000000 0.000000
7290.815430 0.000000 1419.678467 0.000000 0.727001 0.000000 0.686636 0.000000 0.000000 0.000000
7276.084473 0.000000 1442.853149 0.000000 0.723241 0.000000 0.690596 1.000000 1.000000 1.000000
7247.660156 0.000000 1463.274658 0.000000 0.450863 0.000000 0.892593 0.000000 0.000000 0.000000
7270.737793 0.000000 1450.587280 0.000000 0.375161 0.000000 -0.926959 0.000000 0.000000 0.000000
7275.534668 0.000000 1428.099121 0.000000 0.669119 0.000000 -0.743155 0.000000 0.000000 0.000000
7234.892090 0.000000 1450.310669 0.000000 0.969057 0.000000 -0.246839 0.000000 0.000000 0.000000
7274.452148 0.000000 1447.043457 0.000000 0.585886 0.000000 0.810393 0.000000 0.000000 0.000000
7244.244629 0.000000 1462.725952 0.000000 0.744441 0.000000 0.667688 0.000000 0.000000 0.000000
7270.386719 0.000000 1434.457520 0.000000 0.844647 0.000000 0.535324 1.000000 1.000000 1.000000
7246.569336 0.000000 1445.878174 0.000000 0.959767 0.000000 -0.280798 0.000000 0.000000 0.000000
7252.724609 0.000000 1441.809814 0.000000 0.094957 0.000000 0.995481 0.000000 0.000000 0.000000
7239.173340 0.000000 1441.316040 0.000000 0.859726 0.000000 0.510756 1.000000 1.000000 1.000000
7277.452148 0.000000 1440.679199 0.000000 0.792582 0.000000 -0.609765 0.000000 0.000000 0.000000
7255.654785 0.000000 1445.764893 0.000000 0.997602 0.000000 0.069206 0.000000 0.000000 0.000000
7234.786133 0.000000 1447.010010 0.000000 0.847849 0.000000 -0.530238 1.000000 1.000000 1.000000
7239.626953 0.000000 1458.459595 0.000000 0.315258 0.000000 0.949006 0.000000 0.000000 0.000000
7243.346680 0.000000 1460.073364 0.000000 0.994001 0.000000 -0.109367 1.000000 1.000000 1.000000
7234.873047 0.000000 1438.399658 0.000000 0.864771 0.000000 0.502166 1.000000 1.000000 1.000000
7248.434082 0.000000 1442.170532 0.000000 0.551192 0.000000 0.834378 0.000000 0.000000 0.000000
7295.450684 0.000000 1420.038696 0.000000 0.093828 0.000000 0.995588 0.000000 0.000000 0.000000
7251.150879 0.000000 1445.870972 0.000000 0.998417 0.000000 -0.056240 1.000000 1.000000 1.000000
7232.956543 0.000000 1453.229248 0.000000 0.937151 0.000000 -0.348924 0.000000 0.000000 0.000000
7248.687988 0.000000 1447.294556 0.000000 0.581890 0.000000 0.813268 1.000000 1.000000 1.000000
7248.003418 0.000000 1439.412109 0.000000 0.523803 0.000000 0.851839 1.000000 1.000000 1.000000
7245.917480 0.000000 1443.555542 0.000000 0.402303 0.000000 -0.915507 0.000000 0.000000 0.000000
7266.794434 0.000000 1450.368896 0.000000 0.994227 0.000000 0.107297 0.000000 0.000000 0.000000
7247.784668 0.000000 1453.932007 0.000000 0.277112 0.000000 0.960838 0.000000 0.000000 0.000000
7243.910645 0.000000 1439.792358 0.000000 0.933205 0.000000 -0.359344 0.000000 0.000000 0.000000
7279.221680 0.000000 1445.407959 0.000000 0.187682 0.000000 0.982230 1.000000 1.000000 1.000000
7250.931641 0.000000 1443.435547 0.000000 0.999720 0.000000 -0.023682 1.000000 1.000000 1.000000
7244.076660 0.000000 1447.419800 0.000000 0.980835 0.000000 -0.194839 0.000000 0.000000 0.000000
7233.116211 0.000000 1448.608643 0.000000 0.825260 0.000000 -0.564753 1.000000 1.000000 1.000000
7245.897461 0.000000 1455.217285 0.000000 0.018713 0.000000 0.999825 0.000000 0.000000 0.000000
7246.486328 0.000000 1450.791138 0.000000 0.675583 0.000000 0.737284 0.000000 0.000000 0.000000
7273.380859 0.000000 1428.057007 0.000000 0.980114 0.000000 -0.198434 1.000000 1.000000 1.000000
7295.211914 0.000000 1422.941162 0.000000 0.749785 0.000000 0.661681 0.000000 0.000000 0.000000
7232.668457 0.000000 1429.879761 0.000000 0.991543 0.000000 -0.129780 0.000000 0.000000 0.000000
7254.645996 0.000000 1442.775146 0.000000 0.992999 0.000000 -0.118126 1.000000 1.000000 1.000000
7237.887695 0.000000 1442.937988 0.000000 0.625407 0.000000 0.780299 0.000000 0.000000 0.000000
7278.922852 0.000000 1447.430664 0.000000 0.245895 0.000000 -0.969297 1.000000 1.000000 1.000000
7268.267090 0.000000 1437.000122 0.000000 0.615507 0.000000 -0.788131 1.000000 1.000000 1.000000
7277.660156 0.000000 1444.059692 0.000000 0.467635 0.000000 -0.883922 1.000000 1.000000 1.000000
7245.989746 0.000000 1439.023804 0.000000 0.747314 0.000000 0.664471 0.000000 0.000000 0.000000
7269.990723 0.000000 1448.746704 0.000000 0.775105 0.000000 -0.631832 1.000000 1.000000 1.000000
7287.775879 0.000000 1439.834351 0.000000 0.007779 0.000000 -0.999970 0.000000 0.000000 0.000000
7291.459473 0.000000 1421.469482 0.000000 0.999689 0.000000 -0.024925 1.000000 1.000000 1.000000
7275.248535 0.000000 1444.935425 0.000000 0.519617 0.000000 0.854399 0.000000 0.000000 0.000000
7271.873535 0.000000 1448.896851 0.000000 0.542170 0.000000 0.840269 1.000000 1.000000 1.000000
7268.653320 0.000000 1450.374268 0.000000 0.997810 0.000000 0.066145 1.000000 1.000000 1.000000
7268.762207 0.000000 1433.614502 0.000000 0.991486 0.000000 0.130213 1.000000 1.000000 1.000000
7245.842285 0.000000 1463.587158 0.000000 0.999220 0.000000 0.039484 0.000000 0.000000 0.000000
7266.022949 0.000000 1434.145142 0.000000 0.911248 0.000000 -0.411858 1.000000 1.000000 1.000000
7270.058105 0.000000 1428.411865 0.000000 0.999241 0.000000 -0.038944 0.000000 0.000000 0.000000
7321.924805 0.000000 1408.865479 0.000000 0.892232 0.000000 0.451577 0.000000 0.000000 0.000000
7357.041992 0.000000 1411.283081 0.000000 0.237161 0.000000 0.971470 0.000000 0.000000 0.000000
7350.872070 0.000000 1401.959351 0.000000 0.113601 0.000000 0.993526 0.000000 0.000000 0.000000
7345.044434 0.000000 1404.308960 0.000000 0.649894 0.000000 0.760025 1.000000 1.000000 1.000000
7326.600098 0.000000 1405.328613 0.000000 0.111212 0.000000 -0.993797 0.000000 0.000000 0.000000
7319.427734 0.000000 1404.620361 0.000000 0.516787 0.000000 0.856114 0.000000 0.000000 0.000000
7353.614258 0.000000 1408.006104 0.000000 0.246457 0.000000 -0.969154 0.000000 0.000000 0.000000
7346.569336 0.000000 1411.598755 0.000000 0.556701 0.000000 0.830713 0.000000 0.000000 0.000000
7338.064453 0.000000 1406.948853 0.000000 0.301033 0.000000 -0.953614 0.000000 0.000000 0.000000
7358.612305 0.000000 1407.265259 0.000000 0.773715 0.000000 0.633534 0.000000 0.000000 0.000000
7354.308594 0.000000 1400.224609 0.000000 0.948245 0.000000 0.317540 0.000000 0.000000 0.000000
7342.444824 0.000000 1406.987183 0.000000 0.193406 0.000000 0.981119 0.000000 0.000000 0.000000
7343.152344 0.000000 1401.095703 0.000000 0.876586 0.000000 0.481245 0.000000 0.000000 0.000000
7351.010742 0.000000 1410.577881 0.000000 0.950229 0.000000 -0.311553 1.000000 1.000000 1.000000
7352.579102 0.000000 1404.787354 0.000000 0.708089 0.000000 0.706124 1.000000 1.000000 1.000000
7345.605957 0.000000 1408.478882 0.000000 0.164735 0.000000 -0.986338 0.000000 0.000000 0.000000
7348.392090 0.000000 1404.011719 0.000000 0.184276 0.000000 0.982875 1.000000 1.000000 1.000000
7354.107422 0.000000 1410.825439 0.000000 0.996354 0.000000 -0.085321 0.000000 0.000000 0.000000
7358.830566 0.000000 1402.860107 0.000000 0.759807 0.000000 0.650149 0.000000 0.000000 0.000000
7356.341309 0.000000 1408.792847 0.000000 0.595097 0.000000 -0.803654 0.000000 0.000000 0.000000
7310.452148 0.000000 1411.219727 0.000000 0.746510 0.000000 -0.665374 0.000000 0.000000 0.000000
7354.085938 0.000000 1402.783569 0.000000 0.973069 0.000000 -0.230513 1.000000 1.000000 1.000000
7359.022949 0.000000 1409.790527 0.000000 0.080984 0.000000 0.996715 0.000000 0.000000 0.000000
7319.931152 0.000000 1407.342285 0.000000 0.495196 0.000000 0.868781 0.000000 0.000000 0.000000
7348.503418 0.000000 1410.042603 0.000000 0.139590 0.000000 0.990209 1.000000 1.000000 1.000000
7346.714844 0.000000 1406.097900 0.000000 0.050285 0.000000 0.998735 1.000000 1.000000 1.000000
7342.583984 0.000000 1404.405518 0.000000 0.154314 0.000000 -0.988022 1.000000 1.000000 1.000000
7340.263184 0.000000 1405.800049 0.000000 0.596238 0.000000 -0.802808 1.000000 1.000000 1.000000
7351.341309 0.000000 1406.916992 0.000000 0.071584 0.000000 -0.997435 1.000000 1.000000 1.000000
7358.298340 0.000000 1405.095703 0.000000 0.853178 0.000000 -0.521620 1.000000 1.000000 1.000000
7344.587402 0.000000 1406.551025 0.000000 0.882180 0.000000 -0.470912 0.000000 0.000000 0.000000
7350.447266 0.000000 1404.834473 0.000000 0.983854 0.000000 0.178974 1.000000 1.000000 1.000000
7348.752441 0.000000 1402.022339 0.000000 0.240927 0.000000 -0.970543 1.000000 1.000000 1.000000
7352.393555 0.000000 1400.751709 0.000000 0.681584 0.000000 0.731740 1.000000 1.000000 1.000000
7350.407227 0.000000 1408.660645 0.000000 0.837002 0.000000 -0.547200 1.000000 1.000000 1.000000
7344.736816 0.000000 1402.311890 0.000000 0.562361 0.000000 0.826892 0.000000 0.000000 0.000000
7341.863281 0.000000 1402.442139 0.000000 0.012870 0.000000 -0.999917 1.000000 1.000000 1.000000
7338.572266 0.000000 1405.203857 0.000000 0.484694 0.000000 -0.874684 1.000000 1.000000 1.000000
7347.450195 0.000000 1408.464233 0.000000 0.572200 0.000000 -0.820114 1.000000 1.000000 1.000000
7346.704590 0.000000 1403.549072 0.000000 0.071985 0.000000 0.997406 1.000000 1.000000 1.000000
7352.254883 0.000000 1403.007324 0.000000 0.935655 0.000000 -0.352916 1.000000 1.000000 1.000000
7348.959961 0.000000 1405.684082 0.000000 0.533450 0.000000 0.845832 1.000000 1.000000 1.000000
7405.255371 0.000000 1410.500488 0.000000 0.669465 0.000000 0.742843 0.000000 0.000000 0.000000
7399.866699 0.000000 1397.328613 0.000000 0.862590 0.000000 -0.505903 0.000000 0.000000 0.000000
7385.924805 0.000000 1408.865479 0.000000 0.908556 0.000000 0.417762 0.000000 0.000000 0.000000
7361.469238 0.000000 1410.173096 0.000000 0.275667 0.000000 -0.961253 0.000000 0.000000 0.000000
7405.060059 0.000000 1398.016846 0.000000 0.930655 0.000000 -0.365899 0.000000 0.000000 0.000000
7390.600098 0.000000 1405.328613 0.000000 0.563255 0.000000 0.826283 1.000000 1.000000 1.000000
7364.957031 0.000000 1401.792114 0.000000 0.175426 0.000000 0.984493 0.000000 0.000000 0.000000
7401.605957 0.000000 1393.106445 0.000000 0.767924 0.000000 -0.640541 0.000000 0.000000 0.000000
7363.856934 0.000000 1405.696899 0.000000 0.870690 0.000000 -0.491832 1.000000 1.000000 1.000000
7401.927734 0.000000 1400.358276 0.000000 0.635311 0.000000 0.772257 1.000000 1.000000 1.000000
7396.675781 0.000000 1388.467041 0.000000 0.447102 0.000000 -0.894483 0.000000 0.000000 0.000000
7386.771973 0.000000 1405.535278 0.000000 0.944126 0.000000 -0.329585 0.000000 0.000000 0.000000
7360.226074 0.000000 1406.942017 0.000000 0.992262 0.000000 -0.124161 0.000000 0.000000 0.000000
7399.131348 0.000000 1390.604126 0.000000 0.987947 0.000000 0.154793 0.000000 0.000000 0.000000
7370.749023 0.000000 1397.817871 0.000000 0.998221 0.000000 0.059624 0.000000 0.000000 0.000000
7402.699707 0.000000 1396.003784 0.000000 0.057218 0.000000 -0.998362 1.000000 1.000000 1.000000
7366.656738 0.000000 1404.442749 0.000000 0.987544 0.000000 -0.157345 0.000000 0.000000 0.000000
7398.885742 0.000000 1399.786743 0.000000 0.965722 0.000000 -0.259578 0.000000 0.000000 0.000000
7367.626953 0.000000 1401.975220 0.000000 0.863144 0.000000 0.504957 0.000000 0.000000 0.000000
7362.854492 0.000000 1403.171997 0.000000 0.662313 0.000000 0.749228 1.000000 1.000000 1.000000
7402.151367 0.000000 1398.136597 0.000000 0.691687 0.000000 0.722197 1.000000 1.000000 1.000000
7361.798828 0.000000 1405.564087 0.000000 0.325899 0.000000 0.945405 1.000000 1.000000 1.000000
7366.227051 0.000000 1400.199951 0.000000 0.361382 0.000000 0.932418 0.000000 0.000000 0.000000
7400.666504 0.000000 1401.947510 0.000000 0.504163 0.000000 -0.863608 1.000000 1.000000 1.000000
7387.270508 0.000000 1407.371216 0.000000 0.519884 0.000000 -0.854237 0.000000 0.000000 0.000000
7388.806641 0.000000 1405.988037 0.000000 0.608633 0.000000 0.793452 1.000000 1.000000 1.000000
7364.837402 0.000000 1403.864746 0.000000 0.690985 0.000000 0.722870 1.000000 1.000000 1.000000
7399.873535 0.000000 1392.412476 0.000000 0.312246 0.000000 -0.950001 0.000000 0.000000 0.000000
7400.504883 0.000000 1399.018677 0.000000 0.786259 0.000000 -0.617897 1.000000 1.000000 1.000000
7403.631348 0.000000 1399.174927 0.000000 0.934390 0.000000 0.356253 1.000000 1.000000 1.000000
7363.196289 0.000000 1401.375488 0.000000 0.825661 0.000000 -0.564166 0.000000 0.000000 0.000000
7402.288086 0.000000 1386.307251 0.000000 0.568824 0.000000 0.822459 1.000000 1.000000 1.000000
7348.600586 0.000000 1435.323242 0.000000 0.960487 0.000000 0.278325 0.000000 0.000000 0.000000
7299.589355 0.000000 1424.491577 0.000000 0.520088 0.000000 0.854113 0.000000 0.000000 0.000000
7327.430176 0.000000 1422.881348 0.000000 0.965238 0.000000 -0.261373 0.000000 0.000000 0.000000
7359.419434 0.000000 1433.981445 0.000000 0.050415 0.000000 0.998728 0.000000 0.000000 0.000000
7333.084961 0.000000 1426.906982 0.000000 0.747871 0.000000 -0.663844 0.000000 0.000000 0.000000
7322.616699 0.000000 1418.318848 0.000000 0.441388 0.000000 0.897317 0.000000 0.000000 0.000000
7310.146973 0.000000 1433.962891 0.000000 0.347724 0.000000 -0.937597 0.000000 0.000000 0.000000
7353.915527 0.000000 1422.824097 0.000000 0.581104 0.000000 -0.813829 0.000000 0.000000 0.000000
7359.291016 0.000000 1412.514404 0.000000 0.628472 0.000000 0.777832 0.000000 0.000000 0.000000
7313.626465 0.000000 1417.318848 0.000000 0.157624 0.000000 -0.987499 0.000000 0.000000 0.000000
7333.443359 0.000000 1431.911377 0.000000 0.993206 0.000000 -0.116372 0.000000 0.000000 0.000000
7350.117188 0.000000 1419.130737 0.000000 0.928006 0.000000 0.372565 0.000000 0.000000 0.000000
7321.550293 0.000000 1423.710815 0.000000 0.694200 0.000000 -0.719782 0.000000 0.000000 0.000000
7313.893555 0.000000 1425.424194 0.000000 0.182783 0.000000 0.983153 0.000000 0.000000 0.000000
7346.317383 0.000000 1415.300537 0.000000 0.810809 0.000000 -0.585310 0.000000 0.000000 0.000000
7338.133789 0.000000 1416.246704 0.000000 0.263086 0.000000 0.964772 0.000000 0.000000 0.000000
7358.127441 0.000000 1429.549316 0.000000 0.157047 0.000000 0.987591 0.000000 0.000000 0.000000
7301.568848 0.000000 1416.127197 0.000000 0.924310 0.000000 0.381643 1.000000 1.000000 1.000000
7301.348633 0.000000 1420.551147 0.000000 0.554592 0.000000 0.832123 0.000000 0.000000 0.000000
7354.875000 0.000000 1412.263916 0.000000 0.735033 0.000000 0.678031 0.000000 0.000000 0.000000
7318.596680 0.000000 1432.640503 0.000000 0.956774 0.000000 0.290832 0.000000 0.000000 0.000000
7318.302246 0.000000 1417.163452 0.000000 0.081862 0.000000 0.996644 0.000000 0.000000 0.000000
7299.605469 0.000000 1435.385986 0.000000 0.868744 0.000000 -0.495262 0.000000 0.000000 0.000000
7306.276367 0.000000 1432.716797 0.000000 0.995403 0.000000 -0.095773 0.000000 0.000000 0.000000
7308.652344 0.000000 1437.536255 0.000000 0.964712 0.000000 0.263308 0.000000 0.000000 0.000000
7353.786621 0.000000 1416.634155 0.000000 0.853535 0.000000 0.521035 0.000000 0.000000 0.000000
7330.040527 0.000000 1430.414307 0.000000 0.987107 0.000000 0.160059 0.000000 0.000000 0.000000
7357.449707 0.000000 1421.595581 0.000000 0.600251 0.000000 0.799812 0.000000 0.000000 0.000000
7329.456543 0.000000 1426.034302 0.000000 0.947049 0.000000 0.321088 0.000000 0.000000 0.000000
7324.683105 0.000000 1425.543335 0.000000 0.955981 0.000000 0.293427 0.000000 0.000000 0.000000
7311.712891 0.000000 1430.723511 0.000000 0.985591 0.000000 0.169146 0.000000 0.000000 0.000000
7301.963867 0.000000 1432.808350 0.000000 0.536103 0.000000 -0.844153 0.000000 0.000000 0.000000
7324.263672 0.000000 1421.405396 0.000000 0.966922 0.000000 -0.255074 0.000000 0.000000 0.000000
7341.457031 0.000000 1416.322876 0.000000 0.855189 0.000000 0.518316 0.000000 0.000000 0.000000
7325.587891 0.000000 1431.777100 0.000000 0.927619 0.000000 0.373527 0.000000 0.000000 0.000000
7335.553711 0.000000 1429.311646 0.000000 0.918602 0.000000 0.395183 0.000000 0.000000 0.000000
7307.269531 0.000000 1421.439453 0.000000 0.954976 0.000000 0.296685 1.000000 1.000000 1.000000
7320.357910 0.000000 1420.620361 0.000000 0.953728 0.000000 -0.300670 0.000000 0.000000 0.000000
7296.205078 0.000000 1434.528076 0.000000 0.930030 0.000000 -0.367485 0.000000 0.000000 0.000000
7354.815430 0.000000 1419.678467 0.000000 0.956041 0.000000 0.293233 0.000000 0.000000 0.000000
7308.396484 0.000000 1424.617188 0.000000 0.942793 0.000000 0.333378 0.000000 0.000000 0.000000
7313.653320 0.000000 1420.578735 0.000000 0.467478 0.000000 0.884005 0.000000 0.000000 0.000000
7356.365723 0.000000 1414.837036 0.000000 0.996943 0.000000 0.078135 1.000000 1.000000 1.000000
7339.550781 0.000000 1418.909180 0.000000 0.064210 0.000000 -0.997936 0.000000 0.000000 0.000000
7304.260254 0.000000 1421.114990 0.000000 0.875907 0.000000 -0.482480 0.000000 0.000000 0.000000
7309.243652 0.000000 1419.350464 0.000000 0.930695 0.000000 0.365797 0.000000 0.000000 0.000000
7348.340820 0.000000 1412.445435 0.000000 0.993100 0.000000 0.117267 0.000000 0.000000 0.000000
7352.270996 0.000000 1432.619141 0.000000 0.882577 0.000000 -0.470168 0.000000 0.000000 0.000000
7306.422852 0.000000 1435.856934 0.000000 0.497072 0.000000 0.867709 1.000000 1.000000 1.000000
7338.478516 0.000000 1437.846436 0.000000 0.895734 0.000000 0.444591 0.000000 0.000000 0.000000
7315.958008 0.000000 1418.821899 0.000000 0.874817 0.000000 -0.484454 1.000000 1.000000 1.000000
7298.759766 0.000000 1421.223999 0.000000 0.981243 0.000000 0.192776 0.000000 0.000000 0.000000
7331.895020 0.000000 1424.623047 0.000000 0.926161 0.000000 0.377128 1.000000 1.000000 1.000000
7346.542480 0.000000 1417.907959 0.000000 0.900312 0.000000 -0.435245 1.000000 1.000000 1.000000
7315.875488 0.000000 1427.558228 0.000000 0.169868 0.000000 -0.985467 0.000000 0.000000 0.000000
7352.357422 0.000000 1420.456299 0.000000 0.934255 0.000000 -0.356607 0.000000 0.000000 0.000000
7300.015137 0.000000 1418.196411 0.000000 0.911592 0.000000 0.411096 1.000000 1.000000 1.000000
7359.450684 0.000000 1420.038696 0.000000 0.294756 0.000000 -0.955573 1.000000 1.000000 1.000000
7302.927734 0.000000 1418.456787 0.000000 0.970141 0.000000 0.242544 0.000000 0.000000 0.000000
7322.002441 0.000000 1426.144775 0.000000 0.587740 0.000000 -0.809050 0.000000 0.000000 0.000000
7332.534668 0.000000 1429.287476 0.000000 0.381593 0.000000 -0.924331 0.000000 0.000000 0.000000
7359.835938 0.000000 1416.593506 0.000000 0.199050 0.000000 -0.979989 0.000000 0.000000 0.000000
7359.940430 0.000000 1431.558838 0.000000 0.980401 0.000000 0.197011 0.000000 0.000000 0.000000
7311.571289 0.000000 1418.721924 0.000000 0.042341 0.000000 0.999103 1.000000 1.000000 1.000000
7351.474609 0.000000 1417.180054 0.000000 0.976574 0.000000 -0.215181 0.000000 0.000000 0.000000
7327.885254 0.000000 1431.299438 0.000000 0.655057 0.000000 0.755579 1.000000 1.000000 1.000000
7330.304199 0.000000 1428.209229 0.000000 0.983992 0.000000 0.178212 0.000000 0.000000 0.000000
7358.677246 0.000000 1414.655396 0.000000 0.404601 0.000000 0.914493 1.000000 1.000000 1.000000
7320.281738 0.000000 1434.124512 0.000000 0.974341 0.000000 0.225079 0.000000 0.000000 0.000000
7326.946777 0.000000 1425.348389 0.000000 0.962171 0.000000 0.272447 1.000000 1.000000 1.000000
7357.061035 0.000000 1412.665649 0.000000 0.652273 0.000000 0.757985 0.000000 0.000000 0.000000
7318.294922 0.000000 1419.582520 0.000000 0.744208 0.000000 0.667948 1.000000 1.000000 1.000000
7344.601562 0.000000 1416.951660 0.000000 0.730888 0.000000 -0.682497 1.000000 1.000000 1.000000
7307.945801 0.000000 1434.177856 0.000000 0.662893 0.000000 -0.748714 1.000000 1.000000 1.000000
7296.013672 0.000000 1416.632080 0.000000 0.764372 0.000000 -0.644776 1.000000 1.000000 1.000000
7300.386230 0.000000 1422.526367 0.000000 0.923318 0.000000 0.384037 1.000000 1.000000 1.000000
7353.029297 0.000000 1418.546143 0.000000 0.907787 0.000000 0.419432 1.000000 1.000000 1.000000
7308.800293 0.000000 1422.672119 0.000000 0.823520 0.000000 -0.567287 0.000000 0.000000 0.000000
7355.533691 0.000000 1417.684204 0.000000 0.990469 0.000000 0.137735 0.000000 0.000000 0.000000
7355.459473 0.000000 1421.469482 0.000000 0.318135 0.000000 -0.948046 0.000000 0.000000 0.000000
7323.430664 0.000000 1424.137085 0.000000 0.638907 0.000000 -0.769284 0.000000 0.000000 0.000000
7307.020996 0.000000 1423.351685 0.000000 0.966352 0.000000 -0.257224 0.000000 0.000000 0.000000
7328.410645 0.000000 1429.478882 0.000000 0.691481 0.000000 -0.722395 0.000000 0.000000 0.000000
7327.909668 0.000000 1427.076782 0.000000 0.521654 0.000000 -0.853157 1.000000 1.000000 1.000000
7325.993164 0.000000 1426.907227 0.000000 0.869197 0.000000 0.494467 1.000000 1.000000 1.000000
7311.876465 0.000000 1420.557617 0.000000 0.371013 0.000000 -0.928628 1.000000 1.000000 1.000000
7308.623047 0.000000 1435.740967 0.000000 0.648482 0.000000 0.761230 1.000000 1.000000 1.000000
7299.807617 0.000000 1419.911255 0.000000 0.959906 0.000000 0.280322 1.000000 1.000000 1.000000
7361.476562 0.000000 1418.568115 0.000000 0.930079 0.000000 -0.367359 0.000000 0.000000 0.000000
7360.173340 0.000000 1413.933960 0.000000 0.873771 0.000000 0.486337 0.000000 0.000000 0.000000
7394.139648 0.000000 1413.835693 0.000000 0.379763 0.000000 0.925084 0.000000 0.000000 0.000000
7384.357910 0.000000 1420.620361 0.000000 0.651262 0.000000 0.758853 0.000000 0.000000 0.000000
7366.297363 0.000000 1413.457520 0.000000 0.356883 0.000000 -0.934149 0.000000 0.000000 0.000000
7362.305176 0.000000 1413.459229 0.000000 0.926966 0.000000 0.375145 0.000000 0.000000 0.000000
7245.333984 0.000000 1472.923096 0.000000 0.816308 0.000000 -0.577617 0.000000 0.000000 0.000000
7510.690430 0.000000 1383.641968 0.000000 0.925045 0.000000 0.379857 1.000000 1.000000 1.000000
7515.115234 0.000000 1384.908691 0.000000 0.822706 0.000000 0.568467 0.000000 0.000000 0.000000
7508.387207 0.000000 1382.422119 0.000000 0.687154 0.000000 0.726511 0.000000 0.000000 0.000000
7512.466797 0.000000 1382.149048 0.000000 0.190373 0.000000 0.981712 1.000000 1.000000 1.000000
7512.739258 0.000000 1384.194214 0.000000 0.627425 0.000000 0.778677 1.000000 1.000000 1.000000
7555.716309 0.000000 1396.731201 0.000000 0.646843 0.000000 -0.762623 0.000000 0.000000 0.000000
7635.921875 0.000000 1379.950439 0.000000 0.713820 0.000000 -0.700329 0.000000 0.000000 0.000000
5962.276367 0.000000 2392.951172 0.000000 0.685981 0.000000 0.727619 1.000000 1.000000 1.000000
5964.424805 0.000000 2390.763428 0.000000 0.499088 0.000000 0.866551 0.000000 0.000000 0.000000
5962.112305 0.000000 2390.497559 0.000000 0.533162 0.000000 0.846013 0.000000 0.000000 0.000000
5960.162109 0.000000 2392.064453 0.000000 0.891778 0.000000 -0.452473 1.000000 1.000000 1.000000
6459.669434 0.000000 1940.173584 0.000000 0.490634 0.000000 0.871366 0.000000 0.000000 0.000000
6278.599121 0.000000 2312.475830 0.000000 0.892036 0.000000 -0.451965 0.000000 0.000000 0.000000
6288.020996 0.000000 2303.603271 0.000000 0.913688 0.000000 -0.406417 0.000000 0.000000 0.000000
6298.548828 0.000000 2300.687988 0.000000 0.596354 0.000000 -0.802722 0.000000 0.000000 0.000000
6285.883301 0.000000 2307.871094 0.000000 0.789064 0.000000 -0.614311 0.000000 0.000000 0.000000
6284.244629 0.000000 2309.991699 0.000000 0.789501 0.000000 -0.613749 0.000000 0.000000 0.000000
6286.936035 0.000000 2305.947021 0.000000 0.933119 0.000000 0.359568 0.000000 0.000000 0.000000
6388.885254 0.000000 2311.126221 0.000000 0.131647 0.000000 0.991297 0.000000 0.000000 0.000000
6382.271484 0.000000 2296.663574 0.000000 0.065016 0.000000 0.997884 0.000000 0.000000 0.000000
6362.548828 0.000000 2300.687988 0.000000 0.667188 0.000000 -0.744889 0.000000 0.000000 0.000000
6359.427734 0.000000 2308.370361 0.000000 0.389228 0.000000 -0.921141 0.000000 0.000000 0.000000
6395.742676 0.000000 2297.052002 0.000000 0.797262 0.000000 0.603633 0.000000 0.000000 0.000000
6357.436035 0.000000 2310.672852 0.000000 0.221414 0.000000 -0.975180 0.000000 0.000000 0.000000
6356.862305 0.000000 2308.041992 0.000000 0.178185 0.000000 0.983997 1.000000 1.000000 1.000000
6298.844238 0.000000 2317.576904 0.000000 0.153755 0.000000 0.988109 0.000000 0.000000 0.000000
6416.020996 0.000000 2303.603271 0.000000 0.514080 0.000000 -0.857742 0.000000 0.000000 0.000000
6482.736816 0.000000 2309.496094 0.000000 0.100305 0.000000 -0.994957 0.000000 0.000000 0.000000
6484.194824 0.000000 2305.287842 0.000000 0.990399 0.000000 0.138241 0.000000 0.000000 0.000000
6511.152344 0.000000 2304.845703 0.000000 0.662251 0.000000 -0.749282 0.000000 0.000000 0.000000
6528.290527 0.000000 2293.740234 0.000000 0.741941 0.000000 0.670465 0.000000 0.000000 0.000000
6700.186523 0.000000 2476.536377 0.000000 0.001645 0.000000 -0.999999 0.000000 0.000000 0.000000
7077.993652 0.000000 2288.938232 0.000000 0.904968 0.000000 0.425480 0.000000 0.000000 0.000000
7082.157715 0.000000 2282.211182 0.000000 0.903940 0.000000 -0.427660 0.000000 0.000000 0.000000
7095.033203 0.000000 2297.822998 0.000000 0.324285 0.000000 -0.945959 0.000000 0.000000 0.000000
7095.879395 0.000000 2302.569824 0.000000 0.900318 0.000000 0.435233 0.000000 0.000000 0.000000
7082.478516 0.000000 2285.112061 0.000000 0.995815 0.000000 0.091387 0.000000 0.000000 0.000000
7095.370605 0.000000 2293.030518 0.000000 0.966116 0.000000 0.258109 0.000000 0.000000 0.000000
7095.086426 0.000000 2295.991211 0.000000 0.976902 0.000000 0.213689 1.000000 1.000000 1.000000
6977.469238 0.000000 2483.376221 0.000000 0.375911 0.000000 0.926656 0.000000 0.000000 0.000000
7010.997070 0.000000 2484.791504 0.000000 0.100548 0.000000 0.994932 0.000000 0.000000 0.000000
6976.164062 0.000000 2485.167236 0.000000 0.914662 0.000000 0.404219 0.000000 0.000000 0.000000
6977.867188 0.000000 2485.031250 0.000000 0.360741 0.000000 -0.932666 0.000000 0.000000 0.000000
6814.802246 0.000000 2485.373535 0.000000 0.972442 0.000000 -0.233146 0.000000 0.000000 0.000000
6806.797363 0.000000 2486.287109 0.000000 0.058545 0.000000 0.998285 0.000000 0.000000 0.000000
6810.616699 0.000000 2491.521973 0.000000 0.999762 0.000000 -0.021833 0.000000 0.000000 0.000000
6806.302246 0.000000 2490.366455 0.000000 0.109413 0.000000 -0.993996 0.000000 0.000000 0.000000
6814.227539 0.000000 2489.869873 0.000000 0.351064 0.000000 0.936351 1.000000 1.000000 1.000000
6818.139648 0.000000 2487.038818 0.000000 0.095632 0.000000 -0.995417 0.000000 0.000000 0.000000
6815.085938 0.000000 2492.941406 0.000000 0.909638 0.000000 0.415402 0.000000 0.000000 0.000000
6808.982910 0.000000 2489.186279 0.000000 0.423366 0.000000 0.905959 0.000000 0.000000 0.000000
6803.922852 0.000000 2489.111816 0.000000 0.962520 0.000000 -0.271209 0.000000 0.000000 0.000000
6815.881836 0.000000 2487.961914 0.000000 0.886228 0.000000 0.463248 1.000000 1.000000 1.000000
6811.828125 0.000000 2489.351562 0.000000 0.987696 0.000000 0.156384 0.000000 0.000000 0.000000
6812.903809 0.000000 2491.933838 0.000000 0.957992 0.000000 -0.286794 0.000000 0.000000 0.000000
6815.953125 0.000000 2490.987793 0.000000 0.547621 0.000000 0.836727 1.000000 1.000000 1.000000
6851.589355 0.000000 2497.694824 0.000000 0.269365 0.000000 0.963038 0.000000 0.000000 0.000000
6886.720703 0.000000 2532.047119 0.000000 0.702500 0.000000 -0.711684 0.000000 0.000000 0.000000
6848.205078 0.000000 2507.731201 0.000000 0.382784 0.000000 -0.923838 0.000000 0.000000 0.000000
6975.291016 0.000000 2485.717529 0.000000 0.477530 0.000000 -0.878615 0.000000 0.000000 0.000000
7017.423340 0.000000 2517.734619 0.000000 0.918947 0.000000 -0.394380 0.000000 0.000000 0.000000
6991.347656 0.000000 2485.596680 0.000000 0.390232 0.000000 0.920717 0.000000 0.000000 0.000000
7018.157715 0.000000 2508.148682 0.000000 0.981191 0.000000 -0.193039 0.000000 0.000000 0.000000
6976.173340 0.000000 2487.137207 0.000000 0.316011 0.000000 0.948755 0.000000 0.000000 0.000000
7010.139648 0.000000 2487.038818 0.000000 0.641394 0.000000 0.767212 0.000000 0.000000 0.000000
7020.084473 0.000000 2516.056396 0.000000 0.248687 0.000000 0.968584 0.000000 0.000000 0.000000
7018.478516 0.000000 2511.049561 0.000000 0.918222 0.000000 0.396065 0.000000 0.000000 0.000000
7047.674805 0.000000 2509.258545 0.000000 0.465359 0.000000 -0.885122 0.000000 0.000000 0.000000
7054.124512 0.000000 2570.805664 0.000000 0.779172 0.000000 -0.626810 0.000000 0.000000 0.000000
7041.476562 0.000000 2548.255615 0.000000 0.920553 0.000000 0.390617 0.000000 0.000000 0.000000
7054.146973 0.000000 2563.650391 0.000000 0.992505 0.000000 0.122205 0.000000 0.000000 0.000000
7062.690430 0.000000 2569.813721 0.000000 0.739842 0.000000 0.672781 0.000000 0.000000 0.000000
7056.913574 0.000000 2574.366943 0.000000 0.641468 0.000000 -0.767150 0.000000 0.000000 0.000000
7077.993652 0.000000 2571.360107 0.000000 0.529233 0.000000 0.848477 0.000000 0.000000 0.000000
7058.409180 0.000000 2570.206299 0.000000 0.073068 0.000000 0.997327 1.000000 1.000000 1.000000
7081.764648 0.000000 2570.121094 0.000000 0.677768 0.000000 -0.735276 0.000000 0.000000 0.000000
7052.652344 0.000000 2567.223633 0.000000 0.990509 0.000000 -0.137448 0.000000 0.000000 0.000000
7056.310547 0.000000 2566.591553 0.000000 0.612585 0.000000 0.790404 1.000000 1.000000 1.000000
7057.983398 0.000000 2563.165039 0.000000 0.853502 0.000000 -0.521090 0.000000 0.000000 0.000000
7080.221680 0.000000 2562.240234 0.000000 0.921666 0.000000 0.387984 0.000000 0.000000 0.000000
7078.386719 0.000000 2564.145020 0.000000 0.990022 0.000000 0.140915 1.000000 1.000000 1.000000
7042.759766 0.000000 2550.911377 0.000000 0.713844 0.000000 -0.700305 0.000000 0.000000 0.000000
7060.724609 0.000000 2571.497314 0.000000 0.866692 0.000000 0.498844 1.000000 1.000000 1.000000
7061.175293 0.000000 2577.014893 0.000000 0.842817 0.000000 0.538201 0.000000 0.000000 0.000000
7063.654785 0.000000 2575.452393 0.000000 0.820124 0.000000 0.572186 0.000000 0.000000 0.000000
7056.434082 0.000000 2571.858154 0.000000 0.358470 0.000000 0.933541 1.000000 1.000000 1.000000
7059.150879 0.000000 2575.558350 0.000000 0.983862 0.000000 -0.178930 0.000000 0.000000 0.000000
7079.437012 0.000000 2569.178711 0.000000 0.682967 0.000000 -0.730450 0.000000 0.000000 0.000000
7056.003418 0.000000 2569.099609 0.000000 0.221008 0.000000 0.975272 1.000000 1.000000 1.000000
7060.387207 0.000000 2568.593994 0.000000 0.981939 0.000000 -0.189198 1.000000 1.000000 1.000000
7078.985352 0.000000 2573.661377 0.000000 0.763831 0.000000 -0.645416 0.000000 0.000000 0.000000
7058.931641 0.000000 2573.123047 0.000000 0.964772 0.000000 -0.263089 1.000000 1.000000 1.000000
7080.581055 0.000000 2572.061279 0.000000 0.573740 0.000000 0.819037 1.000000 1.000000 1.000000
7058.112793 0.000000 2567.988525 0.000000 0.907883 0.000000 -0.419224 1.000000 1.000000 1.000000
7056.326660 0.000000 2564.463867 0.000000 0.639162 0.000000 -0.769072 1.000000 1.000000 1.000000
7061.939941 0.000000 2567.130371 0.000000 0.587850 0.000000 0.808970 1.000000 1.000000 1.000000
7062.645996 0.000000 2572.462646 0.000000 0.164749 0.000000 -0.986335 0.000000 0.000000 0.000000
7054.324707 0.000000 2565.684814 0.000000 0.895647 0.000000 0.444766 1.000000 1.000000 1.000000
7058.017090 0.000000 2565.581543 0.000000 0.284864 0.000000 0.958568 1.000000 1.000000 1.000000
7117.467773 0.000000 2557.352051 0.000000 0.174439 0.000000 -0.984668 0.000000 0.000000 0.000000
7143.866699 0.000000 2583.500488 0.000000 0.967254 0.000000 0.253811 0.000000 0.000000 0.000000
7131.221680 0.000000 2587.825439 0.000000 0.111306 0.000000 0.993786 0.000000 0.000000 0.000000
7125.428223 0.000000 2574.144531 0.000000 0.245061 0.000000 -0.969508 0.000000 0.000000 0.000000
7125.035156 0.000000 2582.513916 0.000000 0.691795 0.000000 0.722094 0.000000 0.000000 0.000000
7129.924805 0.000000 2595.037354 0.000000 0.243336 0.000000 -0.969942 0.000000 0.000000 0.000000
7136.909180 0.000000 2584.040283 0.000000 0.135446 0.000000 0.990785 0.000000 0.000000 0.000000
7140.049805 0.000000 2578.086426 0.000000 0.204046 0.000000 0.978961 0.000000 0.000000 0.000000
7149.060059 0.000000 2584.188721 0.000000 0.888894 0.000000 0.458113 0.000000 0.000000 0.000000
7155.521484 0.000000 2569.805664 0.000000 0.881478 0.000000 0.472224 0.000000 0.000000 0.000000
7117.883301 0.000000 2590.292969 0.000000 0.770228 0.000000 0.637769 1.000000 1.000000 1.000000
7145.605957 0.000000 2579.278320 0.000000 0.056320 0.000000 -0.998413 0.000000 0.000000 0.000000
7126.596680 0.000000 2562.328125 0.000000 0.951047 0.000000 0.309048 0.000000 0.000000 0.000000
7107.605469 0.000000 2565.073486 0.000000 0.723705 0.000000 0.690109 0.000000 0.000000 0.000000
7140.219727 0.000000 2581.954346 0.000000 0.968011 0.000000 -0.250906 1.000000 1.000000 1.000000
7127.828125 0.000000 2565.973633 0.000000 0.973640 0.000000 0.228090 1.000000 1.000000 1.000000
7143.131348 0.000000 2576.776123 0.000000 0.628233 0.000000 0.778025 0.000000 0.000000 0.000000
7121.116211 0.000000 2589.044434 0.000000 0.998764 0.000000 0.049713 1.000000 1.000000 1.000000
7133.536621 0.000000 2581.810059 0.000000 0.952837 0.000000 -0.303482 0.000000 0.000000 0.000000
7146.699707 0.000000 2582.175781 0.000000 0.962930 0.000000 -0.269753 0.000000 0.000000 0.000000
7133.075684 0.000000 2594.197021 0.000000 0.599519 0.000000 -0.800361 0.000000 0.000000 0.000000
7142.737793 0.000000 2580.274658 0.000000 0.540052 0.000000 0.841632 0.000000 0.000000 0.000000
7132.116211 0.000000 2597.212402 0.000000 0.207675 0.000000 0.978198 0.000000 0.000000 0.000000
7129.164062 0.000000 2597.656250 0.000000 0.254732 0.000000 0.967012 0.000000 0.000000 0.000000
7124.862305 0.000000 2590.463867 0.000000 0.529222 0.000000 0.848483 0.000000 0.000000 0.000000
7125.175293 0.000000 2577.014893 0.000000 0.986393 0.000000 0.164407 0.000000 0.000000 0.000000
7139.097656 0.000000 2583.896973 0.000000 0.596451 0.000000 0.802649 0.000000 0.000000 0.000000
7118.936035 0.000000 2588.368896 0.000000 0.963648 0.000000 -0.267174 1.000000 1.000000 1.000000
7119.977051 0.000000 2590.864014 0.000000 0.628278 0.000000 -0.777989 0.000000 0.000000 0.000000
7126.347168 0.000000 2564.440430 0.000000 0.401638 0.000000 -0.915799 1.000000 1.000000 1.000000
7143.873535 0.000000 2578.584473 0.000000 0.112580 0.000000 -0.993643 1.000000 1.000000 1.000000
7140.653320 0.000000 2580.061768 0.000000 0.159549 0.000000 0.987190 1.000000 1.000000 1.000000
7131.848633 0.000000 2595.456055 0.000000 0.998986 0.000000 -0.045016 0.000000 0.000000 0.000000
7134.802246 0.000000 2598.342285 0.000000 0.962083 0.000000 -0.272758 0.000000 0.000000 0.000000
7146.133789 0.000000 2602.418701 0.000000 0.895592 0.000000 -0.444877 0.000000 0.000000 0.000000
7161.786621 0.000000 2602.806152 0.000000 0.791300 0.000000 -0.611428 0.000000 0.000000 0.000000
7165.449707 0.000000 2607.767334 0.000000 0.998091 0.000000 0.061762 0.000000 0.000000 0.000000
7149.457031 0.000000 2602.494873 0.000000 0.870139 0.000000 -0.492806 0.000000 0.000000 0.000000
7162.815430 0.000000 2605.850342 0.000000 0.909706 0.000000 -0.415253 0.000000 0.000000 0.000000
7164.365723 0.000000 2601.009033 0.000000 0.055735 0.000000 0.998446 0.000000 0.000000 0.000000
7147.597168 0.000000 2600.305664 0.000000 0.951809 0.000000 -0.306692 0.000000 0.000000 0.000000
7167.835938 0.000000 2602.765381 0.000000 0.908369 0.000000 0.418169 1.000000 1.000000 1.000000
7166.677246 0.000000 2600.827393 0.000000 0.997175 0.000000 0.075116 0.000000 0.000000 0.000000
7164.870605 0.000000 2605.673828 0.000000 0.939305 0.000000 0.343083 1.000000 1.000000 1.000000
7163.533691 0.000000 2603.855957 0.000000 0.934830 0.000000 0.355096 1.000000 1.000000 1.000000
7297.469238 0.000000 2370.407471 0.000000 0.638049 0.000000 0.769996 0.000000 0.000000 0.000000
7296.164062 0.000000 2372.198486 0.000000 0.032199 0.000000 0.999481 0.000000 0.000000 0.000000
7293.524414 0.000000 2377.857178 0.000000 0.582608 0.000000 0.812753 0.000000 0.000000 0.000000
7258.840820 0.000000 2399.048096 0.000000 0.641697 0.000000 -0.766958 0.000000 0.000000 0.000000
7281.916504 0.000000 2390.133789 0.000000 0.360065 0.000000 0.932927 0.000000 0.000000 0.000000
7262.773926 0.000000 2388.815430 0.000000 0.412980 0.000000 -0.910740 0.000000 0.000000 0.000000
7285.757812 0.000000 2391.708496 0.000000 0.737784 0.000000 -0.675037 0.000000 0.000000 0.000000
7278.165527 0.000000 2389.885986 0.000000 0.814773 0.000000 0.579780 0.000000 0.000000 0.000000
7251.958008 0.000000 2379.056396 0.000000 0.998801 0.000000 0.048946 0.000000 0.000000 0.000000
7295.545410 0.000000 2404.302734 0.000000 0.990718 0.000000 0.135934 0.000000 0.000000 0.000000
7280.094238 0.000000 2389.453125 0.000000 0.547088 0.000000 0.837075 1.000000 1.000000 1.000000
7282.463867 0.000000 2388.272217 0.000000 0.395695 0.000000 -0.918382 0.000000 0.000000 0.000000
7299.834473 0.000000 2372.346191 0.000000 0.725576 0.000000 -0.688142 0.000000 0.000000 0.000000
7296.173340 0.000000 2374.168457 0.000000 0.917072 0.000000 -0.398723 0.000000 0.000000 0.000000
7296.354004 0.000000 2533.280273 0.000000 0.998994 0.000000 -0.044847 0.000000 0.000000 0.000000
7341.255371 0.000000 2540.187988 0.000000 0.982868 0.000000 0.184310 0.000000 0.000000 0.000000
7346.281250 0.000000 2584.865967 0.000000 0.990369 0.000000 -0.138453 0.000000 0.000000 0.000000
7356.270508 0.000000 2590.130615 0.000000 0.748745 0.000000 -0.662858 0.000000 0.000000 0.000000
7341.255371 0.000000 2596.672363 0.000000 0.649566 0.000000 0.760305 0.000000 0.000000 0.000000
7341.901367 0.000000 2542.751221 0.000000 0.841761 0.000000 -0.539851 0.000000 0.000000 0.000000
7332.049805 0.000000 2578.086426 0.000000 0.815634 0.000000 0.578568 0.000000 0.000000 0.000000
7352.634766 0.000000 2577.585449 0.000000 0.334225 0.000000 -0.942493 0.000000 0.000000 0.000000
7340.877441 0.000000 2575.583740 0.000000 0.287941 0.000000 0.957648 0.000000 0.000000 0.000000
7340.084473 0.000000 2572.540771 0.000000 0.433675 0.000000 0.901069 0.000000 0.000000 0.000000
7338.452148 0.000000 2576.730957 0.000000 0.615356 0.000000 0.788249 0.000000 0.000000 0.000000
7388.282227 0.000000 2578.692871 0.000000 0.440714 0.000000 -0.897648 0.000000 0.000000 0.000000
7402.581543 0.000000 2560.601807 0.000000 0.006944 0.000000 0.999976 0.000000 0.000000 0.000000
7381.428223 0.000000 2574.144531 0.000000 0.320328 0.000000 -0.947307 0.000000 0.000000 0.000000
7367.693359 0.000000 2573.629395 0.000000 0.921345 0.000000 0.388746 0.000000 0.000000 0.000000
7364.957031 0.000000 2587.963867 0.000000 0.116810 0.000000 0.993154 0.000000 0.000000 0.000000
7367.290527 0.000000 2584.642090 0.000000 0.846130 0.000000 0.532977 0.000000 0.000000 0.000000
7171.834473 0.000000 2598.283691 0.000000 0.051722 0.000000 -0.998662 0.000000 0.000000 0.000000
7210.581543 0.000000 2617.086182 0.000000 0.604109 0.000000 -0.796901 0.000000 0.000000 0.000000
7169.476562 0.000000 2604.739990 0.000000 0.988088 0.000000 -0.153890 0.000000 0.000000 0.000000
7173.348633 0.000000 2606.723145 0.000000 0.595297 0.000000 -0.803506 0.000000 0.000000 0.000000
7168.173340 0.000000 2600.105957 0.000000 0.120000 0.000000 0.992774 0.000000 0.000000 0.000000
7207.553711 0.000000 2615.483643 0.000000 0.403881 0.000000 0.914811 0.000000 0.000000 0.000000
7170.759766 0.000000 2607.395752 0.000000 0.564511 0.000000 0.825426 0.000000 0.000000 0.000000
7357.524414 0.000000 2660.279053 0.000000 0.165886 0.000000 0.986145 0.000000 0.000000 0.000000
7060.950195 0.000000 2776.903564 0.000000 0.999981 0.000000 -0.006235 0.000000 0.000000 0.000000
7059.921875 0.000000 2792.059814 0.000000 0.460332 0.000000 0.887747 0.000000 0.000000 0.000000
7103.419434 0.000000 2789.606445 0.000000 0.954033 0.000000 0.299701 0.000000 0.000000 0.000000
7054.146973 0.000000 2789.587891 0.000000 0.243095 0.000000 0.970003 0.000000 0.000000 0.000000
7057.893555 0.000000 2781.049072 0.000000 0.455636 0.000000 0.890166 0.000000 0.000000 0.000000
7050.276367 0.000000 2788.341797 0.000000 0.324696 0.000000 -0.945818 0.000000 0.000000 0.000000
7055.712891 0.000000 2786.348633 0.000000 0.024888 0.000000 -0.999690 0.000000 0.000000 0.000000
7099.669434 0.000000 2787.439209 0.000000 0.934674 0.000000 0.355505 0.000000 0.000000 0.000000
7052.424805 0.000000 2786.154053 0.000000 0.988613 0.000000 0.150483 1.000000 1.000000 1.000000
7056.764160 0.000000 2783.686279 0.000000 0.997400 0.000000 0.072068 1.000000 1.000000 1.000000
7050.422852 0.000000 2791.481934 0.000000 0.588655 0.000000 0.808384 0.000000 0.000000 0.000000
7050.112305 0.000000 2785.888184 0.000000 0.043292 0.000000 -0.999062 0.000000 0.000000 0.000000
7048.162109 0.000000 2787.455078 0.000000 0.288440 0.000000 -0.957498 0.000000 0.000000 0.000000
7051.945801 0.000000 2789.802979 0.000000 0.998783 0.000000 0.049312 0.000000 0.000000 0.000000
7101.359375 0.000000 2788.807861 0.000000 0.984441 0.000000 0.175713 0.000000 0.000000 0.000000
7051.631836 0.000000 2784.250732 0.000000 0.727158 0.000000 0.686470 0.000000 0.000000 0.000000
7055.288574 0.000000 2782.272461 0.000000 0.887314 0.000000 0.461166 0.000000 0.000000 0.000000
7054.008789 0.000000 2787.479492 0.000000 0.018627 0.000000 0.999826 0.000000 0.000000 0.000000
7054.853027 0.000000 2784.636230 0.000000 0.638701 0.000000 -0.769455 1.000000 1.000000 1.000000
7052.302734 0.000000 2788.132812 0.000000 0.188310 0.000000 -0.982110 1.000000 1.000000 1.000000
7161.729980 0.000000 2808.523926 0.000000 0.254998 0.000000 0.966941 0.000000 0.000000 0.000000
7130.840820 0.000000 2794.438721 0.000000 0.586238 0.000000 0.810139 0.000000 0.000000 0.000000
7136.909180 0.000000 2809.977783 0.000000 0.406753 0.000000 -0.913538 0.000000 0.000000 0.000000
7118.146973 0.000000 2789.587891 0.000000 0.509898 0.000000 0.860235 0.000000 0.000000 0.000000
7155.720703 0.000000 2805.606201 0.000000 0.999995 0.000000 -0.003178 0.000000 0.000000 0.000000
7135.822266 0.000000 2793.795410 0.000000 0.865383 0.000000 -0.501111 0.000000 0.000000 0.000000
7136.344727 0.000000 2806.052002 0.000000 0.216030 0.000000 -0.976387 0.000000 0.000000 0.000000
7130.616211 0.000000 2791.816895 0.000000 0.766205 0.000000 -0.642597 0.000000 0.000000 0.000000
7133.193848 0.000000 2793.945557 0.000000 0.344251 0.000000 -0.938878 0.000000 0.000000 0.000000
7138.794434 0.000000 2805.993896 0.000000 0.900113 0.000000 0.435656 0.000000 0.000000 0.000000
7137.958496 0.000000 2807.963379 0.000000 0.710672 0.000000 0.703523 0.000000 0.000000 0.000000
7132.327637 0.000000 2795.552979 0.000000 0.393937 0.000000 0.919138 1.000000 1.000000 1.000000
7131.994141 0.000000 2792.767578 0.000000 0.999264 0.000000 0.038356 1.000000 1.000000 1.000000
7102.112305 0.000000 2924.621826 0.000000 0.628233 0.000000 0.778026 0.000000 0.000000 0.000000
7154.281250 0.000000 2923.772217 0.000000 0.950043 0.000000 -0.312118 0.000000 0.000000 0.000000
7108.957031 0.000000 2926.870117 0.000000 0.838793 0.000000 0.544450 0.000000 0.000000 0.000000
7104.390625 0.000000 2924.253174 0.000000 0.999590 0.000000 0.028626 1.000000 1.000000 1.000000
7140.176270 0.000000 2924.722656 0.000000 0.864656 0.000000 -0.502364 0.000000 0.000000 0.000000
7107.167969 0.000000 2924.655762 0.000000 0.824338 0.000000 -0.566098 0.000000 0.000000 0.000000
7141.593262 0.000000 2922.913818 0.000000 0.955196 0.000000 0.295974 0.000000 0.000000 0.000000
7168.315430 0.000000 2794.159912 0.000000 0.411778 0.000000 0.911284 0.000000 0.000000 0.000000
7224.634766 0.000000 2803.522949 0.000000 0.090947 0.000000 -0.995856 0.000000 0.000000 0.000000
7225.614258 0.000000 2820.115479 0.000000 0.870429 0.000000 -0.492294 0.000000 0.000000 0.000000
7190.690430 0.000000 2795.751221 0.000000 0.736977 0.000000 -0.675918 0.000000 0.000000 0.000000
7181.646484 0.000000 2808.480713 0.000000 0.282532 0.000000 0.959258 0.000000 0.000000 0.000000
7230.612305 0.000000 2819.374756 0.000000 0.828674 0.000000 0.559731 1.000000 1.000000 1.000000
7209.764648 0.000000 2796.058594 0.000000 0.636574 0.000000 0.771216 0.000000 0.000000 0.000000
7209.927734 0.000000 2812.467529 0.000000 0.972781 0.000000 0.231726 0.000000 0.000000 0.000000
7223.010742 0.000000 2822.687256 0.000000 0.994575 0.000000 0.104025 0.000000 0.000000 0.000000
7184.310547 0.000000 2792.529053 0.000000 0.608313 0.000000 0.793697 0.000000 0.000000 0.000000
7218.278320 0.000000 2798.443359 0.000000 0.995440 0.000000 -0.095388 0.000000 0.000000 0.000000
7226.988770 0.000000 2801.368408 0.000000 0.954558 0.000000 -0.298025 1.000000 1.000000 1.000000
7228.341309 0.000000 2820.902100 0.000000 0.928348 0.000000 -0.371713 0.000000 0.000000 0.000000
7213.452148 0.000000 2796.304199 0.000000 0.730568 0.000000 0.682840 0.000000 0.000000 0.000000
7231.022949 0.000000 2821.899902 0.000000 0.126586 0.000000 -0.991956 0.000000 0.000000 0.000000
7223.370605 0.000000 2801.389893 0.000000 0.997726 0.000000 0.067395 0.000000 0.000000 0.000000
7188.387207 0.000000 2794.531494 0.000000 0.964677 0.000000 -0.263434 0.000000 0.000000 0.000000
7227.743652 0.000000 2818.461914 0.000000 0.609482 0.000000 0.792800 0.000000 0.000000 0.000000
7208.581055 0.000000 2797.998779 0.000000 0.252095 0.000000 0.967702 0.000000 0.000000 0.000000
7217.665527 0.000000 2796.497070 0.000000 0.324362 0.000000 -0.945933 1.000000 1.000000 1.000000
7238.599121 0.000000 2820.835205 0.000000 0.970800 0.000000 0.239891 0.000000 0.000000 0.000000
7235.716309 0.000000 2808.840576 0.000000 0.657355 0.000000 -0.753581 0.000000 0.000000 0.000000
7271.675293 0.000000 2822.508301 0.000000 0.736494 0.000000 -0.676444 0.000000 0.000000 0.000000
7274.064453 0.000000 2819.058105 0.000000 0.339528 0.000000 -0.940596 0.000000 0.000000 0.000000
7235.856934 0.000000 2817.806396 0.000000 0.222381 0.000000 -0.974960 0.000000 0.000000 0.000000
7266.997070 0.000000 2823.697754 0.000000 0.903483 0.000000 -0.428623 0.000000 0.000000 0.000000
7232.226074 0.000000 2819.051270 0.000000 0.067619 0.000000 0.997711 1.000000 1.000000 1.000000
7270.643555 0.000000 2819.436523 0.000000 0.321507 0.000000 0.946907 1.000000 1.000000 1.000000
7264.693359 0.000000 2819.722656 0.000000 0.779318 0.000000 0.626628 0.000000 0.000000 0.000000
7273.246582 0.000000 2816.046143 0.000000 0.994036 0.000000 0.109051 0.000000 0.000000 0.000000
7268.314453 0.000000 2821.130371 0.000000 0.188204 0.000000 0.982130 1.000000 1.000000 1.000000
7235.898438 0.000000 2820.490967 0.000000 0.944680 0.000000 -0.327993 0.000000 0.000000 0.000000
7270.352539 0.000000 2816.922852 0.000000 0.026331 0.000000 -0.999653 0.000000 0.000000 0.000000
7265.615234 0.000000 2821.830078 0.000000 0.054193 0.000000 0.998531 0.000000 0.000000 0.000000
7272.272949 0.000000 2817.949951 0.000000 0.344800 0.000000 -0.938676 0.000000 0.000000 0.000000
7237.476562 0.000000 2819.012695 0.000000 0.017819 0.000000 0.999841 0.000000 0.000000 0.000000
7266.607422 0.000000 2820.128418 0.000000 0.036909 0.000000 0.999319 1.000000 1.000000 1.000000
7270.249512 0.000000 2821.426514 0.000000 0.992978 0.000000 -0.118295 0.000000 0.000000 0.000000
7268.916992 0.000000 2819.475586 0.000000 0.599966 0.000000 0.800026 1.000000 1.000000 1.000000
7296.290527 0.000000 2802.099609 0.000000 0.435817 0.000000 -0.900036 0.000000 0.000000 0.000000
7356.270508 0.000000 2816.068115 0.000000 0.988438 0.000000 -0.151622 0.000000 0.000000 0.000000
7345.044434 0.000000 2816.418213 0.000000 0.360939 0.000000 0.932590 0.000000 0.000000 0.000000
"}
