object={
	name="baobab_generator_1_0"
	clamp_to_water_level=no
	render_under_water=no
	generated_content=yes
	layer="semidynamic"
	pdxmesh="tree_baobab_01_mesh"
	count=100
	transform="4479.450684 0.000000 855.194946 0.000000 0.217692 0.000000 0.976018 0.307329 0.307329 0.307329
4553.889160 0.000000 846.046265 0.000000 0.681178 0.000000 0.732118 0.338068 0.338068 0.338068
4550.827637 0.000000 846.780090 0.000000 0.385597 0.000000 0.922667 0.301225 0.301225 0.301225
4550.216797 0.000000 838.013184 0.000000 0.699965 0.000000 0.714177 0.344395 0.344395 0.344395
4562.974121 0.000000 848.668518 0.000000 0.492935 0.000000 0.870066 0.329917 0.329917 0.329917
4564.737793 0.000000 847.268616 0.000000 0.010516 0.000000 0.999945 0.288162 0.288162 0.288162
4571.430664 0.000000 859.293335 0.000000 0.255630 0.000000 0.966775 0.299748 0.299748 0.299748
4740.861816 0.000000 875.220154 0.000000 0.602916 0.000000 0.797804 0.321149 0.321149 0.321149
4738.422852 0.000000 875.665222 0.000000 0.503372 0.000000 0.864070 0.314853 0.314853 0.314853
4985.729980 0.000000 1283.445801 0.000000 0.495959 0.000000 0.868346 0.296193 0.296193 0.296193
4951.931152 0.000000 1294.373535 0.000000 0.617278 0.000000 0.786745 0.342127 0.342127 0.342127
4985.397461 0.000000 1280.806519 0.000000 0.153051 0.000000 0.988218 0.297996 0.297996 0.297996
4950.371582 0.000000 1295.482300 0.000000 0.299328 0.000000 0.954150 0.319036 0.319036 0.319036
4970.288086 0.000000 1273.338501 0.000000 0.512423 0.000000 0.858733 0.321100 0.321100 0.321100
4985.915527 0.000000 1309.855347 0.000000 0.018109 0.000000 0.999836 0.281383 0.281383 0.281383
4978.317383 0.000000 1302.331787 0.000000 0.107075 0.000000 0.994251 0.288196 0.288196 0.288196
4986.875000 0.000000 1299.295166 0.000000 0.353212 0.000000 0.935543 0.309314 0.309314 0.309314
4948.737793 0.000000 1299.143555 0.000000 0.231754 0.000000 0.972774 0.314340 0.314340 0.314340
4977.878906 0.000000 1311.484497 0.000000 0.343667 0.000000 0.939092 0.316547 0.316547 0.316547
4959.909668 0.000000 1314.108032 0.000000 0.342708 0.000000 0.939442 0.310990 0.310990 0.310990
4973.137695 0.000000 1314.200684 0.000000 0.649059 0.000000 0.760738 0.339684 0.339684 0.339684
4978.757324 0.000000 1300.488770 0.000000 0.077236 0.000000 0.997013 0.285906 0.285906 0.285906
4981.819336 0.000000 1307.766357 0.000000 0.211516 0.000000 0.977375 0.296282 0.296282 0.296282
4983.127441 0.000000 1308.075806 0.000000 0.037147 0.000000 0.999310 0.282838 0.282838 0.282838
4992.290527 0.000000 1277.021362 0.000000 0.578867 0.000000 0.815422 0.309739 0.309739 0.309739
4992.073242 0.000000 1281.217773 0.000000 0.350825 0.000000 0.936441 0.307384 0.307384 0.307384
4153.729980 0.000000 1735.320801 0.000000 0.144288 0.000000 0.989536 0.279379 0.279379 0.279379
4136.632324 0.000000 1734.166382 0.000000 0.022491 0.000000 0.999747 0.281718 0.281718 0.281718
4164.837402 0.000000 1742.770996 0.000000 0.511192 0.000000 0.859466 0.328000 0.328000 0.328000
4181.261719 0.000000 1741.692139 0.000000 0.483255 0.000000 0.875479 0.318531 0.318531 0.318531
4176.139160 0.000000 1733.487305 0.000000 0.503413 0.000000 0.864046 0.320562 0.320562 0.320562
4224.390625 0.000000 1738.081421 0.000000 0.629227 0.000000 0.777221 0.331991 0.331991 0.331991
4257.651855 0.000000 1730.728760 0.000000 0.477446 0.000000 0.878661 0.319364 0.319364 0.319364
4226.240723 0.000000 1736.848633 0.000000 0.142642 0.000000 0.989774 0.305548 0.305548 0.305548
4225.717285 0.000000 1738.976440 0.000000 0.243700 0.000000 0.969851 0.298807 0.298807 0.298807
4526.444824 0.000000 1745.893433 0.000000 0.589846 0.000000 0.807516 0.314984 0.314984 0.314984
4499.281738 0.000000 1750.185669 0.000000 0.063804 0.000000 0.997962 0.288640 0.288640 0.288640
4503.245605 0.000000 1750.191772 0.000000 0.621664 0.000000 0.783284 0.333795 0.333795 0.333795
4509.530273 0.000000 1748.704712 0.000000 0.092600 0.000000 0.995703 0.301935 0.301935 0.301935
4501.138184 0.000000 1750.347290 0.000000 0.268518 0.000000 0.963275 0.300768 0.300768 0.300768
4548.256348 0.000000 1750.046997 0.000000 0.172383 0.000000 0.985030 0.304621 0.304621 0.304621
4530.317383 0.000000 1754.206787 0.000000 0.345609 0.000000 0.938379 0.306959 0.306959 0.306959
4539.875488 0.000000 1765.221802 0.000000 0.288237 0.000000 0.957559 0.299352 0.299352 0.299352
4523.597168 0.000000 1753.040161 0.000000 0.682746 0.000000 0.730655 0.347073 0.347073 0.347073
4535.476074 0.000000 1762.910889 0.000000 0.568312 0.000000 0.822813 0.325538 0.325538 0.325538
4512.666016 0.000000 1751.654541 0.000000 0.406523 0.000000 0.913641 0.322912 0.322912 0.322912
4516.465820 0.000000 1752.801514 0.000000 0.657725 0.000000 0.753258 0.334835 0.334835 0.334835
4538.833496 0.000000 1754.281128 0.000000 0.029011 0.000000 0.999579 0.296458 0.296458 0.296458
4534.014648 0.000000 1756.535767 0.000000 0.275495 0.000000 0.961303 0.306804 0.306804 0.306804
4510.747070 0.000000 1752.603638 0.000000 0.222368 0.000000 0.974963 0.306544 0.306544 0.306544
4535.597168 0.000000 1757.931763 0.000000 0.276380 0.000000 0.961048 0.306871 0.306871 0.306871
4543.011719 0.000000 1760.377930 0.000000 0.478984 0.000000 0.877824 0.318159 0.318159 0.318159
4494.473633 0.000000 1754.539673 0.000000 0.686696 0.000000 0.726945 0.337826 0.337826 0.337826
4496.411621 0.000000 1755.410156 0.000000 0.611395 0.000000 0.791326 0.334357 0.334357 0.334357
4513.218262 0.000000 1753.834961 0.000000 0.423789 0.000000 0.905761 0.313432 0.313432 0.313432
4550.927734 0.000000 1757.363037 0.000000 0.462165 0.000000 0.886794 0.306061 0.306061 0.306061
4572.442383 0.000000 1751.033081 0.000000 0.219900 0.000000 0.975522 0.296973 0.296973 0.296973
4550.638672 0.000000 1760.568481 0.000000 0.643107 0.000000 0.765777 0.343382 0.343382 0.343382
4552.235840 0.000000 1758.398193 0.000000 0.276664 0.000000 0.960967 0.312369 0.312369 0.312369
4572.146484 0.000000 1752.376221 0.000000 0.052956 0.000000 0.998597 0.284047 0.284047 0.284047
4559.355469 0.000000 1752.618896 0.000000 0.568379 0.000000 0.822767 0.326183 0.326183 0.326183
4834.139648 0.000000 1526.804443 0.000000 0.053948 0.000000 0.998544 0.289046 0.289046 0.289046
4860.365723 0.000000 1527.805786 0.000000 0.544450 0.000000 0.838794 0.330939 0.330939 0.330939
4836.142090 0.000000 1525.173340 0.000000 0.420489 0.000000 0.907298 0.313154 0.313154 0.313154
4836.465820 0.000000 1526.864014 0.000000 0.136991 0.000000 0.990572 0.295150 0.295150 0.295150
4864.173340 0.000000 1526.902710 0.000000 0.271502 0.000000 0.962438 0.311357 0.311357 0.311357
5041.177734 0.000000 1510.207031 0.000000 0.548473 0.000000 0.836168 0.332753 0.332753 0.332753
5071.977051 0.000000 1517.660889 0.000000 0.556590 0.000000 0.830787 0.334641 0.334641 0.334641
5058.331055 0.000000 1508.539551 0.000000 0.353278 0.000000 0.935519 0.316875 0.316875 0.316875
4660.600586 0.000000 1604.776367 0.000000 0.705380 0.000000 0.708830 0.333959 0.333959 0.333959
4652.193359 0.000000 1602.507080 0.000000 0.048444 0.000000 0.998826 0.283702 0.283702 0.283702
4643.024414 0.000000 1602.134644 0.000000 0.292905 0.000000 0.956141 0.300231 0.300231 0.300231
4667.325195 0.000000 1593.677856 0.000000 0.356564 0.000000 0.934271 0.307852 0.307852 0.307852
4640.410645 0.000000 1598.932007 0.000000 0.507905 0.000000 0.861413 0.330517 0.330517 0.330517
4668.241699 0.000000 1592.304932 0.000000 0.579189 0.000000 0.815193 0.338374 0.338374 0.338374
4681.095215 0.000000 1593.549927 0.000000 0.700899 0.000000 0.713260 0.339332 0.339332 0.339332
4694.596680 0.000000 1602.093628 0.000000 0.097575 0.000000 0.995228 0.297068 0.297068 0.297068
4694.909180 0.000000 1592.562378 0.000000 0.481383 0.000000 0.876510 0.322103 0.322103 0.322103
4687.571289 0.000000 1588.175049 0.000000 0.024512 0.000000 0.999700 0.291524 0.291524 0.291524
4700.897949 0.000000 1603.201416 0.000000 0.432355 0.000000 0.901703 0.320017 0.320017 0.320017
4699.985840 0.000000 1592.320557 0.000000 0.456248 0.000000 0.889853 0.320028 0.320028 0.320028
5168.015137 0.000000 1157.468994 0.000000 0.360008 0.000000 0.932949 0.320395 0.320395 0.320395
5176.270996 0.000000 1150.197266 0.000000 0.086649 0.000000 0.996239 0.286628 0.286628 0.286628
5168.749512 0.000000 1152.295166 0.000000 0.690234 0.000000 0.723586 0.328789 0.328789 0.328789
5174.075195 0.000000 1151.232544 0.000000 0.571551 0.000000 0.820567 0.326478 0.326478 0.326478
5169.818848 0.000000 1156.435181 0.000000 0.613152 0.000000 0.789965 0.338351 0.338351 0.338351
5203.921875 0.000000 1154.012939 0.000000 0.146515 0.000000 0.989208 0.291589 0.291589 0.291589
5184.315430 0.000000 1156.113037 0.000000 0.424452 0.000000 0.905450 0.284709 0.284709 0.284709
5189.002930 0.000000 1165.815552 0.000000 0.112422 0.000000 0.993661 0.279204 0.279204 0.279204
5229.452148 0.000000 1158.257324 0.000000 0.298147 0.000000 0.954520 0.315791 0.315791 0.315791
5208.466797 0.000000 1156.211548 0.000000 0.681708 0.000000 0.731624 0.337303 0.337303 0.337303
5229.660156 0.000000 1161.637817 0.000000 0.579161 0.000000 0.815213 0.327189 0.327189 0.327189
5202.017090 0.000000 1153.472168 0.000000 0.066194 0.000000 0.997807 0.298347 0.298347 0.298347
5227.434082 0.000000 1158.777588 0.000000 0.660477 0.000000 0.750847 0.335115 0.335115 0.335115
5196.710449 0.000000 1166.421265 0.000000 0.482528 0.000000 0.875881 0.325662 0.325662 0.325662
5207.405273 0.000000 1159.056641 0.000000 0.675912 0.000000 0.736983 0.338148 0.338148 0.338148
5201.551270 0.000000 1163.629517 0.000000 0.065242 0.000000 0.997869 0.288370 0.288370 0.288370
5206.790527 0.000000 1156.216309 0.000000 0.129930 0.000000 0.991523 0.289954 0.289954 0.289954
5200.015625 0.000000 1163.471802 0.000000 0.486809 0.000000 0.873508 0.321228 0.321228 0.321228
5228.297363 0.000000 1161.739990 0.000000 0.478897 0.000000 0.877871 0.318151 0.318151 0.318151
"}
object={
	name="baobab_generator_1_1"
	clamp_to_water_level=no
	render_under_water=no
	generated_content=yes
	layer="semidynamic"
	pdxmesh="tree_baobab_02_mesh"
	count=109
	transform="4495.660156 0.000000 841.946533 0.000000 0.792692 0.000000 0.609622 0.345563 0.345563 0.345563
4562.736816 0.000000 840.902283 0.000000 0.896462 0.000000 0.443120 0.339934 0.339934 0.339934
4561.114746 0.000000 845.341125 0.000000 0.952958 0.000000 0.303103 0.351543 0.351543 0.351543
4549.392090 0.000000 840.521057 0.000000 0.844125 0.000000 0.536147 0.357477 0.357477 0.357477
4552.569824 0.000000 846.718201 0.000000 0.905040 0.000000 0.425325 0.366877 0.366877 0.366877
4572.263672 0.000000 856.561646 0.000000 0.943771 0.000000 0.330600 0.346077 0.346077 0.346077
4566.294922 0.000000 854.738708 0.000000 0.968650 0.000000 0.248431 0.382011 0.382011 0.382011
4570.396484 0.000000 857.303345 0.000000 0.963452 0.000000 0.267881 0.379282 0.379282 0.379282
4735.537598 0.000000 877.531982 0.000000 0.741880 0.000000 0.670532 0.343856 0.343856 0.343856
4737.602051 0.000000 877.638916 0.000000 0.902570 0.000000 0.430544 0.365997 0.365997 0.365997
4738.931152 0.000000 878.740356 0.000000 0.963218 0.000000 0.268720 0.379216 0.379216 0.379216
4737.285645 0.000000 876.377625 0.000000 0.875903 0.000000 0.482488 0.361536 0.361536 0.361536
4969.423340 0.000000 1275.078491 0.000000 0.999911 0.000000 0.013305 0.343392 0.343392 0.343392
4953.924805 0.000000 1295.896729 0.000000 0.840159 0.000000 0.542340 0.352949 0.352949 0.352949
4957.075684 0.000000 1295.056396 0.000000 0.998441 0.000000 0.055817 0.396263 0.396263 0.396263
4951.825684 0.000000 1296.576660 0.000000 0.915418 0.000000 0.402504 0.368354 0.368354 0.368354
4951.245605 0.000000 1298.316772 0.000000 0.998154 0.000000 0.060740 0.395357 0.395357 0.395357
4958.773926 0.000000 1315.612305 0.000000 0.819372 0.000000 0.573262 0.355496 0.355496 0.355496
4980.969238 0.000000 1303.498535 0.000000 0.988901 0.000000 0.148574 0.341681 0.341681 0.341681
4974.326660 0.000000 1310.258667 0.000000 0.977088 0.000000 0.212837 0.383615 0.383615 0.383615
4982.014648 0.000000 1304.660767 0.000000 0.971122 0.000000 0.238585 0.383881 0.383881 0.383881
4994.786133 0.000000 1277.556885 0.000000 0.942558 0.000000 0.334041 0.376957 0.376957 0.376957
4993.116211 0.000000 1279.155518 0.000000 0.996736 0.000000 0.080727 0.372027 0.372027 0.372027
4993.161133 0.000000 1281.936401 0.000000 0.839987 0.000000 0.542607 0.356185 0.356185 0.356185
4139.827148 0.000000 1732.718018 0.000000 0.995696 0.000000 0.092681 0.392910 0.392910 0.392910
4222.112305 0.000000 1738.449951 0.000000 0.997943 0.000000 0.064100 0.392637 0.392637 0.392637
4162.854492 0.000000 1742.078247 0.000000 0.791067 0.000000 0.611729 0.349714 0.349714 0.349714
4220.370605 0.000000 1740.427856 0.000000 0.850902 0.000000 0.525325 0.357747 0.357747 0.357747
4161.278809 0.000000 1740.406494 0.000000 0.999806 0.000000 0.019678 0.370938 0.370938 0.370938
4223.474121 0.000000 1739.755737 0.000000 0.920060 0.000000 0.391778 0.371525 0.371525 0.371525
4163.196289 0.000000 1740.281738 0.000000 0.995645 0.000000 0.093222 0.389734 0.389734 0.389734
4185.175293 0.000000 1736.900757 0.000000 0.867126 0.000000 0.498089 0.364074 0.364074 0.364074
4187.980957 0.000000 1738.473022 0.000000 0.997360 0.000000 0.072613 0.394448 0.394448 0.394448
4177.638672 0.000000 1735.829712 0.000000 0.837981 0.000000 0.545699 0.355903 0.355903 0.355903
4252.282227 0.000000 1731.427246 0.000000 0.920264 0.000000 0.391297 0.313541 0.313541 0.313541
4253.536621 0.000000 1734.544434 0.000000 0.913417 0.000000 0.407026 0.354375 0.354375 0.354375
4227.167969 0.000000 1738.483887 0.000000 0.999923 0.000000 0.012446 0.399180 0.399180 0.399180
4258.794434 0.000000 1732.790771 0.000000 0.999743 0.000000 0.022670 0.398296 0.398296 0.398296
4224.036621 0.000000 1739.558594 0.000000 0.950831 0.000000 0.309710 0.375944 0.375944 0.375944
4255.658691 0.000000 1730.064941 0.000000 0.963237 0.000000 0.268653 0.379221 0.379221 0.379221
4505.924805 0.000000 1747.771729 0.000000 0.860384 0.000000 0.509647 0.359146 0.359146 0.359146
4529.605957 0.000000 1747.385132 0.000000 0.828506 0.000000 0.559981 0.360428 0.360428 0.360428
4524.263184 0.000000 1744.706299 0.000000 0.996986 0.000000 0.077583 0.394998 0.394998 0.394998
4504.647461 0.000000 1747.478516 0.000000 0.874483 0.000000 0.485056 0.361312 0.361312 0.361312
4547.034668 0.000000 1748.689575 0.000000 0.973922 0.000000 0.226883 0.382915 0.382915 0.382915
4559.857910 0.000000 1749.821533 0.000000 0.999998 0.000000 0.001761 0.399865 0.399865 0.399865
4557.528320 0.000000 1749.049683 0.000000 1.000000 0.000000 0.000849 0.399935 0.399935 0.399935
4502.797363 0.000000 1751.990234 0.000000 0.993683 0.000000 0.112221 0.379962 0.379962 0.379962
4521.896973 0.000000 1751.043945 0.000000 0.812318 0.000000 0.583215 0.336985 0.336985 0.336985
4528.446289 0.000000 1761.846436 0.000000 0.791548 0.000000 0.611107 0.308824 0.308824 0.308824
4495.104492 0.000000 1755.867676 0.000000 0.987986 0.000000 0.154545 0.388146 0.388146 0.388146
4533.692383 0.000000 1762.750610 0.000000 0.982922 0.000000 0.184024 0.385861 0.385861 0.385861
4517.430176 0.000000 1755.482910 0.000000 0.762374 0.000000 0.647137 0.347989 0.347989 0.347989
4536.881836 0.000000 1762.539062 0.000000 0.998639 0.000000 0.052146 0.396015 0.396015 0.396015
4573.269531 0.000000 1753.175049 0.000000 0.793057 0.000000 0.609147 0.349963 0.349963 0.349963
4554.945312 0.000000 1751.161743 0.000000 0.920051 0.000000 0.391798 0.369245 0.369245 0.369245
4557.791016 0.000000 1751.068237 0.000000 0.765410 0.000000 0.643543 0.346591 0.346591 0.346591
4549.442383 0.000000 1757.955688 0.000000 0.966019 0.000000 0.258472 0.381790 0.381790 0.381790
4558.473633 0.000000 1754.539673 0.000000 0.978426 0.000000 0.206596 0.384674 0.384674 0.384674
4836.175781 0.000000 1523.508423 0.000000 0.962998 0.000000 0.269510 0.381674 0.381674 0.381674
4862.566406 0.000000 1524.222412 0.000000 0.747883 0.000000 0.663830 0.344543 0.344543 0.344543
4863.291016 0.000000 1525.483154 0.000000 0.983136 0.000000 0.182879 0.385950 0.385950 0.385950
4837.877441 0.000000 1525.132080 0.000000 0.879685 0.000000 0.475556 0.362139 0.362139 0.362139
5040.763672 0.000000 1508.400146 0.000000 0.899721 0.000000 0.436465 0.369667 0.369667 0.369667
5040.299805 0.000000 1504.740234 0.000000 0.973242 0.000000 0.229784 0.383850 0.383850 0.383850
5056.390625 0.000000 1512.143921 0.000000 0.838527 0.000000 0.544860 0.324996 0.324996 0.324996
5078.797363 0.000000 1526.052734 0.000000 0.923748 0.000000 0.383001 0.324719 0.324719 0.324719
4665.915527 0.000000 1592.277222 0.000000 0.735194 0.000000 0.677857 0.343098 0.343098 0.343098
4654.917969 0.000000 1602.877197 0.000000 0.999179 0.000000 0.040509 0.396905 0.396905 0.396905
4654.630859 0.000000 1605.339111 0.000000 0.983582 0.000000 0.180460 0.386138 0.386138 0.386138
4697.550293 0.000000 1593.163940 0.000000 0.866018 0.000000 0.500013 0.330226 0.330226 0.330226
4695.828125 0.000000 1605.739258 0.000000 0.805127 0.000000 0.593102 0.357362 0.357362 0.357362
4696.755859 0.000000 1600.911743 0.000000 0.897830 0.000000 0.440341 0.370858 0.370858 0.370858
4703.429199 0.000000 1605.490601 0.000000 0.847758 0.000000 0.530383 0.362456 0.362456 0.362456
4681.625488 0.000000 1591.787354 0.000000 0.974535 0.000000 0.224233 0.384579 0.384579 0.384579
4690.442871 0.000000 1597.941650 0.000000 0.988162 0.000000 0.153413 0.389118 0.389118 0.389118
4686.587891 0.000000 1589.331299 0.000000 0.892546 0.000000 0.450957 0.367180 0.367180 0.367180
4783.365234 0.000000 1612.366089 0.000000 0.914994 0.000000 0.403467 0.345978 0.345978 0.345978
4780.084473 0.000000 1612.306274 0.000000 0.975416 0.000000 0.220372 0.346667 0.346667 0.346667
5171.521484 0.000000 1157.696411 0.000000 0.869328 0.000000 0.494236 0.367090 0.367090 0.367090
5181.935547 0.000000 1159.717529 0.000000 0.851839 0.000000 0.523804 0.314162 0.314162 0.314162
5170.278320 0.000000 1160.396362 0.000000 0.728980 0.000000 0.684536 0.343971 0.343971 0.343971
5187.716309 0.000000 1170.793701 0.000000 0.871491 0.000000 0.490412 0.342779 0.342779 0.342779
5193.163574 0.000000 1168.988281 0.000000 0.715135 0.000000 0.698987 0.344930 0.344930 0.344930
5206.596680 0.000000 1150.218628 0.000000 0.968494 0.000000 0.249038 0.383035 0.383035 0.383035
5184.073242 0.000000 1168.249023 0.000000 0.861602 0.000000 0.507584 0.359329 0.359329 0.359329
5207.828125 0.000000 1153.864258 0.000000 0.922852 0.000000 0.385155 0.349911 0.349911 0.349911
5228.877441 0.000000 1163.474487 0.000000 0.981006 0.000000 0.193979 0.386402 0.386402 0.386402
5243.206543 0.000000 1159.668213 0.000000 0.967809 0.000000 0.251686 0.380564 0.380564 0.380564
5222.386719 0.000000 1152.035645 0.000000 0.732792 0.000000 0.680453 0.342828 0.342828 0.342828
5239.542480 0.000000 1152.817261 0.000000 0.776248 0.000000 0.630427 0.317455 0.317455 0.317455
5204.724609 0.000000 1159.387939 0.000000 0.848866 0.000000 0.528608 0.357451 0.357451 0.357451
5204.471191 0.000000 1151.513062 0.000000 0.992278 0.000000 0.124031 0.390500 0.390500 0.390500
5202.931641 0.000000 1161.013672 0.000000 0.859474 0.000000 0.511179 0.350590 0.350590 0.350590
5202.112793 0.000000 1155.879150 0.000000 0.733754 0.000000 0.679415 0.343123 0.343123 0.343123
5238.075195 0.000000 1151.232544 0.000000 0.923564 0.000000 0.383444 0.369937 0.369937 0.369937
5215.716309 0.000000 1170.138062 0.000000 0.958984 0.000000 0.283461 0.378044 0.378044 0.378044
5205.939941 0.000000 1155.020874 0.000000 0.900152 0.000000 0.435577 0.370184 0.370184 0.370184
5189.887695 0.000000 1160.516113 0.000000 0.999871 0.000000 0.016046 0.398894 0.398894 0.398894
5186.331055 0.000000 1169.633301 0.000000 0.887804 0.000000 0.460222 0.363465 0.363465 0.363465
5214.384766 0.000000 1171.282227 0.000000 0.900650 0.000000 0.434545 0.365658 0.365658 0.365658
5225.028320 0.000000 1156.394287 0.000000 0.964345 0.000000 0.264647 0.379539 0.379539 0.379539
5226.288086 0.000000 1160.369751 0.000000 0.814404 0.000000 0.580298 0.352705 0.352705 0.352705
5229.740723 0.000000 1159.896729 0.000000 0.779735 0.000000 0.626110 0.355071 0.355071 0.355071
5209.662598 0.000000 1152.482788 0.000000 0.804655 0.000000 0.593743 0.351436 0.351436 0.351436
5223.139160 0.000000 1153.415161 0.000000 0.987899 0.000000 0.155100 0.388103 0.388103 0.388103
5194.652832 0.000000 1168.753296 0.000000 0.868168 0.000000 0.496270 0.360329 0.360329 0.360329
5203.482422 0.000000 1155.377441 0.000000 0.971010 0.000000 0.239041 0.381620 0.381620 0.381620
5184.096680 0.000000 1169.724976 0.000000 0.977855 0.000000 0.209283 0.383893 0.383893 0.383893
"}
object={
	name="baobab_generator_1_2"
	clamp_to_water_level=no
	render_under_water=no
	generated_content=yes
	layer="semidynamic"
	pdxmesh="tree_baobab_03_mesh"
	count=100
	transform="4543.474121 0.000000 836.005676 0.000000 0.904246 0.000000 -0.427011 0.428968 0.428968 0.428968
4550.656738 0.000000 839.598999 0.000000 0.993381 0.000000 -0.114867 0.408047 0.408047 0.408047
4563.100098 0.000000 843.528198 0.000000 0.893077 0.000000 -0.449903 0.417853 0.417853 0.417853
4548.837402 0.000000 839.020996 0.000000 0.869493 0.000000 -0.493945 0.439467 0.439467 0.439467
4561.373535 0.000000 847.372131 0.000000 0.925035 0.000000 -0.379883 0.428115 0.428115 0.428115
4579.805176 0.000000 866.179993 0.000000 0.931055 0.000000 -0.364878 0.424710 0.424710 0.424710
4568.543945 0.000000 857.443115 0.000000 0.835054 0.000000 -0.550169 0.444505 0.444505 0.444505
4571.985840 0.000000 858.023682 0.000000 0.843144 0.000000 -0.537688 0.443369 0.443369 0.443369
4737.729980 0.000000 879.857910 0.000000 0.916673 0.000000 -0.399639 0.428328 0.428328 0.428328
4736.129395 0.000000 879.310242 0.000000 0.877504 0.000000 -0.479569 0.434464 0.434464 0.434464
4736.049316 0.000000 877.963928 0.000000 0.832709 0.000000 -0.553711 0.444829 0.444829 0.444829
4739.718262 0.000000 876.059631 0.000000 0.929196 0.000000 -0.369587 0.428920 0.428920 0.428920
4959.273438 0.000000 1297.532715 0.000000 0.929878 0.000000 -0.367867 0.346781 0.346781 0.346781
4991.097656 0.000000 1282.045410 0.000000 0.948835 0.000000 -0.315773 0.420613 0.420613 0.420613
4962.997070 0.000000 1298.619629 0.000000 0.941365 0.000000 -0.337390 0.377833 0.377833 0.377833
4962.139648 0.000000 1300.866943 0.000000 0.750829 0.000000 -0.660496 0.424606 0.424606 0.424606
4982.469238 0.000000 1309.294678 0.000000 0.951248 0.000000 -0.308426 0.423953 0.423953 0.423953
4983.474609 0.000000 1304.211304 0.000000 0.963565 0.000000 -0.267475 0.418117 0.418117 0.418117
4953.025879 0.000000 1299.388550 0.000000 0.911160 0.000000 -0.412053 0.429052 0.429052 0.429052
4983.597168 0.000000 1306.056763 0.000000 0.998911 0.000000 -0.046660 0.403566 0.403566 0.403566
4980.127930 0.000000 1304.625977 0.000000 0.867572 0.000000 -0.497312 0.439763 0.439763 0.439763
4960.928711 0.000000 1315.131836 0.000000 0.739875 0.000000 -0.672744 0.453056 0.453056 0.453056
4994.892090 0.000000 1280.857544 0.000000 0.966398 0.000000 -0.257049 0.419860 0.419860 0.419860
4995.459473 0.000000 1279.172485 0.000000 0.991719 0.000000 -0.128424 0.409838 0.409838 0.409838
4993.437988 0.000000 1280.616821 0.000000 0.999446 0.000000 -0.033269 0.402542 0.402542 0.402542
4138.445312 0.000000 1733.387085 0.000000 0.973795 0.000000 -0.227427 0.417527 0.417527 0.417527
4192.909180 0.000000 1736.774536 0.000000 0.875482 0.000000 -0.483250 0.433494 0.433494 0.433494
4222.830566 0.000000 1741.766357 0.000000 0.942536 0.000000 -0.334105 0.426024 0.426024 0.426024
4176.405273 0.000000 1732.086304 0.000000 0.783307 0.000000 -0.621635 0.451080 0.451080 0.451080
4192.505859 0.000000 1739.189087 0.000000 0.999785 0.000000 -0.020718 0.395673 0.395673 0.395673
4177.954102 0.000000 1732.555420 0.000000 0.808034 0.000000 -0.589136 0.447970 0.447970 0.447970
4221.369629 0.000000 1741.827026 0.000000 0.856888 0.000000 -0.515503 0.441375 0.441375 0.441375
4225.278809 0.000000 1740.406494 0.000000 0.809046 0.000000 -0.587745 0.440781 0.440781 0.440781
4256.099609 0.000000 1731.350830 0.000000 0.989725 0.000000 -0.142985 0.410782 0.410782 0.410782
4526.877930 0.000000 1747.954712 0.000000 0.773269 0.000000 -0.634078 0.452469 0.452469 0.452469
4505.614258 0.000000 1746.266968 0.000000 0.999450 0.000000 -0.033173 0.402535 0.402535 0.402535
4505.114746 0.000000 1748.857666 0.000000 0.999730 0.000000 -0.023253 0.401777 0.401777 0.401777
4531.915527 0.000000 1763.056885 0.000000 0.998514 0.000000 -0.054493 0.350938 0.350938 0.350938
4534.117188 0.000000 1758.036987 0.000000 0.944477 0.000000 -0.328578 0.383613 0.383613 0.383613
4498.974121 0.000000 1752.418579 0.000000 0.739164 0.000000 -0.673525 0.389008 0.389008 0.389008
4530.542480 0.000000 1756.814209 0.000000 0.949936 0.000000 -0.312444 0.424275 0.424275 0.424275
4537.532715 0.000000 1765.990234 0.000000 0.739894 0.000000 -0.672723 0.456370 0.456370 0.456370
4521.191406 0.000000 1753.146118 0.000000 0.961337 0.000000 -0.275373 0.396739 0.396739 0.396739
4537.361328 0.000000 1763.804932 0.000000 0.929866 0.000000 -0.367898 0.428781 0.428781 0.428781
4497.982910 0.000000 1754.269409 0.000000 0.956106 0.000000 -0.293021 0.421382 0.421382 0.421382
4532.201660 0.000000 1757.963623 0.000000 0.747688 0.000000 -0.664051 0.448771 0.448771 0.448771
4536.123047 0.000000 1754.359131 0.000000 0.951356 0.000000 -0.308093 0.423926 0.423926 0.423926
4496.782227 0.000000 1752.724609 0.000000 0.963268 0.000000 -0.268541 0.419752 0.419752 0.419752
4517.911621 0.000000 1754.175415 0.000000 0.980969 0.000000 -0.194162 0.414440 0.414440 0.414440
4534.518555 0.000000 1754.704712 0.000000 0.973541 0.000000 -0.228510 0.417613 0.417613 0.417613
4531.249023 0.000000 1755.425903 0.000000 0.944878 0.000000 -0.327422 0.425483 0.425483 0.425483
4501.480469 0.000000 1754.773682 0.000000 0.880598 0.000000 -0.473864 0.435372 0.435372 0.435372
4515.259766 0.000000 1753.580078 0.000000 0.999441 0.000000 -0.033439 0.402555 0.402555 0.402555
4542.576172 0.000000 1763.279175 0.000000 0.774399 0.000000 -0.632698 0.452333 0.452333 0.452333
4528.730957 0.000000 1757.168701 0.000000 0.981897 0.000000 -0.189416 0.414558 0.414558 0.414558
4536.780762 0.000000 1764.963501 0.000000 0.968721 0.000000 -0.248151 0.419157 0.419157 0.419157
4547.834473 0.000000 1751.018188 0.000000 0.998473 0.000000 -0.055244 0.404222 0.404222 0.404222
4548.206055 0.000000 1753.270508 0.000000 0.999351 0.000000 -0.036016 0.402752 0.402752 0.402752
4558.121582 0.000000 1753.034058 0.000000 0.996235 0.000000 -0.086692 0.406631 0.406631 0.406631
4556.231934 0.000000 1753.852173 0.000000 0.999342 0.000000 -0.036263 0.402771 0.402771 0.402771
4559.104492 0.000000 1755.867676 0.000000 0.998301 0.000000 -0.058273 0.404294 0.404294 0.404294
4553.760254 0.000000 1759.717285 0.000000 0.831188 0.000000 -0.555991 0.440034 0.440034 0.440034
4550.925293 0.000000 1759.112793 0.000000 0.981460 0.000000 -0.191668 0.414733 0.414733 0.414733
4552.166504 0.000000 1756.600220 0.000000 0.977474 0.000000 -0.211057 0.416246 0.416246 0.416246
4861.041992 0.000000 1524.251831 0.000000 0.851672 0.000000 -0.524075 0.442141 0.442141 0.442141
4837.505371 0.000000 1524.281372 0.000000 0.999932 0.000000 -0.011652 0.400890 0.400890 0.400890
4861.061035 0.000000 1525.634399 0.000000 0.722516 0.000000 -0.691354 0.458317 0.458317 0.458317
4864.164062 0.000000 1524.932861 0.000000 0.855189 0.000000 -0.518316 0.435504 0.435504 0.435504
5093.443359 0.000000 1544.880127 0.000000 0.957893 0.000000 -0.287125 0.347010 0.347010 0.347010
5085.291992 0.000000 1536.369141 0.000000 0.707437 0.000000 -0.706776 0.423933 0.423933 0.423933
5092.267090 0.000000 1549.968872 0.000000 0.999447 0.000000 -0.033266 0.381701 0.381701 0.381701
4669.258301 0.000000 1593.576782 0.000000 0.999827 0.000000 -0.018594 0.401202 0.401202 0.401202
4667.596680 0.000000 1598.088867 0.000000 0.748132 0.000000 -0.663550 0.409328 0.409328 0.409328
4658.491699 0.000000 1605.202759 0.000000 0.822120 0.000000 -0.569315 0.446270 0.446270 0.446270
4653.502441 0.000000 1603.923340 0.000000 0.907389 0.000000 -0.420291 0.433137 0.433137 0.433137
4641.168457 0.000000 1601.854736 0.000000 0.998119 0.000000 -0.061313 0.404687 0.404687 0.404687
4655.419922 0.000000 1604.216919 0.000000 0.713015 0.000000 -0.701149 0.459359 0.459359 0.459359
4664.881836 0.000000 1593.085938 0.000000 0.819147 0.000000 -0.573584 0.446667 0.446667 0.446667
4705.496582 0.000000 1605.793213 0.000000 0.802911 0.000000 -0.596099 0.442889 0.442889 0.442889
4694.347168 0.000000 1604.206177 0.000000 0.929721 0.000000 -0.368263 0.425328 0.425328 0.425328
4699.430664 0.000000 1593.590210 0.000000 0.826356 0.000000 -0.563149 0.443608 0.443608 0.443608
5171.409180 0.000000 1155.173706 0.000000 0.828464 0.000000 -0.560043 0.440069 0.440069 0.440069
5175.370605 0.000000 1163.342896 0.000000 0.804430 0.000000 -0.594047 0.448593 0.448593 0.448593
5177.763184 0.000000 1150.703125 0.000000 0.855212 0.000000 -0.518279 0.441622 0.441622 0.441622
5170.992676 0.000000 1159.093628 0.000000 0.805681 0.000000 -0.592350 0.448432 0.448432 0.448432
5242.133789 0.000000 1157.151978 0.000000 0.969914 0.000000 -0.243447 0.418787 0.418787 0.418787
5206.690430 0.000000 1157.704468 0.000000 0.769843 0.000000 -0.638234 0.452880 0.452880 0.452880
5200.913574 0.000000 1162.257568 0.000000 0.747955 0.000000 -0.663749 0.453818 0.453818 0.453818
5228.084473 0.000000 1160.431274 0.000000 0.826805 0.000000 -0.562489 0.445637 0.445637 0.445637
5195.713867 0.000000 1167.690674 0.000000 0.852508 0.000000 -0.522715 0.442019 0.442019 0.442019
5184.010254 0.000000 1158.373779 0.000000 0.763481 0.000000 -0.645830 0.450657 0.450657 0.450657
5201.646484 0.000000 1149.012329 0.000000 0.972192 0.000000 -0.234186 0.397978 0.397978 0.397978
5239.086426 0.000000 1166.303833 0.000000 0.952918 0.000000 -0.303228 0.423535 0.423535 0.423535
5195.164062 0.000000 1166.242676 0.000000 0.757065 0.000000 -0.653340 0.454392 0.454392 0.454392
5185.437988 0.000000 1167.648071 0.000000 0.850749 0.000000 -0.525571 0.437993 0.437993 0.437993
5226.089355 0.000000 1163.300781 0.000000 0.835539 0.000000 -0.549431 0.444437 0.444437 0.444437
5206.003418 0.000000 1158.903809 0.000000 0.989388 0.000000 -0.145295 0.410884 0.410884 0.410884
5242.078125 0.000000 1158.960205 0.000000 0.996043 0.000000 -0.088872 0.406798 0.406798 0.406798
5209.165527 0.000000 1153.886108 0.000000 0.999883 0.000000 -0.015283 0.401168 0.401168 0.401168
5215.716309 0.000000 1171.459595 0.000000 0.847032 0.000000 -0.531542 0.442813 0.442813 0.442813
"}
object={
	name="baobab_generator_1_3"
	clamp_to_water_level=no
	render_under_water=no
	generated_content=yes
	layer="semidynamic"
	pdxmesh="tree_baobab_04_mesh"
	count=95
	transform="4565.636230 0.000000 845.283508 0.000000 0.042692 0.000000 -0.999088 0.401264 0.401264 0.401264
4547.856934 0.000000 840.853210 0.000000 0.316493 0.000000 -0.948595 0.488852 0.488852 0.488852
4546.854492 0.000000 838.328186 0.000000 0.632297 0.000000 -0.774726 0.451929 0.451929 0.451929
4551.561523 0.000000 841.755127 0.000000 0.412283 0.000000 -0.911056 0.425342 0.425342 0.425342
4561.040527 0.000000 843.316711 0.000000 0.318209 0.000000 -0.948020 0.487789 0.487789 0.487789
4561.812988 0.000000 846.646179 0.000000 0.395093 0.000000 -0.918641 0.484028 0.484028 0.484028
4578.040527 0.000000 865.570557 0.000000 0.693268 0.000000 -0.720680 0.402079 0.402079 0.402079
4579.024414 0.000000 867.837769 0.000000 0.474737 0.000000 -0.880128 0.471195 0.471195 0.471195
4570.413574 0.000000 855.537170 0.000000 0.458493 0.000000 -0.888698 0.472684 0.472684 0.472684
4739.928711 0.000000 877.397522 0.000000 0.439974 0.000000 -0.898011 0.485197 0.485197 0.485197
4738.696289 0.000000 876.908264 0.000000 0.546870 0.000000 -0.837218 0.475797 0.475797 0.475797
4984.634766 0.000000 1278.444824 0.000000 0.380356 0.000000 -0.924840 0.478697 0.478697 0.478697
4949.636230 0.000000 1297.158447 0.000000 0.177528 0.000000 -0.984116 0.400407 0.400407 0.400407
4986.107422 0.000000 1297.856689 0.000000 0.540336 0.000000 -0.841450 0.423873 0.423873 0.423873
4953.164062 0.000000 1298.515625 0.000000 0.269800 0.000000 -0.962916 0.488764 0.488764 0.488764
4990.782227 0.000000 1280.676270 0.000000 0.029261 0.000000 -0.999572 0.517764 0.517764 0.517764
4973.791016 0.000000 1312.478760 0.000000 0.523122 0.000000 -0.852258 0.477944 0.477944 0.477944
4982.117188 0.000000 1306.161987 0.000000 0.251918 0.000000 -0.967748 0.500545 0.500545 0.500545
4961.456543 0.000000 1313.065552 0.000000 0.242378 0.000000 -0.970182 0.485739 0.485739 0.485739
4975.881836 0.000000 1311.873169 0.000000 0.161238 0.000000 -0.986916 0.507628 0.507628 0.507628
4980.201660 0.000000 1306.088623 0.000000 0.443875 0.000000 -0.896089 0.484865 0.484865 0.484865
4984.204590 0.000000 1309.401489 0.000000 0.290419 0.000000 -0.956900 0.497489 0.497489 0.497489
4979.249023 0.000000 1303.550903 0.000000 0.421588 0.000000 -0.906788 0.486754 0.486754 0.486754
4980.297363 0.000000 1307.394531 0.000000 0.702666 0.000000 -0.711520 0.460478 0.460478 0.460478
4146.281250 0.000000 1737.600464 0.000000 0.157855 0.000000 -0.987462 0.412654 0.412654 0.412654
4135.866699 0.000000 1736.234863 0.000000 0.186687 0.000000 -0.982419 0.393584 0.393584 0.393584
4145.258789 0.000000 1731.988281 0.000000 0.414071 0.000000 -0.910245 0.434642 0.434642 0.434642
4148.105469 0.000000 1736.922241 0.000000 0.020136 0.000000 -0.999797 0.468702 0.468702 0.468702
4137.330078 0.000000 1735.692993 0.000000 0.098482 0.000000 -0.995139 0.512464 0.512464 0.512464
4180.194824 0.000000 1740.444092 0.000000 0.564206 0.000000 -0.825634 0.474204 0.474204 0.474204
4177.216309 0.000000 1734.412476 0.000000 0.151343 0.000000 -0.988481 0.508394 0.508394 0.508394
4186.280762 0.000000 1738.377563 0.000000 0.164128 0.000000 -0.986439 0.507405 0.507405 0.507405
4221.962402 0.000000 1740.319336 0.000000 0.429387 0.000000 -0.903121 0.486095 0.486095 0.486095
4163.320312 0.000000 1743.319336 0.000000 0.016265 0.000000 -0.999868 0.518757 0.518757 0.518757
4254.667969 0.000000 1730.912598 0.000000 0.118733 0.000000 -0.992926 0.510908 0.510908 0.510908
4502.371582 0.000000 1747.357300 0.000000 0.405100 0.000000 -0.914272 0.488137 0.488137 0.488137
4550.498535 0.000000 1749.074341 0.000000 0.508832 0.000000 -0.860866 0.479219 0.479219 0.479219
4553.361328 0.000000 1748.539429 0.000000 0.407235 0.000000 -0.913323 0.487958 0.487958 0.487958
4541.524414 0.000000 1756.529053 0.000000 0.209069 0.000000 -0.977901 0.439665 0.439665 0.439665
4522.133789 0.000000 1755.152954 0.000000 0.265763 0.000000 -0.964038 0.402859 0.402859 0.402859
4532.969238 0.000000 1755.373535 0.000000 0.315533 0.000000 -0.948915 0.484244 0.484244 0.484244
4499.922852 0.000000 1754.815063 0.000000 0.692848 0.000000 -0.721083 0.430870 0.430870 0.430870
4535.474609 0.000000 1756.086304 0.000000 0.490070 0.000000 -0.871683 0.476380 0.476380 0.476380
4542.188965 0.000000 1766.090210 0.000000 0.581663 0.000000 -0.813430 0.406368 0.406368 0.406368
4500.737793 0.000000 1751.018555 0.000000 0.043743 0.000000 -0.999043 0.516657 0.516657 0.516657
4522.243164 0.000000 1756.900513 0.000000 0.206740 0.000000 -0.978396 0.502391 0.502391 0.502391
4520.668945 0.000000 1755.668945 0.000000 0.356463 0.000000 -0.934309 0.492156 0.492156 0.492156
4499.355469 0.000000 1751.049316 0.000000 0.142382 0.000000 -0.989812 0.505521 0.505521 0.505521
4538.349609 0.000000 1757.291016 0.000000 0.250309 0.000000 -0.968166 0.500672 0.500672 0.500672
4570.844238 0.000000 1752.733154 0.000000 0.189129 0.000000 -0.981952 0.500639 0.500639 0.500639
4546.305176 0.000000 1752.365479 0.000000 0.401287 0.000000 -0.915952 0.478338 0.478338 0.478338
4551.854492 0.000000 1761.763672 0.000000 0.170623 0.000000 -0.985336 0.490831 0.490831 0.490831
4557.933594 0.000000 1756.884521 0.000000 0.655773 0.000000 -0.754958 0.465362 0.465362 0.465362
4549.392090 0.000000 1753.742920 0.000000 0.626011 0.000000 -0.779814 0.468325 0.468325 0.468325
4844.424316 0.000000 1521.139771 0.000000 0.503878 0.000000 -0.863775 0.475753 0.475753 0.475753
4856.373535 0.000000 1525.216553 0.000000 0.021075 0.000000 -0.999778 0.468649 0.468649 0.468649
4835.259766 0.000000 1527.642578 0.000000 0.252583 0.000000 -0.967575 0.496223 0.496223 0.496223
4865.867188 0.000000 1524.796875 0.000000 0.397607 0.000000 -0.917556 0.475709 0.475709 0.475709
5039.125977 0.000000 1507.510864 0.000000 0.401643 0.000000 -0.915796 0.468848 0.468848 0.468848
5059.716309 0.000000 1509.699951 0.000000 0.630556 0.000000 -0.776143 0.441620 0.441620 0.441620
5060.957031 0.000000 1514.760864 0.000000 0.674217 0.000000 -0.738534 0.455386 0.455386 0.455386
5078.596680 0.000000 1545.609253 0.000000 0.309894 0.000000 -0.950771 0.445513 0.445513 0.445513
5077.480469 0.000000 1528.836182 0.000000 0.245768 0.000000 -0.969329 0.492776 0.492776 0.492776
5062.925293 0.000000 1533.175293 0.000000 0.392084 0.000000 -0.919930 0.480765 0.480765 0.480765
4631.828125 0.000000 1605.739258 0.000000 0.287964 0.000000 -0.957641 0.438648 0.438648 0.438648
4639.885254 0.000000 1600.752563 0.000000 0.358317 0.000000 -0.933600 0.483285 0.483285 0.483285
4652.304199 0.000000 1605.261841 0.000000 0.563674 0.000000 -0.825997 0.432931 0.432931 0.432931
4643.805176 0.000000 1600.476807 0.000000 0.273793 0.000000 -0.961789 0.498167 0.498167 0.498167
4680.260254 0.000000 1590.568115 0.000000 0.270419 0.000000 -0.962743 0.480893 0.480893 0.480893
4691.875488 0.000000 1597.011353 0.000000 0.463892 0.000000 -0.885892 0.476899 0.476899 0.476899
5164.304199 0.000000 1153.386841 0.000000 0.017820 0.000000 -0.999841 0.460119 0.460119 0.460119
5172.288574 0.000000 1150.517578 0.000000 0.608091 0.000000 -0.793867 0.449332 0.449332 0.449332
5183.198730 0.000000 1164.707520 0.000000 0.095187 0.000000 -0.995459 0.497615 0.497615 0.497615
5176.549805 0.000000 1151.663330 0.000000 0.436827 0.000000 -0.899546 0.485465 0.485465 0.485465
5174.872070 0.000000 1150.072876 0.000000 0.172577 0.000000 -0.984996 0.506750 0.506750 0.506750
5234.281250 0.000000 1172.756714 0.000000 0.377356 0.000000 -0.926068 0.428877 0.428877 0.428877
5231.365234 0.000000 1160.491089 0.000000 0.551724 0.000000 -0.834027 0.475353 0.475353 0.475353
5194.276367 0.000000 1150.294922 0.000000 0.616358 0.000000 -0.787466 0.370928 0.370928 0.370928
5237.811523 0.000000 1170.986572 0.000000 0.188931 0.000000 -0.981990 0.414469 0.414469 0.414469
5220.219727 0.000000 1169.844971 0.000000 0.220002 0.000000 -0.975500 0.496992 0.496992 0.496992
5201.983398 0.000000 1151.055786 0.000000 0.322214 0.000000 -0.946667 0.494937 0.494937 0.494937
5195.443359 0.000000 1159.674561 0.000000 0.255649 0.000000 -0.966770 0.489439 0.489439 0.489439
5240.956055 0.000000 1155.103271 0.000000 0.196692 0.000000 -0.980465 0.504875 0.504875 0.504875
5185.116211 0.000000 1166.186768 0.000000 0.386491 0.000000 -0.922293 0.480599 0.480599 0.480599
5195.567871 0.000000 1169.840820 0.000000 0.320082 0.000000 -0.947390 0.495109 0.495109 0.495109
5239.633301 0.000000 1148.405396 0.000000 0.434778 0.000000 -0.900538 0.485638 0.485638 0.485638
5227.248535 0.000000 1162.513550 0.000000 0.358769 0.000000 -0.933426 0.491967 0.491967 0.491967
5209.702148 0.000000 1155.129761 0.000000 0.228568 0.000000 -0.973528 0.502383 0.502383 0.502383
5188.650391 0.000000 1167.463623 0.000000 0.029604 0.000000 -0.999562 0.517738 0.517738 0.517738
5222.613281 0.000000 1150.558228 0.000000 0.074584 0.000000 -0.997215 0.514297 0.514297 0.514297
5243.155762 0.000000 1158.137817 0.000000 0.647797 0.000000 -0.761813 0.466166 0.466166 0.466166
5238.872070 0.000000 1150.072876 0.000000 0.557820 0.000000 -0.829962 0.474793 0.474793 0.474793
5239.001953 0.000000 1164.722168 0.000000 0.281955 0.000000 -0.959428 0.498164 0.498164 0.498164
5231.812988 0.000000 1161.791992 0.000000 0.562206 0.000000 -0.826997 0.474389 0.474389 0.474389
5185.161133 0.000000 1168.967651 0.000000 0.698635 0.000000 -0.715478 0.460910 0.460910 0.460910
"}
