object={
	name="baobab_generator_2_0"
	clamp_to_water_level=no
	render_under_water=no
	generated_content=yes
	layer="semidynamic_medium"
	pdxmesh="tree_baobab_01_mesh"
	count=106
	transform="4565.934570 0.000000 845.593201 0.000000 0.173567 0.000000 0.984822 0.278765 0.278765 0.278765
4552.237305 0.000000 838.807800 0.000000 0.361597 0.000000 0.932334 0.243497 0.243497 0.243497
4559.590332 0.000000 842.877747 0.000000 0.138032 0.000000 0.990428 0.286327 0.286327 0.286327
4560.905273 0.000000 844.680664 0.000000 0.683353 0.000000 0.730088 0.325080 0.325080 0.325080
4563.343262 0.000000 842.382385 0.000000 0.158802 0.000000 0.987310 0.305425 0.305425 0.305425
4558.057129 0.000000 842.617126 0.000000 0.541741 0.000000 0.840546 0.306852 0.306852 0.306852
4555.568848 0.000000 846.734558 0.000000 0.424904 0.000000 0.905239 0.287659 0.287659 0.287659
4565.894043 0.000000 844.055054 0.000000 0.065816 0.000000 0.997832 0.274216 0.274216 0.274216
4552.362793 0.000000 846.566284 0.000000 0.136050 0.000000 0.990702 0.291858 0.291858 0.291858
4547.005859 0.000000 841.739258 0.000000 0.700876 0.000000 0.713283 0.343493 0.343493 0.343493
4548.485840 0.000000 838.131592 0.000000 0.197427 0.000000 0.980318 0.295182 0.295182 0.295182
4561.145996 0.000000 849.819824 0.000000 0.085538 0.000000 0.996335 0.263887 0.263887 0.263887
4558.749512 0.000000 847.296692 0.000000 0.190270 0.000000 0.981732 0.285141 0.285141 0.285141
4569.045410 0.000000 859.157471 0.000000 0.451374 0.000000 0.892335 0.281389 0.281389 0.281389
4579.032227 0.000000 864.901733 0.000000 0.038320 0.000000 0.999265 0.285405 0.285405 0.285405
4571.442383 0.000000 855.688477 0.000000 0.540437 0.000000 0.841384 0.333602 0.333602 0.333602
4571.200684 0.000000 857.895691 0.000000 0.230458 0.000000 0.973082 0.297765 0.297765 0.297765
4737.515137 0.000000 876.450623 0.000000 0.631128 0.000000 0.775679 0.332178 0.332178 0.332178
4736.489258 0.000000 878.687683 0.000000 0.318158 0.000000 0.948038 0.314075 0.314075 0.314075
4960.330078 0.000000 1296.953735 0.000000 0.545711 0.000000 0.837974 0.220435 0.220435 0.220435
4990.710938 0.000000 1280.882690 0.000000 0.065247 0.000000 0.997869 0.284988 0.284988 0.284988
4976.748535 0.000000 1300.552979 0.000000 0.567189 0.000000 0.823587 0.275928 0.275928 0.275928
4982.395020 0.000000 1309.203857 0.000000 0.395708 0.000000 0.918376 0.311080 0.311080 0.311080
4952.484375 0.000000 1299.151733 0.000000 0.612917 0.000000 0.790147 0.337679 0.337679 0.337679
4978.000000 0.000000 1302.448486 0.000000 0.435599 0.000000 0.900141 0.314431 0.314431 0.314431
4980.906250 0.000000 1305.393066 0.000000 0.639420 0.000000 0.768858 0.332998 0.332998 0.332998
4972.463379 0.000000 1313.764282 0.000000 0.007051 0.000000 0.999975 0.280539 0.280539 0.280539
4996.789062 0.000000 1276.513184 0.000000 0.231149 0.000000 0.972918 0.240221 0.240221 0.240221
4993.280273 0.000000 1276.505615 0.000000 0.144394 0.000000 0.989520 0.287221 0.287221 0.287221
4992.098633 0.000000 1278.718872 0.000000 0.493693 0.000000 0.869636 0.318493 0.318493 0.318493
4992.352051 0.000000 1281.041992 0.000000 0.417241 0.000000 0.908796 0.312881 0.312881 0.312881
4151.044922 0.000000 1733.619629 0.000000 0.443321 0.000000 0.896363 0.229739 0.229739 0.229739
4186.979980 0.000000 1736.364014 0.000000 0.551513 0.000000 0.834166 0.191051 0.191051 0.191051
4177.862305 0.000000 1730.858643 0.000000 0.543342 0.000000 0.839511 0.261032 0.261032 0.261032
4223.025879 0.000000 1743.896362 0.000000 0.483255 0.000000 0.875479 0.280432 0.280432 0.280432
4177.775879 0.000000 1742.104492 0.000000 0.506315 0.000000 0.862348 0.313600 0.313600 0.313600
4177.980469 0.000000 1733.786987 0.000000 0.115085 0.000000 0.993356 0.289175 0.289175 0.289175
4186.614258 0.000000 1738.174683 0.000000 0.264889 0.000000 0.964279 0.300480 0.300480 0.300480
4222.141113 0.000000 1741.399536 0.000000 0.160216 0.000000 0.987082 0.292293 0.292293 0.292293
4256.607910 0.000000 1733.621948 0.000000 0.223304 0.000000 0.974749 0.246783 0.246783 0.246783
4521.205566 0.000000 1750.987549 0.000000 0.325955 0.000000 0.945385 0.304568 0.304568 0.304568
4529.121094 0.000000 1746.439331 0.000000 0.361609 0.000000 0.932330 0.322338 0.322338 0.322338
4532.617188 0.000000 1747.888306 0.000000 0.678538 0.000000 0.734565 0.345212 0.345212 0.345212
4504.413086 0.000000 1747.949463 0.000000 0.154779 0.000000 0.987949 0.291872 0.291872 0.291872
4505.549805 0.000000 1749.418213 0.000000 0.410413 0.000000 0.911900 0.312308 0.312308 0.312308
4499.400879 0.000000 1750.504272 0.000000 0.041131 0.000000 0.999154 0.286962 0.286962 0.286962
4497.664551 0.000000 1757.671631 0.000000 0.632625 0.000000 0.774458 0.207253 0.207253 0.207253
4535.353516 0.000000 1758.159424 0.000000 0.222368 0.000000 0.974963 0.297104 0.297104 0.297104
4539.523926 0.000000 1764.474976 0.000000 0.391275 0.000000 0.920274 0.304909 0.304909 0.304909
4534.908203 0.000000 1762.889648 0.000000 0.656461 0.000000 0.754360 0.331812 0.331812 0.331812
4524.345703 0.000000 1761.732178 0.000000 0.681194 0.000000 0.732103 0.345042 0.345042 0.345042
4533.270996 0.000000 1754.315796 0.000000 0.564826 0.000000 0.825210 0.334577 0.334577 0.334577
4520.923828 0.000000 1757.713745 0.000000 0.528279 0.000000 0.849071 0.329896 0.329896 0.329896
4537.375000 0.000000 1754.273315 0.000000 0.125884 0.000000 0.992045 0.289642 0.289642 0.289642
4513.743164 0.000000 1751.254028 0.000000 0.610898 0.000000 0.791709 0.338873 0.338873 0.338873
4496.913574 0.000000 1754.798584 0.000000 0.691171 0.000000 0.722691 0.341927 0.341927 0.341927
4510.228516 0.000000 1751.027222 0.000000 0.513797 0.000000 0.857912 0.321223 0.321223 0.321223
4549.292969 0.000000 1757.033081 0.000000 0.437912 0.000000 0.899018 0.322160 0.322160 0.322160
4573.048828 0.000000 1752.658081 0.000000 0.625611 0.000000 0.780135 0.331636 0.331636 0.331636
4842.638672 0.000000 1519.026367 0.000000 0.688062 0.000000 0.725652 0.251006 0.251006 0.251006
4861.190430 0.000000 1524.015869 0.000000 0.610434 0.000000 0.792067 0.330161 0.330161 0.330161
4835.792969 0.000000 1526.054688 0.000000 0.269067 0.000000 0.963121 0.305026 0.305026 0.305026
5041.262695 0.000000 1523.154785 0.000000 0.425077 0.000000 0.905157 0.227655 0.227655 0.227655
5041.244629 0.000000 1505.645996 0.000000 0.175452 0.000000 0.984488 0.302873 0.302873 0.302873
5068.083496 0.000000 1514.107666 0.000000 0.170479 0.000000 0.985361 0.264948 0.264948 0.264948
5058.269043 0.000000 1522.027588 0.000000 0.145461 0.000000 0.989364 0.223751 0.223751 0.223751
5066.331055 0.000000 1513.930054 0.000000 0.216442 0.000000 0.976295 0.297984 0.297984 0.297984
5081.661133 0.000000 1528.144287 0.000000 0.602217 0.000000 0.798332 0.278195 0.278195 0.278195
5092.759766 0.000000 1546.454346 0.000000 0.561132 0.000000 0.827726 0.210725 0.210725 0.210725
5079.068359 0.000000 1529.589233 0.000000 0.011252 0.000000 0.999937 0.234901 0.234901 0.234901
5078.077637 0.000000 1542.252808 0.000000 0.089170 0.000000 0.996016 0.219603 0.219603 0.219603
5080.779785 0.000000 1529.614746 0.000000 0.378140 0.000000 0.925748 0.269514 0.269514 0.269514
5103.392090 0.000000 1546.358276 0.000000 0.425967 0.000000 0.904739 0.278835 0.278835 0.278835
5100.992676 0.000000 1547.978882 0.000000 0.350289 0.000000 0.936642 0.309143 0.309143 0.309143
4659.561035 0.000000 1607.824341 0.000000 0.509801 0.000000 0.860292 0.283108 0.283108 0.283108
4645.265137 0.000000 1601.226074 0.000000 0.080008 0.000000 0.996794 0.255235 0.255235 0.255235
4637.380859 0.000000 1600.960205 0.000000 0.327744 0.000000 0.944767 0.264027 0.264027 0.264027
4669.240234 0.000000 1595.593750 0.000000 0.259857 0.000000 0.965647 0.277782 0.277782 0.277782
4652.992676 0.000000 1604.463257 0.000000 0.375054 0.000000 0.927003 0.312534 0.312534 0.312534
4668.125488 0.000000 1592.457031 0.000000 0.702032 0.000000 0.712145 0.348753 0.348753 0.348753
4659.578125 0.000000 1604.799805 0.000000 0.559786 0.000000 0.828638 0.325388 0.325388 0.325388
4664.213867 0.000000 1593.089722 0.000000 0.576671 0.000000 0.816977 0.326956 0.326956 0.326956
4685.188965 0.000000 1589.817139 0.000000 0.115261 0.000000 0.993335 0.272590 0.272590 0.272590
4700.286133 0.000000 1603.248047 0.000000 0.392759 0.000000 0.919641 0.317486 0.317486 0.317486
4699.236816 0.000000 1599.049438 0.000000 0.298631 0.000000 0.954369 0.315509 0.315509 0.315509
4686.695801 0.000000 1588.448486 0.000000 0.267982 0.000000 0.963424 0.308836 0.308836 0.308836
4819.640625 0.000000 1606.874268 0.000000 0.071567 0.000000 0.997436 0.246880 0.246880 0.246880
4823.885254 0.000000 1607.342651 0.000000 0.477759 0.000000 0.878491 0.258073 0.258073 0.258073
5175.405273 0.000000 1164.540649 0.000000 0.210442 0.000000 0.977606 0.247173 0.247173 0.247173
5179.955078 0.000000 1160.742676 0.000000 0.305493 0.000000 0.952194 0.266917 0.266917 0.266917
5183.246094 0.000000 1165.697021 0.000000 0.606078 0.000000 0.795405 0.339156 0.339156 0.339156
5234.584961 0.000000 1157.581787 0.000000 0.430772 0.000000 0.902461 0.189885 0.189885 0.189885
5237.994141 0.000000 1150.973633 0.000000 0.164793 0.000000 0.986328 0.231069 0.231069 0.231069
5225.128906 0.000000 1150.553223 0.000000 0.315950 0.000000 0.948776 0.213790 0.213790 0.213790
5237.633789 0.000000 1166.744751 0.000000 0.541298 0.000000 0.840831 0.255950 0.255950 0.255950
5213.291016 0.000000 1172.030029 0.000000 0.388921 0.000000 0.921271 0.218433 0.218433 0.218433
5224.688965 0.000000 1154.088013 0.000000 0.503481 0.000000 0.864007 0.247274 0.247274 0.247274
5237.007812 0.000000 1170.837891 0.000000 0.345573 0.000000 0.938392 0.294450 0.294450 0.294450
5240.710938 0.000000 1153.519043 0.000000 0.459348 0.000000 0.888256 0.296578 0.296578 0.296578
5187.329590 0.000000 1165.115845 0.000000 0.027527 0.000000 0.999621 0.263041 0.263041 0.263041
5242.093750 0.000000 1160.124390 0.000000 0.230353 0.000000 0.973107 0.306947 0.306947 0.306947
5221.123047 0.000000 1168.849487 0.000000 0.447199 0.000000 0.894434 0.320394 0.320394 0.320394
5239.950684 0.000000 1167.871460 0.000000 0.438858 0.000000 0.898556 0.314708 0.314708 0.314708
5185.515137 0.000000 1158.872559 0.000000 0.654448 0.000000 0.756107 0.338142 0.338142 0.338142
5242.872070 0.000000 1157.818237 0.000000 0.125502 0.000000 0.992093 0.289613 0.289613 0.289613
5228.578125 0.000000 1160.075073 0.000000 0.162211 0.000000 0.986756 0.292447 0.292447 0.292447
"}
object={
	name="baobab_generator_2_1"
	clamp_to_water_level=no
	render_under_water=no
	generated_content=yes
	layer="semidynamic_medium"
	pdxmesh="tree_baobab_02_mesh"
	count=91
	transform="4541.248047 0.000000 836.783325 0.000000 0.922149 0.000000 0.386835 0.231058 0.231058 0.231058
4542.913574 0.000000 836.819763 0.000000 0.935147 0.000000 0.354260 0.376223 0.376223 0.376223
4564.141113 0.000000 844.713013 0.000000 0.977810 0.000000 0.209496 0.328414 0.328414 0.328414
4558.368652 0.000000 846.634766 0.000000 0.981875 0.000000 0.189529 0.338741 0.338741 0.338741
4557.763672 0.000000 845.419373 0.000000 0.970161 0.000000 0.242460 0.383981 0.383981 0.383981
4550.966309 0.000000 838.651184 0.000000 0.947187 0.000000 0.320681 0.377180 0.377180 0.377180
4549.217285 0.000000 838.930298 0.000000 0.936897 0.000000 0.349606 0.372716 0.372716 0.372716
4575.826172 0.000000 855.388000 0.000000 0.842988 0.000000 0.537932 0.194683 0.194683 0.194683
4577.641602 0.000000 865.344238 0.000000 0.900767 0.000000 0.434303 0.238343 0.238343 0.238343
4558.213379 0.000000 848.970581 0.000000 0.822083 0.000000 0.569367 0.352783 0.352783 0.352783
4573.510254 0.000000 861.328552 0.000000 0.963532 0.000000 0.267593 0.378733 0.378733 0.378733
4674.335449 0.000000 878.495667 0.000000 0.995473 0.000000 0.095043 0.328918 0.328918 0.328918
4986.669922 0.000000 1298.394043 0.000000 0.981130 0.000000 0.193350 0.364729 0.364729 0.364729
4951.398438 0.000000 1298.456543 0.000000 0.997294 0.000000 0.073511 0.394379 0.394379 0.394379
4991.312988 0.000000 1283.931152 0.000000 0.932172 0.000000 0.362016 0.376233 0.376233 0.376233
4985.360352 0.000000 1310.397339 0.000000 0.805190 0.000000 0.593017 0.246555 0.246555 0.246555
4949.918945 0.000000 1310.648071 0.000000 0.994781 0.000000 0.102036 0.319947 0.319947 0.319947
4958.669434 0.000000 1314.757080 0.000000 0.899380 0.000000 0.437167 0.367017 0.367017 0.367017
4982.206543 0.000000 1306.556274 0.000000 0.972892 0.000000 0.231258 0.382172 0.382172 0.382172
4950.342773 0.000000 1299.286133 0.000000 0.859226 0.000000 0.511596 0.358973 0.358973 0.358973
4979.716797 0.000000 1301.392700 0.000000 0.844736 0.000000 0.535183 0.356858 0.356858 0.356858
4992.850586 0.000000 1283.220947 0.000000 0.889732 0.000000 0.456483 0.268835 0.268835 0.268835
4993.639160 0.000000 1277.862671 0.000000 0.713152 0.000000 0.701009 0.318158 0.318158 0.318158
4994.422363 0.000000 1281.654541 0.000000 0.992065 0.000000 0.125728 0.390370 0.390370 0.390370
4152.315430 0.000000 1731.540283 0.000000 0.987459 0.000000 0.157875 0.245786 0.245786 0.245786
4152.471680 0.000000 1734.987305 0.000000 0.903809 0.000000 0.427937 0.321626 0.321626 0.321626
4146.478027 0.000000 1736.406982 0.000000 0.738535 0.000000 0.674216 0.314827 0.314827 0.314827
4176.310547 0.000000 1742.126709 0.000000 0.975624 0.000000 0.219450 0.356038 0.356038 0.356038
4160.126465 0.000000 1740.214111 0.000000 0.858358 0.000000 0.513051 0.343221 0.343221 0.343221
4505.774414 0.000000 1744.230469 0.000000 0.812125 0.000000 0.583483 0.263992 0.263992 0.263992
4511.371094 0.000000 1749.592529 0.000000 0.976045 0.000000 0.217567 0.381929 0.381929 0.381929
4557.317383 0.000000 1747.758545 0.000000 0.978504 0.000000 0.206229 0.298045 0.298045 0.298045
4552.564453 0.000000 1746.262329 0.000000 0.979859 0.000000 0.199690 0.277039 0.277039 0.277039
4573.209473 0.000000 1750.492432 0.000000 0.933463 0.000000 0.358673 0.347512 0.347512 0.347512
4499.350098 0.000000 1753.369507 0.000000 0.795945 0.000000 0.605369 0.323312 0.323312 0.323312
4536.930664 0.000000 1763.415771 0.000000 0.999916 0.000000 0.012962 0.399010 0.399010 0.399010
4530.592773 0.000000 1756.726807 0.000000 0.825972 0.000000 0.563711 0.354250 0.354250 0.354250
4504.312988 0.000000 1754.444702 0.000000 0.980289 0.000000 0.197569 0.386942 0.386942 0.386942
4530.000000 0.000000 1754.323486 0.000000 0.821709 0.000000 0.569908 0.353675 0.353675 0.353675
4539.028320 0.000000 1756.419556 0.000000 0.773503 0.000000 0.633792 0.347559 0.347559 0.347559
4546.356934 0.000000 1755.913818 0.000000 0.926238 0.000000 0.376940 0.229164 0.229164 0.229164
4573.096680 0.000000 1751.411865 0.000000 0.775107 0.000000 0.631830 0.331198 0.331198 0.331198
4550.753418 0.000000 1756.180298 0.000000 0.954373 0.000000 0.298616 0.344756 0.344756 0.344756
4548.727051 0.000000 1758.266479 0.000000 0.989316 0.000000 0.145790 0.388823 0.388823 0.388823
4556.654785 0.000000 1754.720093 0.000000 0.910675 0.000000 0.413124 0.367465 0.367465 0.367465
4557.181641 0.000000 1752.831665 0.000000 0.729945 0.000000 0.683506 0.342509 0.342509 0.342509
4844.662598 0.000000 1519.173950 0.000000 0.982885 0.000000 0.184220 0.198474 0.198474 0.198474
4847.350098 0.000000 1523.336792 0.000000 0.927336 0.000000 0.374231 0.311298 0.311298 0.311298
4864.860352 0.000000 1524.435303 0.000000 0.879312 0.000000 0.476246 0.367656 0.367656 0.367656
4864.090332 0.000000 1528.373779 0.000000 0.855755 0.000000 0.517382 0.286225 0.286225 0.286225
5040.023926 0.000000 1521.128784 0.000000 0.986869 0.000000 0.161524 0.265150 0.265150 0.265150
5045.633789 0.000000 1505.651001 0.000000 0.997385 0.000000 0.072267 0.328748 0.328748 0.328748
5038.671387 0.000000 1515.048218 0.000000 0.940999 0.000000 0.338409 0.261941 0.261941 0.261941
5039.221680 0.000000 1509.296021 0.000000 0.940986 0.000000 0.338444 0.330775 0.330775 0.330775
5056.421387 0.000000 1512.116943 0.000000 0.985709 0.000000 0.168458 0.343941 0.343941 0.343941
5079.491699 0.000000 1525.709595 0.000000 0.725460 0.000000 0.688264 0.254997 0.254997 0.254997
5094.469727 0.000000 1551.672119 0.000000 0.778161 0.000000 0.628065 0.254120 0.254120 0.254120
5081.598145 0.000000 1548.709717 0.000000 0.802343 0.000000 0.596863 0.261676 0.261676 0.261676
5060.035156 0.000000 1531.297852 0.000000 0.930673 0.000000 0.365852 0.246910 0.246910 0.246910
5063.015137 0.000000 1533.300171 0.000000 0.940286 0.000000 0.340386 0.375981 0.375981 0.375981
4649.128906 0.000000 1602.428223 0.000000 0.952138 0.000000 0.305667 0.258596 0.258596 0.258596
4633.598145 0.000000 1605.194092 0.000000 0.859336 0.000000 0.511412 0.335107 0.335107 0.335107
4647.260742 0.000000 1603.166504 0.000000 0.856842 0.000000 0.515578 0.283428 0.283428 0.283428
4639.967773 0.000000 1599.762207 0.000000 0.988361 0.000000 0.152128 0.305187 0.305187 0.305187
4632.470703 0.000000 1604.310425 0.000000 0.812991 0.000000 0.582276 0.330879 0.330879 0.330879
4669.982422 0.000000 1593.087402 0.000000 0.766787 0.000000 0.641901 0.354933 0.354933 0.354933
4679.408691 0.000000 1599.400024 0.000000 0.909343 0.000000 0.416048 0.256954 0.256954 0.256954
4686.686523 0.000000 1596.153931 0.000000 0.874777 0.000000 0.484526 0.250268 0.250268 0.250268
4696.077637 0.000000 1590.958984 0.000000 0.991783 0.000000 0.127933 0.226705 0.226705 0.226705
4693.422363 0.000000 1605.917358 0.000000 0.910222 0.000000 0.414121 0.274065 0.274065 0.274065
5162.288574 0.000000 1152.835327 0.000000 0.863571 0.000000 0.504227 0.292449 0.292449 0.292449
5169.394043 0.000000 1155.017212 0.000000 0.999139 0.000000 0.041496 0.271274 0.271274 0.271274
5182.208984 0.000000 1166.348145 0.000000 0.980772 0.000000 0.195155 0.336383 0.336383 0.336383
5175.338379 0.000000 1162.211670 0.000000 0.967935 0.000000 0.251200 0.380602 0.380602 0.380602
5171.089355 0.000000 1158.684326 0.000000 0.943112 0.000000 0.332475 0.374108 0.374108 0.374108
5175.669922 0.000000 1163.352173 0.000000 0.931201 0.000000 0.364507 0.371497 0.371497 0.371497
5235.213867 0.000000 1175.944702 0.000000 0.897674 0.000000 0.440660 0.207549 0.207549 0.207549
5198.389160 0.000000 1163.072266 0.000000 0.959848 0.000000 0.280519 0.233954 0.233954 0.233954
5238.180664 0.000000 1153.537720 0.000000 0.882196 0.000000 0.470883 0.326173 0.326173 0.326173
5196.062012 0.000000 1150.992920 0.000000 0.878369 0.000000 0.477984 0.295395 0.295395 0.295395
5202.930176 0.000000 1153.550171 0.000000 0.995834 0.000000 0.091184 0.381201 0.381201 0.381201
5203.521973 0.000000 1161.463135 0.000000 0.933537 0.000000 0.358482 0.360205 0.360205 0.360205
5189.854492 0.000000 1164.440674 0.000000 0.731747 0.000000 0.681577 0.310120 0.310120 0.310120
5204.958984 0.000000 1155.357300 0.000000 0.773689 0.000000 0.633565 0.354605 0.354605 0.354605
5206.048340 0.000000 1152.800415 0.000000 0.982160 0.000000 0.188049 0.360841 0.360841 0.360841
5238.646973 0.000000 1148.176147 0.000000 0.777773 0.000000 0.628545 0.348076 0.348076 0.348076
5184.369141 0.000000 1169.214722 0.000000 0.989741 0.000000 0.142872 0.389048 0.389048 0.389048
5225.081055 0.000000 1157.204834 0.000000 0.967973 0.000000 0.251055 0.380613 0.380613 0.380613
5186.422363 0.000000 1168.685791 0.000000 0.999951 0.000000 0.009878 0.399245 0.399245 0.399245
5207.987793 0.000000 1158.325928 0.000000 0.964097 0.000000 0.265549 0.379937 0.379937 0.379937
5184.352051 0.000000 1168.073242 0.000000 0.711456 0.000000 0.702731 0.340471 0.340471 0.340471
"}
object={
	name="baobab_generator_2_2"
	clamp_to_water_level=no
	render_under_water=no
	generated_content=yes
	layer="semidynamic_medium"
	pdxmesh="tree_baobab_03_mesh"
	count=85
	transform="4492.919922 0.000000 840.816956 0.000000 0.985700 0.000000 -0.168510 0.283326 0.283326 0.283326
4482.356934 0.000000 852.163818 0.000000 0.948416 0.000000 -0.317029 0.248767 0.248767 0.248767
4483.050781 0.000000 850.659912 0.000000 0.905336 0.000000 -0.424695 0.306416 0.306416 0.306416
4567.673828 0.000000 853.221741 0.000000 0.817529 0.000000 -0.575888 0.337751 0.337751 0.337751
4570.770996 0.000000 856.866272 0.000000 0.982779 0.000000 -0.184783 0.414198 0.414198 0.414198
4734.095703 0.000000 878.811707 0.000000 0.847341 0.000000 -0.531049 0.350201 0.350201 0.350201
4991.509766 0.000000 1279.874756 0.000000 0.919454 0.000000 -0.393198 0.269690 0.269690 0.269690
4964.342285 0.000000 1298.324951 0.000000 0.934855 0.000000 -0.355031 0.263964 0.263964 0.263964
4954.529785 0.000000 1298.063110 0.000000 0.978153 0.000000 -0.207885 0.292608 0.292608 0.292608
4963.061035 0.000000 1297.973145 0.000000 0.751280 0.000000 -0.659983 0.446787 0.446787 0.446787
4944.939453 0.000000 1315.069336 0.000000 0.890879 0.000000 -0.454241 0.279829 0.279829 0.279829
4953.304688 0.000000 1300.134277 0.000000 0.894002 0.000000 -0.448063 0.391591 0.391591 0.391591
4991.416504 0.000000 1306.365601 0.000000 0.970663 0.000000 -0.240444 0.342608 0.342608 0.342608
4950.020996 0.000000 1300.460693 0.000000 0.999089 0.000000 -0.042679 0.309544 0.309544 0.309544
4149.007812 0.000000 1735.681641 0.000000 0.949384 0.000000 -0.314118 0.289589 0.289589 0.289589
4185.916992 0.000000 1739.297485 0.000000 0.836327 0.000000 -0.548231 0.238260 0.238260 0.238260
4177.360840 0.000000 1740.691650 0.000000 0.987738 0.000000 -0.156119 0.256293 0.256293 0.256293
4164.384766 0.000000 1745.303955 0.000000 0.989073 0.000000 -0.147430 0.317715 0.317715 0.317715
4222.994629 0.000000 1742.155029 0.000000 0.996048 0.000000 -0.088817 0.322571 0.322571 0.322571
4179.253418 0.000000 1742.117920 0.000000 0.810319 0.000000 -0.585990 0.319759 0.319759 0.319759
4165.572266 0.000000 1741.462036 0.000000 0.918633 0.000000 -0.395113 0.302986 0.302986 0.302986
4220.027344 0.000000 1739.413696 0.000000 0.869805 0.000000 -0.493396 0.403515 0.403515 0.403515
4257.987305 0.000000 1732.144897 0.000000 0.848898 0.000000 -0.528557 0.297074 0.297074 0.297074
4258.942871 0.000000 1732.966064 0.000000 0.858695 0.000000 -0.512487 0.440434 0.440434 0.440434
4496.382324 0.000000 1750.347656 0.000000 0.986526 0.000000 -0.163605 0.239058 0.239058 0.239058
4500.141113 0.000000 1748.463013 0.000000 0.999806 0.000000 -0.019711 0.347100 0.347100 0.347100
4548.298828 0.000000 1750.429688 0.000000 0.745540 0.000000 -0.666461 0.429320 0.429320 0.429320
4556.296875 0.000000 1748.116943 0.000000 0.914293 0.000000 -0.405054 0.431859 0.431859 0.431859
4525.431152 0.000000 1755.067261 0.000000 0.837109 0.000000 -0.547035 0.301507 0.301507 0.301507
4540.055664 0.000000 1756.932983 0.000000 0.997284 0.000000 -0.073649 0.372477 0.372477 0.372477
4529.824707 0.000000 1761.501099 0.000000 0.754668 0.000000 -0.656107 0.365862 0.365862 0.365862
4527.546387 0.000000 1757.363037 0.000000 0.808205 0.000000 -0.588901 0.398786 0.398786 0.398786
4543.927246 0.000000 1765.760986 0.000000 0.943152 0.000000 -0.332361 0.423092 0.423092 0.423092
4539.590332 0.000000 1754.168213 0.000000 0.971194 0.000000 -0.238289 0.416158 0.416158 0.416158
4531.583984 0.000000 1755.591553 0.000000 0.852186 0.000000 -0.523239 0.442066 0.442066 0.442066
4517.606445 0.000000 1753.935059 0.000000 0.938526 0.000000 -0.345209 0.426926 0.426926 0.426926
4542.436523 0.000000 1761.537842 0.000000 0.975636 0.000000 -0.219395 0.416898 0.416898 0.416898
4528.528320 0.000000 1756.888062 0.000000 0.954255 0.000000 -0.298993 0.423196 0.423196 0.423196
4548.601562 0.000000 1752.339111 0.000000 1.000000 0.000000 -0.000271 0.400021 0.400021 0.400021
4553.798340 0.000000 1756.389160 0.000000 0.980793 0.000000 -0.195052 0.414997 0.414997 0.414997
4547.610840 0.000000 1752.997437 0.000000 0.999959 0.000000 -0.009060 0.400613 0.400613 0.400613
4556.748535 0.000000 1756.710815 0.000000 0.971207 0.000000 -0.238237 0.418377 0.418377 0.418377
4860.292969 0.000000 1524.916626 0.000000 0.840048 0.000000 -0.542511 0.443806 0.443806 0.443806
4862.948242 0.000000 1527.232300 0.000000 0.725947 0.000000 -0.687751 0.274627 0.274627 0.274627
4860.552246 0.000000 1526.387329 0.000000 0.813536 0.000000 -0.581514 0.443071 0.443071 0.443071
5040.316895 0.000000 1510.325073 0.000000 0.736212 0.000000 -0.676751 0.438710 0.438710 0.438710
5068.970703 0.000000 1515.579590 0.000000 0.787823 0.000000 -0.615902 0.336852 0.336852 0.336852
5061.809082 0.000000 1524.076904 0.000000 0.877779 0.000000 -0.479065 0.364666 0.364666 0.364666
5059.452637 0.000000 1508.566284 0.000000 0.760434 0.000000 -0.649416 0.430817 0.430817 0.430817
5060.298828 0.000000 1524.492188 0.000000 0.803026 0.000000 -0.595943 0.370728 0.370728 0.370728
5079.293457 0.000000 1548.642944 0.000000 0.985461 0.000000 -0.169900 0.323202 0.323202 0.323202
5079.105957 0.000000 1546.314819 0.000000 0.764449 0.000000 -0.644684 0.264370 0.264370 0.264370
5079.366211 0.000000 1527.730835 0.000000 0.924098 0.000000 -0.382157 0.358715 0.358715 0.358715
5093.265137 0.000000 1544.741699 0.000000 0.996130 0.000000 -0.087891 0.338639 0.338639 0.338639
5078.020996 0.000000 1526.398193 0.000000 0.842445 0.000000 -0.538783 0.366373 0.366373 0.366373
5105.393555 0.000000 1548.908691 0.000000 0.789761 0.000000 -0.613415 0.354136 0.354136 0.354136
5078.709473 0.000000 1545.040161 0.000000 0.821958 0.000000 -0.569548 0.409788 0.409788 0.409788
4644.029297 0.000000 1600.115234 0.000000 0.856450 0.000000 -0.516230 0.319728 0.319728 0.319728
4631.885254 0.000000 1607.342651 0.000000 0.999882 0.000000 -0.015389 0.274887 0.274887 0.274887
4664.930664 0.000000 1593.962646 0.000000 0.999306 0.000000 -0.037236 0.402845 0.402845 0.402845
4692.094727 0.000000 1596.963379 0.000000 0.978807 0.000000 -0.204787 0.280739 0.280739 0.280739
4683.084961 0.000000 1591.941162 0.000000 0.873637 0.000000 -0.486578 0.341725 0.341725 0.341725
4693.452637 0.000000 1603.545410 0.000000 0.940841 0.000000 -0.338850 0.367913 0.367913 0.367913
4694.351074 0.000000 1600.302979 0.000000 0.998205 0.000000 -0.059884 0.339765 0.339765 0.339765
4677.850586 0.000000 1599.340942 0.000000 0.898520 0.000000 -0.438932 0.382003 0.382003 0.382003
4696.631836 0.000000 1592.175415 0.000000 0.943977 0.000000 -0.330012 0.371211 0.371211 0.371211
4784.395508 0.000000 1613.893555 0.000000 0.998968 0.000000 -0.045417 0.344840 0.344840 0.344840
4781.249512 0.000000 1612.801270 0.000000 0.966901 0.000000 -0.255154 0.369913 0.369913 0.369913
5173.013672 0.000000 1164.333862 0.000000 0.910972 0.000000 -0.412469 0.207053 0.207053 0.207053
5175.819336 0.000000 1148.518433 0.000000 0.786657 0.000000 -0.617391 0.215674 0.215674 0.215674
5178.561523 0.000000 1161.446777 0.000000 0.995039 0.000000 -0.099485 0.312590 0.312590 0.312590
5222.893555 0.000000 1149.134888 0.000000 0.925230 0.000000 -0.379407 0.229424 0.229424 0.229424
5203.991699 0.000000 1162.915039 0.000000 0.759385 0.000000 -0.650641 0.258072 0.258072 0.258072
5186.822754 0.000000 1163.655640 0.000000 0.954436 0.000000 -0.298417 0.342598 0.342598 0.342598
5239.044922 0.000000 1168.775879 0.000000 0.832169 0.000000 -0.554521 0.260951 0.260951 0.260951
5234.750488 0.000000 1170.240723 0.000000 0.976933 0.000000 -0.213544 0.293950 0.293950 0.293950
5212.720215 0.000000 1170.196655 0.000000 0.940548 0.000000 -0.339660 0.356742 0.356742 0.356742
5223.989746 0.000000 1155.591431 0.000000 0.794634 0.000000 -0.607089 0.306129 0.306129 0.306129
5238.848633 0.000000 1152.200195 0.000000 0.955154 0.000000 -0.296109 0.362124 0.362124 0.362124
5237.635254 0.000000 1168.210083 0.000000 0.994769 0.000000 -0.102148 0.378614 0.378614 0.378614
5201.357910 0.000000 1163.103149 0.000000 0.757256 0.000000 -0.653118 0.452770 0.452770 0.452770
5189.044922 0.000000 1160.564209 0.000000 0.762247 0.000000 -0.647286 0.448510 0.448510 0.448510
5192.396484 0.000000 1168.468140 0.000000 0.801611 0.000000 -0.597846 0.445595 0.445595 0.445595
5239.569824 0.000000 1149.685669 0.000000 0.898745 0.000000 -0.438471 0.434675 0.434675 0.434675
5208.429199 0.000000 1153.620972 0.000000 0.946324 0.000000 -0.323220 0.425144 0.425144 0.425144
"}
object={
	name="baobab_generator_2_3"
	clamp_to_water_level=no
	render_under_water=no
	generated_content=yes
	layer="semidynamic_medium"
	pdxmesh="tree_baobab_04_mesh"
	count=103
	transform="4567.599609 0.000000 845.336426 0.000000 0.096901 0.000000 -0.995294 0.374683 0.374683 0.374683
4549.108887 0.000000 840.413879 0.000000 0.525272 0.000000 -0.850934 0.476481 0.476481 0.476481
4560.554199 0.000000 843.556152 0.000000 0.413436 0.000000 -0.910533 0.480581 0.480581 0.480581
4564.994629 0.000000 849.818298 0.000000 0.017631 0.000000 -0.999845 0.315651 0.315651 0.315651
4550.912598 0.000000 847.267273 0.000000 0.576698 0.000000 -0.816957 0.405187 0.405187 0.405187
4563.337891 0.000000 847.424438 0.000000 0.099700 0.000000 -0.995018 0.415320 0.415320 0.415320
4772.276367 0.000000 880.512390 0.000000 0.229682 0.000000 -0.973266 0.210530 0.210530 0.210530
4736.144043 0.000000 875.665833 0.000000 0.035777 0.000000 -0.999360 0.343287 0.343287 0.343287
4740.483887 0.000000 877.014343 0.000000 0.053294 0.000000 -0.998579 0.355422 0.355422 0.355422
4741.597168 0.000000 874.152283 0.000000 0.696693 0.000000 -0.717369 0.411842 0.411842 0.411842
4956.380371 0.000000 1297.506592 0.000000 0.457321 0.000000 -0.889302 0.265014 0.265014 0.265014
4984.471680 0.000000 1283.112305 0.000000 0.127401 0.000000 -0.991851 0.404218 0.404218 0.404218
4967.382324 0.000000 1276.274780 0.000000 0.492070 0.000000 -0.870556 0.356390 0.356390 0.356390
4970.783691 0.000000 1275.462524 0.000000 0.681916 0.000000 -0.731430 0.417242 0.417242 0.417242
4953.752441 0.000000 1299.033447 0.000000 0.472770 0.000000 -0.881186 0.473766 0.473766 0.473766
4981.177734 0.000000 1309.661011 0.000000 0.162806 0.000000 -0.986658 0.288149 0.288149 0.288149
4983.309570 0.000000 1307.386108 0.000000 0.665914 0.000000 -0.746028 0.464330 0.464330 0.464330
4996.032715 0.000000 1274.267822 0.000000 0.657759 0.000000 -0.753228 0.206175 0.206175 0.206175
4992.371582 0.000000 1304.225464 0.000000 0.632170 0.000000 -0.774829 0.311274 0.311274 0.311274
4143.917480 0.000000 1731.313232 0.000000 0.407241 0.000000 -0.913321 0.359825 0.359825 0.359825
4136.284180 0.000000 1732.997803 0.000000 0.433257 0.000000 -0.901271 0.354336 0.354336 0.354336
4134.078125 0.000000 1736.160889 0.000000 0.584747 0.000000 -0.811216 0.375440 0.375440 0.375440
4149.881348 0.000000 1736.690918 0.000000 0.273143 0.000000 -0.961973 0.454186 0.454186 0.454186
4179.443848 0.000000 1744.451050 0.000000 0.108127 0.000000 -0.994137 0.298268 0.298268 0.298268
4192.813477 0.000000 1738.037109 0.000000 0.700115 0.000000 -0.714030 0.443336 0.443336 0.443336
4177.965332 0.000000 1735.156372 0.000000 0.386335 0.000000 -0.922359 0.489698 0.489698 0.489698
4227.510742 0.000000 1741.459229 0.000000 0.134694 0.000000 -0.990887 0.302160 0.302160 0.302160
4503.398438 0.000000 1750.331543 0.000000 0.652855 0.000000 -0.757483 0.436942 0.436942 0.436942
4505.314941 0.000000 1747.260986 0.000000 0.268668 0.000000 -0.963233 0.499220 0.499220 0.499220
4549.809082 0.000000 1750.014404 0.000000 0.699472 0.000000 -0.714660 0.433230 0.433230 0.433230
4559.939941 0.000000 1749.229126 0.000000 0.454386 0.000000 -0.890805 0.483966 0.483966 0.483966
4535.531250 0.000000 1761.619263 0.000000 0.632457 0.000000 -0.774596 0.206968 0.206968 0.206968
4527.447754 0.000000 1763.701294 0.000000 0.023696 0.000000 -0.999719 0.248185 0.248185 0.248185
4533.177734 0.000000 1761.536011 0.000000 0.119301 0.000000 -0.992858 0.295024 0.295024 0.295024
4532.916016 0.000000 1758.378662 0.000000 0.225633 0.000000 -0.974212 0.320859 0.320859 0.320859
4531.291016 0.000000 1761.439697 0.000000 0.152717 0.000000 -0.988270 0.319823 0.319823 0.319823
4543.169434 0.000000 1767.893311 0.000000 0.440309 0.000000 -0.897846 0.414471 0.414471 0.414471
4542.420410 0.000000 1764.356323 0.000000 0.665351 0.000000 -0.746531 0.457444 0.457444 0.457444
4541.256836 0.000000 1756.380371 0.000000 0.308805 0.000000 -0.951126 0.434269 0.434269 0.434269
4516.202637 0.000000 1754.664307 0.000000 0.526807 0.000000 -0.849985 0.475077 0.475077 0.475077
4536.213867 0.000000 1762.542847 0.000000 0.401791 0.000000 -0.915731 0.488413 0.488413 0.488413
4498.082520 0.000000 1751.077881 0.000000 0.070363 0.000000 -0.997521 0.510874 0.510874 0.510874
4533.988770 0.000000 1762.254883 0.000000 0.325723 0.000000 -0.945465 0.494654 0.494654 0.494654
4543.022461 0.000000 1763.463623 0.000000 0.115730 0.000000 -0.993281 0.511139 0.511139 0.511139
4518.425293 0.000000 1754.827026 0.000000 0.414633 0.000000 -0.909989 0.487338 0.487338 0.487338
4537.036621 0.000000 1764.542114 0.000000 0.693761 0.000000 -0.720205 0.461429 0.461429 0.461429
4569.661133 0.000000 1754.081787 0.000000 0.480403 0.000000 -0.877048 0.216130 0.216130 0.216130
4573.325684 0.000000 1755.490601 0.000000 0.514681 0.000000 -0.857382 0.320911 0.320911 0.320911
4571.133789 0.000000 1754.545776 0.000000 0.248304 0.000000 -0.968682 0.383083 0.383083 0.383083
4570.256836 0.000000 1755.740601 0.000000 0.222820 0.000000 -0.974860 0.384127 0.384127 0.384127
4558.623047 0.000000 1755.726929 0.000000 0.347062 0.000000 -0.937842 0.489583 0.489583 0.489583
4546.773438 0.000000 1757.057007 0.000000 0.144831 0.000000 -0.989456 0.489018 0.489018 0.489018
4556.067383 0.000000 1751.102661 0.000000 0.031531 0.000000 -0.999503 0.517591 0.517591 0.517591
4849.262695 0.000000 1523.154785 0.000000 0.000263 0.000000 -1.000000 0.381523 0.381523 0.381523
4842.601562 0.000000 1520.442383 0.000000 0.613208 0.000000 -0.789922 0.405899 0.405899 0.405899
4836.170898 0.000000 1522.990356 0.000000 0.049210 0.000000 -0.998788 0.502184 0.502184 0.502184
4863.644043 0.000000 1524.614258 0.000000 0.083307 0.000000 -0.996524 0.513628 0.513628 0.513628
4837.606445 0.000000 1527.997559 0.000000 0.043225 0.000000 -0.999065 0.511739 0.511739 0.511739
4864.156738 0.000000 1523.493896 0.000000 0.279723 0.000000 -0.960081 0.337310 0.337310 0.337310
5043.634277 0.000000 1511.321655 0.000000 0.129311 0.000000 -0.991604 0.279992 0.279992 0.279992
5052.454590 0.000000 1508.932861 0.000000 0.098069 0.000000 -0.995180 0.327433 0.327433 0.327433
5059.510742 0.000000 1515.521729 0.000000 0.462382 0.000000 -0.886681 0.232312 0.232312 0.232312
5067.735352 0.000000 1512.647095 0.000000 0.399326 0.000000 -0.916809 0.429211 0.429211 0.429211
5060.561035 0.000000 1514.875244 0.000000 0.582139 0.000000 -0.813089 0.463288 0.463288 0.463288
5095.260742 0.000000 1546.682129 0.000000 0.605619 0.000000 -0.795754 0.312206 0.312206 0.312206
5093.967285 0.000000 1549.975464 0.000000 0.667067 0.000000 -0.744998 0.427057 0.427057 0.427057
5093.106445 0.000000 1537.676147 0.000000 0.338452 0.000000 -0.940984 0.431037 0.431037 0.431037
5061.431641 0.000000 1535.854736 0.000000 0.128546 0.000000 -0.991704 0.394408 0.394408 0.394408
5064.161133 0.000000 1537.199463 0.000000 0.099659 0.000000 -0.995022 0.442071 0.442071 0.442071
5085.379395 0.000000 1536.553467 0.000000 0.117768 0.000000 -0.993041 0.461455 0.461455 0.461455
4608.936035 0.000000 1604.171997 0.000000 0.433192 0.000000 -0.901302 0.238125 0.238125 0.238125
4662.180664 0.000000 1605.412720 0.000000 0.358317 0.000000 -0.933600 0.259962 0.259962 0.259962
4651.960938 0.000000 1603.664795 0.000000 0.611748 0.000000 -0.791053 0.288682 0.288682 0.288682
4643.093262 0.000000 1603.938599 0.000000 0.492234 0.000000 -0.870463 0.419200 0.419200 0.419200
4657.393555 0.000000 1605.393066 0.000000 0.081707 0.000000 -0.996656 0.419469 0.419469 0.419469
4630.048340 0.000000 1604.675415 0.000000 0.529865 0.000000 -0.848082 0.424531 0.424531 0.424531
4684.112305 0.000000 1596.469238 0.000000 0.197701 0.000000 -0.980262 0.323142 0.323142 0.323142
4684.251465 0.000000 1588.398560 0.000000 0.576706 0.000000 -0.816952 0.368600 0.368600 0.368600
4682.378418 0.000000 1593.423828 0.000000 0.406623 0.000000 -0.913596 0.433507 0.433507 0.433507
4696.136230 0.000000 1601.976685 0.000000 0.102474 0.000000 -0.994736 0.493831 0.493831 0.493831
4782.867676 0.000000 1612.022095 0.000000 0.320893 0.000000 -0.947116 0.432001 0.432001 0.432001
5181.638184 0.000000 1149.410767 0.000000 0.647500 0.000000 -0.762065 0.357967 0.357967 0.357967
5163.954590 0.000000 1153.393555 0.000000 0.491748 0.000000 -0.870738 0.346185 0.346185 0.346185
5172.467773 0.000000 1150.812256 0.000000 0.521832 0.000000 -0.853048 0.455729 0.455729 0.455729
5171.609375 0.000000 1159.853760 0.000000 0.478777 0.000000 -0.877936 0.481859 0.481859 0.481859
5225.385742 0.000000 1162.605591 0.000000 0.509497 0.000000 -0.860472 0.280417 0.280417 0.280417
5235.863281 0.000000 1154.060181 0.000000 0.090036 0.000000 -0.995938 0.220390 0.220390 0.220390
5225.967773 0.000000 1159.505371 0.000000 0.620049 0.000000 -0.784563 0.264208 0.264208 0.264208
5197.099609 0.000000 1149.464111 0.000000 0.298154 0.000000 -0.954518 0.266682 0.266682 0.266682
5186.311035 0.000000 1166.298584 0.000000 0.322476 0.000000 -0.946577 0.327009 0.327009 0.327009
5237.789062 0.000000 1173.131226 0.000000 0.639024 0.000000 -0.769186 0.324811 0.324811 0.324811
5197.642090 0.000000 1151.339111 0.000000 0.439943 0.000000 -0.898026 0.351120 0.351120 0.351120
5238.362793 0.000000 1163.329224 0.000000 0.046281 0.000000 -0.998928 0.355651 0.355651 0.355651
5197.021484 0.000000 1162.316528 0.000000 0.256742 0.000000 -0.966480 0.438736 0.438736 0.438736
5243.955078 0.000000 1160.742676 0.000000 0.222793 0.000000 -0.974866 0.462129 0.462129 0.462129
5185.950684 0.000000 1169.661987 0.000000 0.534076 0.000000 -0.845436 0.476958 0.476958 0.476958
5231.705078 0.000000 1160.971313 0.000000 0.124506 0.000000 -0.992219 0.510464 0.510464 0.510464
5239.966309 0.000000 1165.583252 0.000000 0.220781 0.000000 -0.975323 0.502993 0.502993 0.502993
5194.347656 0.000000 1169.757080 0.000000 0.452565 0.000000 -0.891731 0.484122 0.484122 0.484122
5206.189453 0.000000 1158.690674 0.000000 0.221048 0.000000 -0.975263 0.500617 0.500617 0.500617
5205.500000 0.000000 1159.871216 0.000000 0.245967 0.000000 -0.969278 0.501015 0.501015 0.501015
5223.998535 0.000000 1153.113281 0.000000 0.447031 0.000000 -0.894518 0.484596 0.484596 0.484596
5206.742676 0.000000 1156.315674 0.000000 0.316948 0.000000 -0.948443 0.495362 0.495362 0.495362
"}
