object={
	name="baobab_generator_3_0"
	clamp_to_water_level=no
	render_under_water=no
	generated_content=yes
	layer="semidynamic_high"
	pdxmesh="tree_baobab_01_mesh"
	count=182
	transform="4495.590332 0.000000 842.877747 0.000000 0.294335 0.000000 0.955702 0.215956 0.215956 0.215956
4537.007324 0.000000 836.441772 0.000000 0.001612 0.000000 0.999999 0.199390 0.199390 0.199390
4553.995605 0.000000 839.622253 0.000000 0.173739 0.000000 0.984792 0.238816 0.238816 0.238816
4561.432129 0.000000 845.912109 0.000000 0.199042 0.000000 0.979991 0.296466 0.296466 0.296466
4556.296875 0.000000 844.366943 0.000000 0.435762 0.000000 0.900062 0.326747 0.326747 0.326747
4559.381836 0.000000 846.347900 0.000000 0.214963 0.000000 0.976622 0.286278 0.286278 0.286278
4551.164551 0.000000 839.557312 0.000000 0.591335 0.000000 0.806426 0.334425 0.334425 0.334425
4557.020508 0.000000 844.852173 0.000000 0.267932 0.000000 0.963438 0.314997 0.314997 0.314997
4567.068359 0.000000 851.776794 0.000000 0.663628 0.000000 0.748062 0.192193 0.192193 0.192193
4568.512695 0.000000 854.998535 0.000000 0.220507 0.000000 0.975385 0.237676 0.237676 0.237676
4564.179199 0.000000 848.542786 0.000000 0.457183 0.000000 0.889373 0.249301 0.249301 0.249301
4573.689453 0.000000 856.500061 0.000000 0.659532 0.000000 0.751677 0.320240 0.320240 0.320240
4567.689453 0.000000 854.601624 0.000000 0.052394 0.000000 0.998626 0.291207 0.291207 0.291207
4553.240723 0.000000 847.995300 0.000000 0.563631 0.000000 0.826027 0.326714 0.326714 0.326714
4578.753418 0.000000 867.377991 0.000000 0.179863 0.000000 0.983692 0.308043 0.308043 0.308043
4569.367188 0.000000 857.590393 0.000000 0.616662 0.000000 0.787228 0.330764 0.330764 0.330764
4674.627930 0.000000 875.972839 0.000000 0.456685 0.000000 0.889629 0.213500 0.213500 0.213500
4734.015625 0.000000 879.881958 0.000000 0.285191 0.000000 0.958471 0.278135 0.278135 0.278135
4741.044922 0.000000 878.142334 0.000000 0.669520 0.000000 0.742794 0.278550 0.278550 0.278550
4738.595215 0.000000 874.901917 0.000000 0.398046 0.000000 0.917366 0.308639 0.308639 0.308639
4739.793457 0.000000 879.723999 0.000000 0.128771 0.000000 0.991674 0.289865 0.289865 0.289865
4736.139160 0.000000 879.629761 0.000000 0.246096 0.000000 0.969245 0.308898 0.308898 0.308898
4739.065430 0.000000 878.209717 0.000000 0.506070 0.000000 0.862492 0.320537 0.320537 0.320537
4969.967773 0.000000 1272.474121 0.000000 0.327032 0.000000 0.945013 0.188722 0.188722 0.188722
4953.774414 0.000000 1292.355469 0.000000 0.193281 0.000000 0.981144 0.229368 0.229368 0.229368
4985.571289 0.000000 1282.512085 0.000000 0.619696 0.000000 0.784842 0.302663 0.302663 0.302663
4983.349609 0.000000 1283.126221 0.000000 0.089656 0.000000 0.995973 0.262106 0.262106 0.262106
4951.415527 0.000000 1294.168457 0.000000 0.352747 0.000000 0.935719 0.322648 0.322648 0.322648
4989.095215 0.000000 1278.781860 0.000000 0.108493 0.000000 0.994097 0.292267 0.292267 0.292267
4950.823730 0.000000 1297.714355 0.000000 0.533255 0.000000 0.845955 0.322967 0.322967 0.322967
4971.156738 0.000000 1272.534424 0.000000 0.001187 0.000000 0.999999 0.280091 0.280091 0.280091
4950.163574 0.000000 1298.238159 0.000000 0.295258 0.000000 0.955418 0.302897 0.302897 0.302897
4946.461914 0.000000 1315.721313 0.000000 0.655423 0.000000 0.755262 0.234620 0.234620 0.234620
4990.905762 0.000000 1304.950928 0.000000 0.354854 0.000000 0.934922 0.233649 0.233649 0.233649
4986.353516 0.000000 1300.271118 0.000000 0.108409 0.000000 0.994106 0.250694 0.250694 0.250694
4947.389160 0.000000 1311.723511 0.000000 0.219156 0.000000 0.975690 0.250352 0.250352 0.250352
4946.263672 0.000000 1311.227173 0.000000 0.505977 0.000000 0.862547 0.258976 0.258976 0.258976
4990.358398 0.000000 1306.012329 0.000000 0.281462 0.000000 0.959572 0.280710 0.280710 0.280710
4979.945312 0.000000 1305.977417 0.000000 0.015937 0.000000 0.999873 0.275546 0.275546 0.275546
4963.494629 0.000000 1301.839111 0.000000 0.674436 0.000000 0.738333 0.335517 0.335517 0.335517
4962.059082 0.000000 1300.320068 0.000000 0.414891 0.000000 0.909871 0.317587 0.317587 0.317587
4982.026367 0.000000 1304.050903 0.000000 0.532232 0.000000 0.846599 0.332453 0.332453 0.332453
4948.122559 0.000000 1301.996826 0.000000 0.225077 0.000000 0.974341 0.300232 0.300232 0.300232
4981.387207 0.000000 1304.688843 0.000000 0.431189 0.000000 0.902262 0.314057 0.314057 0.314057
4977.800293 0.000000 1310.502563 0.000000 0.141233 0.000000 0.989976 0.302243 0.302243 0.302243
4959.998535 0.000000 1315.248413 0.000000 0.618186 0.000000 0.786032 0.334073 0.334073 0.334073
4978.949219 0.000000 1301.952637 0.000000 0.256491 0.000000 0.966547 0.299816 0.299816 0.299816
4993.950684 0.000000 1282.630737 0.000000 0.295360 0.000000 0.955386 0.247992 0.247992 0.247992
4993.525879 0.000000 1279.885742 0.000000 0.434036 0.000000 0.900896 0.314789 0.314789 0.314789
4993.182129 0.000000 1280.690308 0.000000 0.315652 0.000000 0.948875 0.304534 0.304534 0.304534
4994.816895 0.000000 1280.024902 0.000000 0.086382 0.000000 0.996262 0.286607 0.286607 0.286607
4137.761719 0.000000 1733.520386 0.000000 0.573550 0.000000 0.819171 0.281079 0.281079 0.281079
4138.652344 0.000000 1734.183960 0.000000 0.688769 0.000000 0.724981 0.304120 0.304120 0.304120
4178.010742 0.000000 1745.064331 0.000000 0.147811 0.000000 0.989016 0.233720 0.233720 0.233720
4165.351562 0.000000 1746.164307 0.000000 0.380747 0.000000 0.924679 0.262800 0.262800 0.262800
4176.047852 0.000000 1733.698730 0.000000 0.637247 0.000000 0.770659 0.333002 0.333002 0.333002
4222.866699 0.000000 1738.975952 0.000000 0.163991 0.000000 0.986462 0.308922 0.308922 0.308922
4177.480469 0.000000 1733.030884 0.000000 0.047522 0.000000 0.998870 0.284012 0.284012 0.284012
4193.092285 0.000000 1737.135254 0.000000 0.174256 0.000000 0.984700 0.307318 0.307318 0.307318
4223.655273 0.000000 1740.127686 0.000000 0.103748 0.000000 0.994604 0.287940 0.287940 0.287940
4254.405762 0.000000 1732.771118 0.000000 0.318816 0.000000 0.947817 0.284363 0.284363 0.284363
4225.426270 0.000000 1738.374634 0.000000 0.185992 0.000000 0.982551 0.294292 0.294292 0.294292
4501.894043 0.000000 1747.805054 0.000000 0.393544 0.000000 0.919306 0.233691 0.233691 0.233691
4510.024414 0.000000 1748.033569 0.000000 0.132566 0.000000 0.991174 0.306428 0.306428 0.306428
4511.888672 0.000000 1750.684204 0.000000 0.612525 0.000000 0.790451 0.330363 0.330363 0.330363
4527.146973 0.000000 1747.134399 0.000000 0.007245 0.000000 0.999974 0.280554 0.280554 0.280554
4577.632324 0.000000 1748.340698 0.000000 0.660159 0.000000 0.751126 0.279852 0.279852 0.279852
4576.520996 0.000000 1749.984131 0.000000 0.263400 0.000000 0.964687 0.264731 0.264731 0.264731
4550.509766 0.000000 1749.378906 0.000000 0.698787 0.000000 0.715330 0.339106 0.339106 0.339106
4557.020508 0.000000 1748.602173 0.000000 0.338954 0.000000 0.940803 0.306418 0.306418 0.306418
4546.305176 0.000000 1748.834595 0.000000 0.344714 0.000000 0.938708 0.309016 0.309016 0.309016
4546.373535 0.000000 1749.756104 0.000000 0.251813 0.000000 0.967776 0.301747 0.301747 0.301747
4494.033691 0.000000 1756.906616 0.000000 0.617082 0.000000 0.786899 0.200403 0.200403 0.200403
4523.071777 0.000000 1761.594116 0.000000 0.681637 0.000000 0.731690 0.221337 0.221337 0.221337
4530.999023 0.000000 1758.358398 0.000000 0.558421 0.000000 0.829558 0.226957 0.226957 0.226957
4526.421387 0.000000 1760.062744 0.000000 0.611228 0.000000 0.791455 0.265936 0.265936 0.265936
4507.970215 0.000000 1751.997803 0.000000 0.442771 0.000000 0.896635 0.257774 0.257774 0.257774
4529.067871 0.000000 1755.544556 0.000000 0.037307 0.000000 0.999304 0.280990 0.280990 0.280990
4541.982422 0.000000 1762.540527 0.000000 0.671975 0.000000 0.740574 0.298999 0.298999 0.298999
4540.125488 0.000000 1761.910156 0.000000 0.385587 0.000000 0.922672 0.266768 0.266768 0.266768
4523.303711 0.000000 1753.575806 0.000000 0.213352 0.000000 0.976975 0.313147 0.313147 0.313147
4529.758301 0.000000 1763.267090 0.000000 0.693659 0.000000 0.720303 0.311903 0.311903 0.311903
4496.073730 0.000000 1753.525269 0.000000 0.499573 0.000000 0.866272 0.323886 0.323886 0.323886
4540.967285 0.000000 1762.605103 0.000000 0.455804 0.000000 0.890080 0.288323 0.288323 0.288323
4519.911621 0.000000 1755.938354 0.000000 0.457637 0.000000 0.889139 0.316313 0.316313 0.316313
4534.026367 0.000000 1755.925903 0.000000 0.415428 0.000000 0.909626 0.312728 0.312728 0.312728
4505.595215 0.000000 1755.070190 0.000000 0.549496 0.000000 0.835497 0.335061 0.335061 0.335061
4501.098145 0.000000 1751.959106 0.000000 0.644633 0.000000 0.764492 0.333518 0.333518 0.333518
4538.970215 0.000000 1754.937744 0.000000 0.415787 0.000000 0.909462 0.323307 0.323307 0.323307
4535.095703 0.000000 1757.275635 0.000000 0.342907 0.000000 0.939369 0.311920 0.311920 0.311920
4521.702637 0.000000 1754.219482 0.000000 0.025526 0.000000 0.999674 0.281950 0.281950 0.281950
4497.756836 0.000000 1752.882080 0.000000 0.594864 0.000000 0.803826 0.332167 0.332167 0.332167
4510.864258 0.000000 1753.769165 0.000000 0.237243 0.000000 0.971450 0.307605 0.307605 0.307605
4496.137207 0.000000 1754.374268 0.000000 0.625127 0.000000 0.780523 0.335613 0.335613 0.335613
4533.387207 0.000000 1756.563843 0.000000 0.139438 0.000000 0.990231 0.303905 0.303905 0.303905
4543.648438 0.000000 1760.178101 0.000000 0.339575 0.000000 0.940579 0.306468 0.306468 0.306468
4496.606934 0.000000 1755.618286 0.000000 0.520970 0.000000 0.853575 0.326459 0.326459 0.326459
4500.084961 0.000000 1751.486450 0.000000 0.205421 0.000000 0.978674 0.295806 0.295806 0.295806
4501.435059 0.000000 1755.964966 0.000000 0.292205 0.000000 0.956356 0.308698 0.308698 0.308698
4535.902344 0.000000 1756.331909 0.000000 0.016023 0.000000 0.999872 0.287823 0.287823 0.287823
4569.304688 0.000000 1752.009277 0.000000 0.706574 0.000000 0.707639 0.212357 0.212357 0.212357
4549.431641 0.000000 1761.792236 0.000000 0.284598 0.000000 0.958647 0.256710 0.256710 0.256710
4572.227539 0.000000 1751.058228 0.000000 0.600809 0.000000 0.799393 0.318727 0.318727 0.318727
4570.547852 0.000000 1753.791626 0.000000 0.116496 0.000000 0.993191 0.294002 0.294002 0.294002
4551.259766 0.000000 1760.736572 0.000000 0.429943 0.000000 0.902856 0.326887 0.326887 0.326887
4546.526855 0.000000 1751.916260 0.000000 0.029113 0.000000 0.999576 0.282224 0.282224 0.282224
4553.526367 0.000000 1759.181152 0.000000 0.156634 0.000000 0.987657 0.304014 0.304014 0.304014
4547.237793 0.000000 1756.273682 0.000000 0.318607 0.000000 0.947887 0.320055 0.320055 0.320055
4848.023926 0.000000 1521.128784 0.000000 0.566540 0.000000 0.824034 0.191537 0.191537 0.191537
4862.841797 0.000000 1523.125977 0.000000 0.525081 0.000000 0.851052 0.279039 0.279039 0.279039
4837.378906 0.000000 1525.022949 0.000000 0.673500 0.000000 0.739187 0.336450 0.336450 0.336450
4836.130371 0.000000 1525.078979 0.000000 0.429106 0.000000 0.903254 0.313881 0.313881 0.313881
4862.448730 0.000000 1525.603149 0.000000 0.701535 0.000000 0.712635 0.339400 0.339400 0.339400
4856.491211 0.000000 1525.907593 0.000000 0.505041 0.000000 0.863095 0.322023 0.322023 0.322023
4861.623047 0.000000 1527.362183 0.000000 0.530621 0.000000 0.847609 0.329800 0.329800 0.329800
5041.352051 0.000000 1521.727417 0.000000 0.527485 0.000000 0.849564 0.245395 0.245395 0.245395
5040.927734 0.000000 1513.609741 0.000000 0.691897 0.000000 0.721997 0.318373 0.318373 0.318373
5040.827148 0.000000 1512.431641 0.000000 0.388364 0.000000 0.921506 0.300691 0.300691 0.300691
5040.086914 0.000000 1504.275269 0.000000 0.436420 0.000000 0.899743 0.322045 0.322045 0.322045
5038.767090 0.000000 1508.406616 0.000000 0.297586 0.000000 0.954695 0.289472 0.289472 0.289472
5070.414551 0.000000 1517.871826 0.000000 0.343054 0.000000 0.939316 0.318635 0.318635 0.318635
5060.485840 0.000000 1515.944092 0.000000 0.514183 0.000000 0.857681 0.331293 0.331293 0.331293
5061.164062 0.000000 1514.020996 0.000000 0.622089 0.000000 0.782947 0.340049 0.340049 0.340049
5067.251465 0.000000 1513.524780 0.000000 0.568962 0.000000 0.822364 0.318200 0.318200 0.318200
5056.090332 0.000000 1528.373779 0.000000 0.063632 0.000000 0.997973 0.191936 0.191936 0.191936
5083.966309 0.000000 1534.691284 0.000000 0.459697 0.000000 0.888076 0.208213 0.208213 0.208213
5062.936035 0.000000 1528.653931 0.000000 0.429227 0.000000 0.903197 0.213048 0.213048 0.213048
5107.561035 0.000000 1551.339966 0.000000 0.024426 0.000000 0.999702 0.216911 0.216911 0.216911
5096.687988 0.000000 1547.578735 0.000000 0.141136 0.000000 0.989990 0.218196 0.218196 0.218196
5091.595703 0.000000 1545.190063 0.000000 0.046649 0.000000 0.998911 0.229263 0.229263 0.229263
5059.498047 0.000000 1525.835693 0.000000 0.281032 0.000000 0.959698 0.247601 0.247601 0.247601
5105.542480 0.000000 1546.506836 0.000000 0.543106 0.000000 0.839664 0.250091 0.250091 0.250091
5060.588867 0.000000 1534.715576 0.000000 0.048251 0.000000 0.998835 0.272299 0.272299 0.272299
5102.744141 0.000000 1550.731567 0.000000 0.430767 0.000000 0.902463 0.247750 0.247750 0.247750
5104.198730 0.000000 1548.750000 0.000000 0.210087 0.000000 0.977683 0.275101 0.275101 0.275101
5065.038086 0.000000 1536.862671 0.000000 0.245237 0.000000 0.969463 0.298314 0.298314 0.298314
5063.856445 0.000000 1533.617554 0.000000 0.083567 0.000000 0.996502 0.297158 0.297158 0.297158
4650.712402 0.000000 1602.780884 0.000000 0.565611 0.000000 0.824673 0.245585 0.245585 0.245585
4639.729980 0.000000 1601.749878 0.000000 0.639119 0.000000 0.769108 0.339321 0.339321 0.339321
4641.619629 0.000000 1598.625366 0.000000 0.692753 0.000000 0.721175 0.344828 0.344828 0.344828
4658.747559 0.000000 1605.332153 0.000000 0.064820 0.000000 0.997897 0.284955 0.284955 0.284955
4639.132324 0.000000 1600.169922 0.000000 0.538665 0.000000 0.842520 0.330711 0.330711 0.330711
4639.843262 0.000000 1600.697876 0.000000 0.596094 0.000000 0.802915 0.335536 0.335536 0.335536
4676.220703 0.000000 1598.917236 0.000000 0.046516 0.000000 0.998918 0.284730 0.284730 0.284730
4685.527344 0.000000 1588.606201 0.000000 0.346625 0.000000 0.938004 0.282084 0.282084 0.282084
4696.429199 0.000000 1605.495972 0.000000 0.684946 0.000000 0.728594 0.303063 0.303063 0.303063
4692.853027 0.000000 1602.478882 0.000000 0.593269 0.000000 0.805005 0.308263 0.308263 0.308263
4685.866699 0.000000 1590.532715 0.000000 0.246078 0.000000 0.969250 0.285139 0.285139 0.285139
4695.761719 0.000000 1592.551147 0.000000 0.487591 0.000000 0.873072 0.322620 0.322620 0.322620
5172.679199 0.000000 1149.376831 0.000000 0.638327 0.000000 0.769765 0.213921 0.213921 0.213921
5181.039062 0.000000 1148.028687 0.000000 0.198394 0.000000 0.980122 0.272656 0.272656 0.272656
5222.469727 0.000000 1156.281494 0.000000 0.428773 0.000000 0.903412 0.195174 0.195174 0.195174
5193.322266 0.000000 1148.655151 0.000000 0.648438 0.000000 0.761268 0.211289 0.211289 0.211289
5188.789062 0.000000 1163.544434 0.000000 0.449473 0.000000 0.893294 0.209839 0.209839 0.209839
5236.393066 0.000000 1152.081055 0.000000 0.039644 0.000000 0.999214 0.203903 0.203903 0.203903
5195.377441 0.000000 1149.231079 0.000000 0.143810 0.000000 0.989605 0.219031 0.219031 0.219031
5227.008789 0.000000 1156.236938 0.000000 0.600879 0.000000 0.799340 0.245702 0.245702 0.245702
5240.862793 0.000000 1163.810425 0.000000 0.426742 0.000000 0.904373 0.275858 0.275858 0.275858
5186.176270 0.000000 1167.620728 0.000000 0.499932 0.000000 0.866064 0.261231 0.261231 0.261231
5239.669922 0.000000 1163.352173 0.000000 0.144618 0.000000 0.989488 0.259340 0.259340 0.259340
5206.963379 0.000000 1152.160400 0.000000 0.252210 0.000000 0.967673 0.301120 0.301120 0.301120
5189.862793 0.000000 1165.552368 0.000000 0.620903 0.000000 0.783888 0.303529 0.303529 0.303529
5236.024414 0.000000 1170.007446 0.000000 0.311920 0.000000 0.950109 0.292804 0.292804 0.292804
5195.732910 0.000000 1151.999023 0.000000 0.599860 0.000000 0.800105 0.296011 0.296011 0.296011
5188.652344 0.000000 1166.962769 0.000000 0.538767 0.000000 0.842455 0.323466 0.323466 0.323466
5206.463867 0.000000 1153.930176 0.000000 0.198491 0.000000 0.980103 0.298197 0.298197 0.298197
5194.929199 0.000000 1168.840576 0.000000 0.486804 0.000000 0.873511 0.318841 0.318841 0.318841
5203.763672 0.000000 1160.490845 0.000000 0.648663 0.000000 0.761076 0.332005 0.332005 0.332005
5243.031250 0.000000 1160.389893 0.000000 0.298241 0.000000 0.954491 0.311017 0.311017 0.311017
5195.228027 0.000000 1165.319214 0.000000 0.292627 0.000000 0.956227 0.309473 0.309473 0.309473
5195.876953 0.000000 1168.406006 0.000000 0.284936 0.000000 0.958546 0.302073 0.302073 0.302073
5195.495117 0.000000 1158.165283 0.000000 0.527831 0.000000 0.849349 0.330839 0.330839 0.330839
5227.156738 0.000000 1159.565674 0.000000 0.439883 0.000000 0.898055 0.314795 0.314795 0.314795
5228.599609 0.000000 1159.163452 0.000000 0.171957 0.000000 0.985104 0.307163 0.307163 0.307163
5207.729492 0.000000 1159.858032 0.000000 0.226268 0.000000 0.974065 0.299783 0.299783 0.299783
5201.883301 0.000000 1163.792358 0.000000 0.317809 0.000000 0.948155 0.307510 0.307510 0.307510
5239.098145 0.000000 1148.906982 0.000000 0.621195 0.000000 0.783656 0.331205 0.331205 0.331205
5193.061523 0.000000 1169.000854 0.000000 0.368938 0.000000 0.929454 0.315121 0.315121 0.315121
5227.661621 0.000000 1162.498047 0.000000 0.015327 0.000000 0.999883 0.281171 0.281171 0.281171
5209.561035 0.000000 1157.349121 0.000000 0.308569 0.000000 0.951202 0.303964 0.303964 0.303964
5214.710449 0.000000 1171.144775 0.000000 0.487222 0.000000 0.873278 0.318878 0.318878 0.318878
5208.705566 0.000000 1155.456421 0.000000 0.613462 0.000000 0.789725 0.330454 0.330454 0.330454
"}
object={
	name="baobab_generator_3_1"
	clamp_to_water_level=no
	render_under_water=no
	generated_content=yes
	layer="semidynamic_high"
	pdxmesh="tree_baobab_02_mesh"
	count=201
	transform="4478.358398 0.000000 854.137390 0.000000 0.970194 0.000000 0.242328 0.372205 0.372205 0.372205
4478.515625 0.000000 855.112610 0.000000 0.996669 0.000000 0.081552 0.381768 0.381768 0.381768
4542.141113 0.000000 837.649475 0.000000 0.993654 0.000000 0.112478 0.392599 0.392599 0.392599
4495.440918 0.000000 841.817322 0.000000 0.863946 0.000000 0.503584 0.352901 0.352901 0.352901
4551.959473 0.000000 840.040039 0.000000 0.878020 0.000000 0.478625 0.340708 0.340708 0.340708
4545.519531 0.000000 838.325012 0.000000 0.968509 0.000000 0.248978 0.281993 0.281993 0.281993
4559.939941 0.000000 845.479126 0.000000 0.788469 0.000000 0.615075 0.280589 0.280589 0.280589
4558.558105 0.000000 843.654114 0.000000 0.999781 0.000000 0.020921 0.353072 0.353072 0.353072
4563.400879 0.000000 846.754272 0.000000 0.759367 0.000000 0.650662 0.316257 0.316257 0.316257
4560.762695 0.000000 842.485352 0.000000 0.880541 0.000000 0.473969 0.365236 0.365236 0.365236
4565.386719 0.000000 846.606934 0.000000 0.929417 0.000000 0.369031 0.350833 0.350833 0.350833
4561.233887 0.000000 846.946167 0.000000 0.765519 0.000000 0.643414 0.349571 0.349571 0.349571
4551.696289 0.000000 838.153809 0.000000 0.825757 0.000000 0.564026 0.358110 0.358110 0.358110
4549.162109 0.000000 841.252258 0.000000 0.812530 0.000000 0.582919 0.353235 0.353235 0.353235
4568.779785 0.000000 851.802185 0.000000 0.936183 0.000000 0.351512 0.253398 0.253398 0.253398
4561.011230 0.000000 848.602783 0.000000 0.950772 0.000000 0.309893 0.305800 0.305800 0.305800
4562.082520 0.000000 847.327881 0.000000 0.972208 0.000000 0.234119 0.337718 0.337718 0.337718
4572.514160 0.000000 861.062439 0.000000 0.760342 0.000000 0.649523 0.351714 0.351714 0.351714
4568.379395 0.000000 853.973572 0.000000 0.875788 0.000000 0.482696 0.328371 0.328371 0.328371
4570.924316 0.000000 858.759521 0.000000 0.961531 0.000000 0.274697 0.378741 0.378741 0.378741
4566.025391 0.000000 854.070557 0.000000 0.966393 0.000000 0.257069 0.381372 0.381372 0.381372
4675.093750 0.000000 877.335632 0.000000 0.726875 0.000000 0.686770 0.264155 0.264155 0.264155
4737.498535 0.000000 875.242493 0.000000 0.854176 0.000000 0.519984 0.280401 0.280401 0.280401
4737.447266 0.000000 878.887573 0.000000 0.845820 0.000000 0.533468 0.361228 0.361228 0.361228
4739.154297 0.000000 878.975220 0.000000 0.929024 0.000000 0.370020 0.371044 0.371044 0.371044
4736.073242 0.000000 877.894836 0.000000 0.996983 0.000000 0.077617 0.394065 0.394065 0.394065
4739.676758 0.000000 876.736267 0.000000 0.833235 0.000000 0.552919 0.355243 0.355243 0.355243
4738.161133 0.000000 879.302673 0.000000 0.921152 0.000000 0.389204 0.369460 0.369460 0.369460
4972.051758 0.000000 1274.750610 0.000000 0.995094 0.000000 0.098934 0.199085 0.199085 0.199085
4983.044922 0.000000 1281.744629 0.000000 0.997755 0.000000 0.066976 0.218744 0.218744 0.218744
4990.208984 0.000000 1279.316895 0.000000 0.965863 0.000000 0.259052 0.255471 0.255471 0.255471
4984.073242 0.000000 1282.094971 0.000000 0.923370 0.000000 0.383912 0.324676 0.324676 0.324676
4956.664062 0.000000 1295.198975 0.000000 0.879515 0.000000 0.475871 0.366817 0.366817 0.366817
4952.628906 0.000000 1297.032715 0.000000 0.923158 0.000000 0.384420 0.354776 0.354776 0.354776
4955.948730 0.000000 1294.481934 0.000000 0.984881 0.000000 0.173234 0.347939 0.347939 0.347939
4985.056152 0.000000 1279.059814 0.000000 0.998805 0.000000 0.048876 0.396741 0.396741 0.396741
4950.503906 0.000000 1295.276367 0.000000 0.978695 0.000000 0.205320 0.386784 0.386784 0.386784
4991.161621 0.000000 1281.864990 0.000000 0.898958 0.000000 0.438035 0.365362 0.365362 0.365362
4951.998047 0.000000 1297.914062 0.000000 0.862828 0.000000 0.505497 0.359514 0.359514 0.359514
4976.746582 0.000000 1302.378296 0.000000 0.970745 0.000000 0.240113 0.197851 0.197851 0.197851
4981.097168 0.000000 1300.925903 0.000000 0.982449 0.000000 0.186534 0.223680 0.223680 0.223680
4977.824707 0.000000 1309.626099 0.000000 0.833449 0.000000 0.552596 0.255347 0.255347 0.255347
4987.503906 0.000000 1301.045898 0.000000 0.947765 0.000000 0.318970 0.284040 0.284040 0.284040
4981.270996 0.000000 1302.440796 0.000000 0.778811 0.000000 0.627258 0.317640 0.317640 0.317640
4986.572266 0.000000 1299.176636 0.000000 0.999863 0.000000 0.016531 0.374448 0.374448 0.374448
4981.339355 0.000000 1307.461182 0.000000 0.884975 0.000000 0.465639 0.362998 0.362998 0.362998
4980.064941 0.000000 1307.001221 0.000000 0.982036 0.000000 0.188694 0.385498 0.385498 0.385498
4952.755371 0.000000 1301.668335 0.000000 0.709036 0.000000 0.705173 0.326935 0.326935 0.326935
4973.207031 0.000000 1312.942627 0.000000 0.999578 0.000000 0.029057 0.397780 0.397780 0.397780
4974.006348 0.000000 1310.290894 0.000000 0.963772 0.000000 0.266728 0.379374 0.379374 0.379374
4994.335449 0.000000 1273.886230 0.000000 0.992404 0.000000 0.123022 0.238801 0.238801 0.238801
4997.854492 0.000000 1277.409424 0.000000 0.970003 0.000000 0.243093 0.266385 0.266385 0.266385
4995.000000 0.000000 1278.840576 0.000000 0.992916 0.000000 0.118822 0.390901 0.390901 0.390901
4993.323730 0.000000 1305.197998 0.000000 0.744831 0.000000 0.667253 0.266695 0.266695 0.266695
4148.365234 0.000000 1733.797485 0.000000 0.785036 0.000000 0.619450 0.195247 0.195247 0.195247
4153.993164 0.000000 1731.127075 0.000000 0.856499 0.000000 0.516148 0.238636 0.238636 0.238636
4138.410156 0.000000 1735.567017 0.000000 0.942687 0.000000 0.333678 0.324006 0.324006 0.324006
4135.595215 0.000000 1737.629150 0.000000 0.946869 0.000000 0.321618 0.322533 0.322533 0.322533
4153.484375 0.000000 1735.547119 0.000000 0.999860 0.000000 0.016735 0.339898 0.339898 0.339898
4153.571289 0.000000 1734.387085 0.000000 0.961828 0.000000 0.273654 0.328713 0.328713 0.328713
4142.890137 0.000000 1730.786011 0.000000 0.987898 0.000000 0.155108 0.312578 0.312578 0.312578
4151.349609 0.000000 1735.001221 0.000000 0.875317 0.000000 0.483550 0.299008 0.299008 0.299008
4191.373535 0.000000 1737.964355 0.000000 0.907291 0.000000 0.420504 0.205737 0.205737 0.205737
4188.720215 0.000000 1735.040405 0.000000 0.920933 0.000000 0.389720 0.217565 0.217565 0.217565
4220.439453 0.000000 1743.584229 0.000000 0.731705 0.000000 0.681621 0.258881 0.258881 0.258881
4165.108887 0.000000 1744.163818 0.000000 0.997450 0.000000 0.071372 0.310138 0.310138 0.310138
4221.072754 0.000000 1741.506836 0.000000 0.996947 0.000000 0.078076 0.394029 0.394029 0.394029
4176.899902 0.000000 1733.662842 0.000000 0.722183 0.000000 0.691702 0.341837 0.341837 0.341837
4225.354492 0.000000 1736.247314 0.000000 0.967430 0.000000 0.253139 0.320343 0.320343 0.320343
4227.730469 0.000000 1736.879761 0.000000 0.994300 0.000000 0.106621 0.392933 0.392933 0.392933
4226.178711 0.000000 1736.388916 0.000000 0.970953 0.000000 0.239271 0.384015 0.384015 0.384015
4225.940430 0.000000 1738.970581 0.000000 0.716144 0.000000 0.697953 0.340983 0.340983 0.340983
4511.328613 0.000000 1744.853149 0.000000 0.980291 0.000000 0.197561 0.201897 0.201897 0.201897
4512.330078 0.000000 1748.828735 0.000000 0.986610 0.000000 0.163097 0.214234 0.214234 0.214234
4516.342285 0.000000 1750.199951 0.000000 0.857443 0.000000 0.514580 0.216681 0.216681 0.216681
4509.418457 0.000000 1744.528809 0.000000 0.898860 0.000000 0.438236 0.214791 0.214791 0.214791
4509.209473 0.000000 1750.492432 0.000000 0.979878 0.000000 0.199598 0.316215 0.316215 0.316215
4502.823730 0.000000 1749.589355 0.000000 0.785102 0.000000 0.619366 0.348974 0.348974 0.348974
4527.568359 0.000000 1746.444458 0.000000 0.948736 0.000000 0.316070 0.375433 0.375433 0.375433
4574.288086 0.000000 1748.993652 0.000000 0.959752 0.000000 0.280849 0.232892 0.232892 0.232892
4551.085449 0.000000 1748.617554 0.000000 0.995725 0.000000 0.092368 0.392934 0.392934 0.392934
4559.381836 0.000000 1750.097900 0.000000 0.960611 0.000000 0.277896 0.378487 0.378487 0.378487
4558.662598 0.000000 1749.419434 0.000000 0.858510 0.000000 0.512796 0.358866 0.358866 0.358866
4557.670410 0.000000 1750.038330 0.000000 0.895384 0.000000 0.445294 0.364744 0.364744 0.364744
4507.120117 0.000000 1752.964233 0.000000 0.859650 0.000000 0.510884 0.217748 0.217748 0.217748
4496.728516 0.000000 1751.022217 0.000000 0.977501 0.000000 0.210930 0.232996 0.232996 0.232996
4541.240234 0.000000 1765.046875 0.000000 0.999724 0.000000 0.023500 0.308454 0.308454 0.308454
4534.206543 0.000000 1758.431274 0.000000 0.988338 0.000000 0.152277 0.358521 0.358521 0.358521
4542.282715 0.000000 1767.136353 0.000000 0.941655 0.000000 0.336580 0.342788 0.342788 0.342788
4528.795410 0.000000 1761.040649 0.000000 0.721847 0.000000 0.692052 0.304385 0.304385 0.304385
4540.196777 0.000000 1760.785522 0.000000 0.717182 0.000000 0.696886 0.279829 0.279829 0.279829
4523.013184 0.000000 1752.225830 0.000000 0.973792 0.000000 0.227440 0.384370 0.384370 0.384370
4528.511719 0.000000 1763.530640 0.000000 0.965357 0.000000 0.260934 0.336460 0.336460 0.336460
4521.061035 0.000000 1755.531494 0.000000 0.999353 0.000000 0.035957 0.397252 0.397252 0.397252
4514.059082 0.000000 1752.195068 0.000000 0.979790 0.000000 0.200030 0.384615 0.384615 0.384615
4512.829590 0.000000 1753.207886 0.000000 0.981431 0.000000 0.191816 0.385255 0.385255 0.385255
4532.380371 0.000000 1755.145508 0.000000 0.977921 0.000000 0.208977 0.385809 0.385809 0.385809
4510.970703 0.000000 1752.842407 0.000000 0.985863 0.000000 0.167553 0.388316 0.388316 0.388316
4532.698242 0.000000 1763.588135 0.000000 0.831565 0.000000 0.555428 0.355013 0.355013 0.355013
4537.492676 0.000000 1755.906128 0.000000 0.836299 0.000000 0.548274 0.355668 0.355668 0.355668
4542.091797 0.000000 1765.188721 0.000000 0.942881 0.000000 0.333129 0.376853 0.376853 0.376853
4511.133301 0.000000 1751.049683 0.000000 0.731226 0.000000 0.682135 0.342652 0.342652 0.342652
4520.292480 0.000000 1755.235352 0.000000 0.961657 0.000000 0.274255 0.378777 0.378777 0.378777
4497.569336 0.000000 1755.306641 0.000000 0.992831 0.000000 0.119530 0.391385 0.391385 0.391385
4516.917480 0.000000 1754.316406 0.000000 0.928050 0.000000 0.372455 0.371797 0.371797 0.371797
4537.156738 0.000000 1765.495117 0.000000 0.975085 0.000000 0.221830 0.382911 0.382911 0.382911
4555.486816 0.000000 1759.575195 0.000000 0.999700 0.000000 0.024498 0.199774 0.199774 0.199774
4558.033691 0.000000 1756.906616 0.000000 0.995773 0.000000 0.091843 0.207398 0.207398 0.207398
4552.131348 0.000000 1760.403320 0.000000 0.886723 0.000000 0.462300 0.254793 0.254793 0.254793
4548.588867 0.000000 1760.653076 0.000000 0.996253 0.000000 0.086489 0.292114 0.292114 0.292114
4559.718262 0.000000 1751.468872 0.000000 0.859636 0.000000 0.510907 0.359034 0.359034 0.359034
4546.728516 0.000000 1751.037476 0.000000 0.863740 0.000000 0.503938 0.359652 0.359652 0.359652
4551.502930 0.000000 1758.289062 0.000000 0.978297 0.000000 0.207208 0.384055 0.384055 0.384055
4546.271484 0.000000 1753.821899 0.000000 0.938760 0.000000 0.344572 0.376200 0.376200 0.376200
4552.761230 0.000000 1759.706909 0.000000 0.918423 0.000000 0.395600 0.372381 0.372381 0.372381
4558.919922 0.000000 1752.019653 0.000000 0.948128 0.000000 0.317890 0.375286 0.375286 0.375286
4572.175293 0.000000 1752.921387 0.000000 0.738975 0.000000 0.673733 0.343526 0.343526 0.343526
4552.282227 0.000000 1757.895996 0.000000 0.997243 0.000000 0.074199 0.394326 0.394326 0.394326
4558.320312 0.000000 1753.578125 0.000000 0.882024 0.000000 0.471205 0.362517 0.362517 0.362517
4550.234863 0.000000 1758.913818 0.000000 0.955497 0.000000 0.295000 0.377123 0.377123 0.377123
4559.005859 0.000000 1753.092529 0.000000 0.826774 0.000000 0.562533 0.354358 0.354358 0.354358
4556.807129 0.000000 1753.896973 0.000000 0.819812 0.000000 0.572633 0.353421 0.353421 0.353421
4557.927734 0.000000 1756.117188 0.000000 0.973024 0.000000 0.230704 0.382215 0.382215 0.382215
4839.778320 0.000000 1524.428711 0.000000 0.949082 0.000000 0.315030 0.214423 0.214423 0.214423
4848.327148 0.000000 1523.896851 0.000000 0.871259 0.000000 0.490823 0.303470 0.303470 0.303470
4837.791992 0.000000 1525.162842 0.000000 0.901370 0.000000 0.433050 0.365785 0.365785 0.365785
4861.207520 0.000000 1525.903198 0.000000 0.927381 0.000000 0.374118 0.370707 0.370707 0.370707
4864.672852 0.000000 1525.757568 0.000000 0.999944 0.000000 0.010571 0.399311 0.399311 0.399311
5053.611816 0.000000 1507.353394 0.000000 0.966741 0.000000 0.255758 0.197869 0.197869 0.197869
5053.976074 0.000000 1509.279541 0.000000 0.862456 0.000000 0.506132 0.272204 0.272204 0.272204
5039.816406 0.000000 1514.382080 0.000000 0.997297 0.000000 0.073472 0.268305 0.268305 0.268305
5039.144043 0.000000 1506.318359 0.000000 0.729302 0.000000 0.684192 0.349632 0.349632 0.349632
5043.848633 0.000000 1505.268921 0.000000 0.938381 0.000000 0.345604 0.377359 0.377359 0.377359
5057.726074 0.000000 1511.498169 0.000000 0.936435 0.000000 0.350842 0.218130 0.218130 0.218130
5071.354980 0.000000 1514.815796 0.000000 0.961793 0.000000 0.273777 0.255145 0.255145 0.255145
5069.681641 0.000000 1514.262695 0.000000 0.976999 0.000000 0.213246 0.306236 0.306236 0.306236
5057.867188 0.000000 1513.965698 0.000000 0.762278 0.000000 0.647250 0.319050 0.319050 0.319050
5085.958984 0.000000 1535.278442 0.000000 0.875110 0.000000 0.483924 0.195271 0.195271 0.195271
5096.688965 0.000000 1549.478638 0.000000 0.999883 0.000000 0.015292 0.228349 0.228349 0.228349
5056.371582 0.000000 1530.162964 0.000000 0.979382 0.000000 0.202018 0.224534 0.224534 0.224534
5078.351074 0.000000 1543.818604 0.000000 0.843734 0.000000 0.536762 0.236213 0.236213 0.236213
5094.060059 0.000000 1545.902344 0.000000 0.996555 0.000000 0.082938 0.262590 0.262590 0.262590
5083.236816 0.000000 1542.565063 0.000000 0.870097 0.000000 0.492881 0.276510 0.276510 0.276510
5095.319336 0.000000 1549.790894 0.000000 0.989660 0.000000 0.143431 0.320515 0.320515 0.320515
5103.249023 0.000000 1547.815430 0.000000 0.745924 0.000000 0.666031 0.293625 0.293625 0.293625
5063.502930 0.000000 1532.351562 0.000000 0.983889 0.000000 0.178778 0.387570 0.387570 0.387570
4662.485352 0.000000 1606.976685 0.000000 0.726367 0.000000 0.687307 0.245817 0.245817 0.245817
4666.830078 0.000000 1599.816772 0.000000 0.935253 0.000000 0.353981 0.351689 0.351689 0.351689
4664.537109 0.000000 1592.004517 0.000000 0.999956 0.000000 0.009335 0.399287 0.399287 0.399287
4630.463867 0.000000 1605.805176 0.000000 0.912446 0.000000 0.409196 0.348522 0.348522 0.348522
4643.832520 0.000000 1603.281860 0.000000 0.966268 0.000000 0.257537 0.351965 0.351965 0.351965
4654.347168 0.000000 1604.241577 0.000000 0.991941 0.000000 0.126702 0.390295 0.390295 0.390295
4655.876953 0.000000 1602.171875 0.000000 0.994515 0.000000 0.104592 0.391995 0.391995 0.391995
4685.704590 0.000000 1594.389160 0.000000 0.941633 0.000000 0.336642 0.218334 0.218334 0.218334
4692.231934 0.000000 1605.350342 0.000000 0.899419 0.000000 0.437088 0.273372 0.273372 0.273372
4700.949219 0.000000 1602.267578 0.000000 0.847145 0.000000 0.531361 0.352821 0.352821 0.352821
4694.463867 0.000000 1605.805176 0.000000 0.837910 0.000000 0.545808 0.361227 0.361227 0.361227
4683.201660 0.000000 1592.894897 0.000000 0.903409 0.000000 0.428781 0.348325 0.348325 0.348325
4698.042969 0.000000 1593.333252 0.000000 0.809983 0.000000 0.586454 0.354316 0.354316 0.354316
4691.490723 0.000000 1596.258911 0.000000 0.936733 0.000000 0.350044 0.374734 0.374734 0.374734
4698.924316 0.000000 1593.056396 0.000000 0.834252 0.000000 0.551383 0.357425 0.357425 0.357425
4694.729492 0.000000 1592.813965 0.000000 0.861997 0.000000 0.506913 0.361247 0.361247 0.361247
4782.219727 0.000000 1612.754150 0.000000 0.921075 0.000000 0.389386 0.346773 0.346773 0.346773
5173.385254 0.000000 1160.294800 0.000000 0.956077 0.000000 0.293117 0.263059 0.263059 0.263059
5174.904297 0.000000 1165.995728 0.000000 0.986570 0.000000 0.163341 0.279090 0.279090 0.279090
5162.742676 0.000000 1153.877197 0.000000 0.760084 0.000000 0.649824 0.286385 0.286385 0.286385
5171.380859 0.000000 1154.954834 0.000000 0.876119 0.000000 0.482096 0.366091 0.366091 0.366091
5169.642578 0.000000 1157.376709 0.000000 0.983523 0.000000 0.180782 0.383211 0.383211 0.383211
5176.857422 0.000000 1151.096436 0.000000 0.997508 0.000000 0.070548 0.394606 0.394606 0.394606
5168.424316 0.000000 1157.083008 0.000000 0.969357 0.000000 0.245654 0.379124 0.379124 0.379124
5174.727539 0.000000 1151.369751 0.000000 0.993357 0.000000 0.115072 0.391190 0.391190 0.391190
5174.847656 0.000000 1163.969727 0.000000 0.960225 0.000000 0.279228 0.378381 0.378381 0.378381
5193.604492 0.000000 1157.141846 0.000000 0.996697 0.000000 0.081210 0.199249 0.199249 0.199249
5203.362793 0.000000 1157.675293 0.000000 0.881306 0.000000 0.472545 0.213267 0.213267 0.213267
5224.567383 0.000000 1164.370850 0.000000 0.756573 0.000000 0.653909 0.235461 0.235461 0.235461
5199.325195 0.000000 1164.695923 0.000000 0.805302 0.000000 0.592864 0.221305 0.221305 0.221305
5224.074707 0.000000 1162.020386 0.000000 0.754673 0.000000 0.656101 0.243910 0.243910 0.243910
5225.922852 0.000000 1154.839478 0.000000 0.897000 0.000000 0.442030 0.261298 0.261298 0.261298
5187.621094 0.000000 1166.775513 0.000000 0.984568 0.000000 0.175004 0.286263 0.286263 0.286263
5203.693848 0.000000 1159.023193 0.000000 0.993418 0.000000 0.114542 0.268429 0.268429 0.268429
5198.689941 0.000000 1166.031860 0.000000 0.754032 0.000000 0.656838 0.279789 0.279789 0.279789
5184.042480 0.000000 1163.118652 0.000000 0.892899 0.000000 0.450257 0.268027 0.268027 0.268027
5188.470703 0.000000 1164.676636 0.000000 0.782640 0.000000 0.622474 0.313526 0.313526 0.313526
5236.629395 0.000000 1171.887695 0.000000 0.942036 0.000000 0.335513 0.334898 0.334898 0.334898
5241.725098 0.000000 1162.190063 0.000000 0.999166 0.000000 0.040842 0.314516 0.314516 0.314516
5226.766602 0.000000 1158.734863 0.000000 0.991029 0.000000 0.133647 0.389760 0.389760 0.389760
5222.267090 0.000000 1151.498901 0.000000 0.973255 0.000000 0.229729 0.382292 0.382292 0.382292
5226.594238 0.000000 1160.276001 0.000000 0.720270 0.000000 0.693694 0.341436 0.341436 0.341436
5238.722168 0.000000 1150.257446 0.000000 0.972127 0.000000 0.234457 0.381921 0.381921 0.381921
5222.880859 0.000000 1150.076660 0.000000 0.976136 0.000000 0.217162 0.383277 0.383277 0.383277
5189.481934 0.000000 1166.473511 0.000000 0.784249 0.000000 0.620446 0.348868 0.348868 0.348868
5203.035156 0.000000 1150.106689 0.000000 0.901645 0.000000 0.432476 0.365834 0.365834 0.365834
5188.133301 0.000000 1167.656250 0.000000 0.839288 0.000000 0.543687 0.356087 0.356087 0.356087
5193.481445 0.000000 1169.909546 0.000000 0.797295 0.000000 0.603589 0.353894 0.353894 0.353894
5208.189941 0.000000 1154.567627 0.000000 0.906182 0.000000 0.422888 0.366644 0.366644 0.366644
5228.274414 0.000000 1160.904419 0.000000 0.995832 0.000000 0.091208 0.393023 0.393023 0.393023
5239.422852 0.000000 1166.693237 0.000000 0.875677 0.000000 0.482897 0.361500 0.361500 0.361500
5228.901367 0.000000 1161.784546 0.000000 0.764477 0.000000 0.644652 0.346481 0.346481 0.346481
5229.972168 0.000000 1160.057861 0.000000 0.949477 0.000000 0.313835 0.375613 0.375613 0.375613
5243.979980 0.000000 1158.824463 0.000000 0.991723 0.000000 0.128394 0.390164 0.390164 0.390164
5200.707031 0.000000 1162.615234 0.000000 0.810668 0.000000 0.585507 0.353620 0.353620 0.353620
"}
object={
	name="baobab_generator_3_2"
	clamp_to_water_level=no
	render_under_water=no
	generated_content=yes
	layer="semidynamic_high"
	pdxmesh="tree_baobab_03_mesh"
	count=202
	transform="4494.414551 0.000000 840.059326 0.000000 0.972351 0.000000 -0.233522 0.396722 0.396722 0.396722
4543.416016 0.000000 837.588257 0.000000 0.999993 0.000000 -0.003743 0.400246 0.400246 0.400246
4550.709961 0.000000 846.911133 0.000000 0.976705 0.000000 -0.214586 0.369094 0.369094 0.369094
4565.127930 0.000000 844.961731 0.000000 0.763128 0.000000 -0.646248 0.366688 0.366688 0.366688
4562.747559 0.000000 843.258484 0.000000 0.949523 0.000000 -0.313699 0.409019 0.409019 0.409019
4561.620605 0.000000 843.921387 0.000000 0.915027 0.000000 -0.403392 0.429233 0.429233 0.429233
4547.235840 0.000000 839.759216 0.000000 0.992692 0.000000 -0.120672 0.404185 0.404185 0.404185
4553.230957 0.000000 846.607971 0.000000 0.957776 0.000000 -0.287515 0.421988 0.421988 0.421988
4546.395996 0.000000 841.147705 0.000000 0.832760 0.000000 -0.553634 0.441746 0.441746 0.441746
4483.916016 0.000000 851.878662 0.000000 0.716248 0.000000 -0.697846 0.316200 0.316200 0.316200
4482.526855 0.000000 848.166199 0.000000 0.965221 0.000000 -0.261434 0.392240 0.392240 0.392240
4571.504395 0.000000 861.244019 0.000000 0.928736 0.000000 -0.370741 0.241318 0.241318 0.241318
4566.014160 0.000000 852.799683 0.000000 0.946453 0.000000 -0.322840 0.327635 0.327635 0.327635
4567.035156 0.000000 857.702759 0.000000 0.914179 0.000000 -0.405311 0.325764 0.325764 0.325764
4573.379395 0.000000 858.741028 0.000000 0.939782 0.000000 -0.341773 0.309906 0.309906 0.309906
4567.759277 0.000000 855.684570 0.000000 0.772618 0.000000 -0.634871 0.449285 0.449285 0.449285
4570.914062 0.000000 854.873535 0.000000 1.000000 0.000000 -0.000441 0.400029 0.400029 0.400029
4570.042969 0.000000 859.036316 0.000000 0.879872 0.000000 -0.475211 0.437831 0.437831 0.437831
4563.126953 0.000000 848.725769 0.000000 0.832846 0.000000 -0.553505 0.438953 0.438953 0.438953
4561.401367 0.000000 847.837891 0.000000 0.959417 0.000000 -0.281992 0.420626 0.420626 0.420626
4677.747070 0.000000 880.236572 0.000000 0.806058 0.000000 -0.591837 0.343755 0.343755 0.343755
4735.314453 0.000000 876.150208 0.000000 0.985080 0.000000 -0.172099 0.413213 0.413213 0.413213
4739.974609 0.000000 877.940002 0.000000 0.795893 0.000000 -0.605437 0.449680 0.449680 0.449680
4987.962402 0.000000 1281.604614 0.000000 0.858260 0.000000 -0.513215 0.291517 0.291517 0.291517
4982.203613 0.000000 1282.986694 0.000000 0.859560 0.000000 -0.511035 0.332421 0.332421 0.332421
4955.159668 0.000000 1296.784790 0.000000 0.717673 0.000000 -0.696380 0.273563 0.273563 0.273563
4986.406250 0.000000 1281.736572 0.000000 0.998064 0.000000 -0.062202 0.279447 0.279447 0.279447
4985.404785 0.000000 1280.300415 0.000000 0.765344 0.000000 -0.643621 0.413517 0.413517 0.413517
4963.546875 0.000000 1295.616333 0.000000 0.925692 0.000000 -0.378277 0.329737 0.329737 0.329737
4952.413086 0.000000 1296.074463 0.000000 0.998405 0.000000 -0.056462 0.379577 0.379577 0.379577
4985.484375 0.000000 1283.672119 0.000000 0.982883 0.000000 -0.184231 0.349759 0.349759 0.349759
4953.549805 0.000000 1297.543213 0.000000 0.762524 0.000000 -0.646960 0.415156 0.415156 0.415156
4987.354492 0.000000 1297.084473 0.000000 0.959474 0.000000 -0.281797 0.386011 0.386011 0.386011
4985.849609 0.000000 1278.377075 0.000000 0.992485 0.000000 -0.122363 0.408177 0.408177 0.408177
4957.715332 0.000000 1294.536865 0.000000 0.803406 0.000000 -0.595431 0.442674 0.442674 0.442674
4990.679688 0.000000 1280.028931 0.000000 0.912168 0.000000 -0.409816 0.432258 0.432258 0.432258
4946.442383 0.000000 1314.157227 0.000000 0.854540 0.000000 -0.519386 0.261417 0.261417 0.261417
4961.853027 0.000000 1310.905396 0.000000 0.735031 0.000000 -0.678034 0.275659 0.275659 0.275659
4991.554199 0.000000 1307.468506 0.000000 0.877688 0.000000 -0.479233 0.353015 0.353015 0.353015
4953.756836 0.000000 1299.285767 0.000000 0.960278 0.000000 -0.279045 0.419345 0.419345 0.419345
4949.098145 0.000000 1300.084106 0.000000 0.981153 0.000000 -0.193233 0.382373 0.382373 0.382373
4983.095703 0.000000 1305.400635 0.000000 0.836715 0.000000 -0.547639 0.438776 0.438776 0.438776
4961.637695 0.000000 1315.073364 0.000000 0.921207 0.000000 -0.389072 0.428733 0.428733 0.428733
4984.552246 0.000000 1308.166382 0.000000 0.996087 0.000000 -0.088377 0.406760 0.406760 0.406760
4982.692383 0.000000 1309.968140 0.000000 0.719091 0.000000 -0.694916 0.458694 0.458694 0.458694
4980.283691 0.000000 1304.196777 0.000000 0.832440 0.000000 -0.554116 0.444866 0.444866 0.444866
4994.875977 0.000000 1275.243042 0.000000 0.835913 0.000000 -0.548862 0.301566 0.301566 0.301566
4995.821777 0.000000 1278.858521 0.000000 0.975519 0.000000 -0.219915 0.416939 0.416939 0.416939
4994.314941 0.000000 1278.383057 0.000000 0.764603 0.000000 -0.644502 0.453504 0.453504 0.453504
4137.405762 0.000000 1732.384155 0.000000 0.726340 0.000000 -0.687336 0.341502 0.341502 0.341502
4139.963379 0.000000 1732.844727 0.000000 0.998165 0.000000 -0.060557 0.404629 0.404629 0.404629
4174.401855 0.000000 1736.227051 0.000000 0.946926 0.000000 -0.321451 0.227387 0.227387 0.227387
4175.799805 0.000000 1737.595093 0.000000 0.847068 0.000000 -0.531484 0.230533 0.230533 0.230533
4181.917480 0.000000 1738.793457 0.000000 0.991621 0.000000 -0.129182 0.225865 0.225865 0.225865
4176.512207 0.000000 1730.276611 0.000000 0.934813 0.000000 -0.355140 0.299294 0.299294 0.299294
4177.052246 0.000000 1737.335815 0.000000 0.995282 0.000000 -0.097030 0.286070 0.286070 0.286070
4221.034180 0.000000 1739.548950 0.000000 0.808809 0.000000 -0.588072 0.409666 0.409666 0.409666
4193.109375 0.000000 1736.236206 0.000000 0.881944 0.000000 -0.471354 0.432595 0.432595 0.432595
4160.969238 0.000000 1740.616089 0.000000 0.888709 0.000000 -0.458471 0.397422 0.397422 0.397422
4192.118652 0.000000 1738.633423 0.000000 0.968545 0.000000 -0.248837 0.409874 0.409874 0.409874
4176.362305 0.000000 1732.069092 0.000000 0.964038 0.000000 -0.265766 0.420483 0.420483 0.420483
4193.680664 0.000000 1737.743652 0.000000 0.867291 0.000000 -0.497802 0.434603 0.434603 0.434603
4253.817383 0.000000 1734.410767 0.000000 0.856597 0.000000 -0.515987 0.407617 0.407617 0.407617
4529.129395 0.000000 1744.937134 0.000000 0.832984 0.000000 -0.553297 0.217273 0.217273 0.217273
4525.836426 0.000000 1747.164062 0.000000 0.977702 0.000000 -0.209998 0.239817 0.239817 0.239817
4527.887207 0.000000 1744.320923 0.000000 0.775569 0.000000 -0.631263 0.396008 0.396008 0.396008
4501.127930 0.000000 1748.711670 0.000000 0.922590 0.000000 -0.385782 0.363934 0.363934 0.363934
4501.386719 0.000000 1750.356934 0.000000 0.990623 0.000000 -0.136621 0.410470 0.410470 0.410470
4503.415527 0.000000 1746.043457 0.000000 0.999272 0.000000 -0.038145 0.402915 0.402915 0.402915
4514.604004 0.000000 1750.708740 0.000000 0.985174 0.000000 -0.171557 0.408588 0.408588 0.408588
4532.202148 0.000000 1746.346436 0.000000 0.981486 0.000000 -0.191535 0.412799 0.412799 0.412799
4502.503906 0.000000 1747.151367 0.000000 0.986079 0.000000 -0.166275 0.412762 0.412762 0.412762
4526.052246 0.000000 1747.968018 0.000000 0.857064 0.000000 -0.515211 0.441349 0.441349 0.441349
4547.405762 0.000000 1750.213013 0.000000 0.783929 0.000000 -0.620851 0.451171 0.451171 0.451171
4558.078125 0.000000 1748.297363 0.000000 0.807234 0.000000 -0.590231 0.448231 0.448231 0.448231
4556.256348 0.000000 1750.018555 0.000000 0.999710 0.000000 -0.024066 0.401839 0.401839 0.401839
4503.068359 0.000000 1755.526733 0.000000 0.785905 0.000000 -0.618347 0.221930 0.221930 0.221930
4492.251465 0.000000 1757.851685 0.000000 0.910150 0.000000 -0.414279 0.250592 0.250592 0.250592
4524.016602 0.000000 1752.764282 0.000000 0.796663 0.000000 -0.604424 0.262107 0.262107 0.262107
4493.322266 0.000000 1755.612427 0.000000 0.995768 0.000000 -0.091900 0.313484 0.313484 0.313484
4494.213379 0.000000 1752.720581 0.000000 0.975908 0.000000 -0.218182 0.300005 0.300005 0.300005
4498.265625 0.000000 1753.724243 0.000000 0.830941 0.000000 -0.556361 0.381963 0.381963 0.381963
4535.173828 0.000000 1754.063354 0.000000 0.975399 0.000000 -0.220445 0.416980 0.416980 0.416980
4528.027344 0.000000 1755.022339 0.000000 0.994579 0.000000 -0.103980 0.357829 0.357829 0.357829
4543.184082 0.000000 1765.046021 0.000000 0.900832 0.000000 -0.434168 0.430610 0.430610 0.430610
4541.943359 0.000000 1757.026367 0.000000 0.997212 0.000000 -0.074626 0.372529 0.372529 0.372529
4499.257324 0.000000 1754.288940 0.000000 0.924465 0.000000 -0.381266 0.406926 0.406926 0.406926
4523.475098 0.000000 1757.778687 0.000000 0.931044 0.000000 -0.364907 0.428070 0.428070 0.428070
4523.767090 0.000000 1756.918579 0.000000 0.864744 0.000000 -0.502213 0.439539 0.439539 0.439539
4500.914551 0.000000 1754.467651 0.000000 0.942545 0.000000 -0.334079 0.424406 0.424406 0.424406
4500.746094 0.000000 1755.553345 0.000000 0.812670 0.000000 -0.582724 0.444572 0.444572 0.444572
4515.844727 0.000000 1752.890137 0.000000 0.829383 0.000000 -0.558681 0.445286 0.445286 0.445286
4540.746582 0.000000 1758.692139 0.000000 0.993146 0.000000 -0.116879 0.408949 0.408949 0.408949
4533.589844 0.000000 1757.837646 0.000000 0.817629 0.000000 -0.575745 0.441202 0.441202 0.441202
4522.345703 0.000000 1756.325439 0.000000 0.982200 0.000000 -0.187837 0.414200 0.414200 0.414200
4514.658203 0.000000 1753.783813 0.000000 0.825130 0.000000 -0.564942 0.445864 0.445864 0.445864
4542.117188 0.000000 1763.405029 0.000000 0.992069 0.000000 -0.125691 0.409628 0.409628 0.409628
4519.543457 0.000000 1754.176636 0.000000 0.817233 0.000000 -0.576307 0.446922 0.446922 0.446922
4495.369629 0.000000 1755.978516 0.000000 0.969997 0.000000 -0.243117 0.418761 0.418761 0.418761
4544.042480 0.000000 1751.022949 0.000000 0.996164 0.000000 -0.087504 0.200820 0.200820 0.200820
4546.199219 0.000000 1758.127930 0.000000 0.907173 0.000000 -0.420759 0.217963 0.217963 0.217963
4549.937500 0.000000 1751.515503 0.000000 0.997915 0.000000 -0.064543 0.390341 0.390341 0.390341
4570.454102 0.000000 1752.029663 0.000000 0.806576 0.000000 -0.591130 0.446106 0.446106 0.446106
4550.427246 0.000000 1761.573486 0.000000 0.771034 0.000000 -0.636793 0.444810 0.444810 0.444810
4573.897949 0.000000 1752.041016 0.000000 0.997410 0.000000 -0.071920 0.405499 0.405499 0.405499
4550.565430 0.000000 1757.166870 0.000000 0.964661 0.000000 -0.263493 0.372772 0.372772 0.372772
4558.026855 0.000000 1751.703369 0.000000 0.794092 0.000000 -0.607798 0.449907 0.449907 0.449907
4548.596680 0.000000 1756.354980 0.000000 0.931083 0.000000 -0.364807 0.426011 0.426011 0.426011
4549.725586 0.000000 1753.515991 0.000000 0.999382 0.000000 -0.035145 0.402685 0.402685 0.402685
4552.278320 0.000000 1756.600586 0.000000 0.965227 0.000000 -0.261413 0.420205 0.420205 0.420205
4557.304199 0.000000 1757.286621 0.000000 0.989770 0.000000 -0.142675 0.410937 0.410937 0.410937
4856.630371 0.000000 1522.048706 0.000000 0.996518 0.000000 -0.083379 0.224096 0.224096 0.224096
4848.248535 0.000000 1522.399048 0.000000 0.722217 0.000000 -0.691667 0.351301 0.351301 0.351301
4837.249023 0.000000 1522.799316 0.000000 0.999435 0.000000 -0.033612 0.402258 0.402258 0.402258
4844.581055 0.000000 1521.434570 0.000000 0.912733 0.000000 -0.408555 0.430576 0.430576 0.430576
4836.881836 0.000000 1523.584839 0.000000 0.997876 0.000000 -0.065147 0.404378 0.404378 0.404378
4860.553711 0.000000 1525.384888 0.000000 0.918639 0.000000 -0.395099 0.431030 0.431030 0.431030
4834.059082 0.000000 1526.257568 0.000000 0.813020 0.000000 -0.582236 0.445460 0.445460 0.445460
4837.097656 0.000000 1526.696289 0.000000 0.840842 0.000000 -0.541280 0.441838 0.441838 0.441838
4835.844727 0.000000 1526.952637 0.000000 0.939686 0.000000 -0.342038 0.425535 0.425535 0.425535
4834.658203 0.000000 1527.846313 0.000000 0.866940 0.000000 -0.498413 0.438167 0.438167 0.438167
4865.706543 0.000000 1524.588623 0.000000 0.997178 0.000000 -0.075069 0.404896 0.404896 0.404896
4865.423828 0.000000 1526.512329 0.000000 0.999077 0.000000 -0.042963 0.402940 0.402940 0.402940
5035.060059 0.000000 1502.727295 0.000000 0.874335 0.000000 -0.485322 0.216374 0.216374 0.216374
5040.056641 0.000000 1519.800537 0.000000 0.899936 0.000000 -0.436023 0.371538 0.371538 0.371538
5071.476074 0.000000 1516.682251 0.000000 0.999236 0.000000 -0.039074 0.402605 0.402605 0.402605
5109.519043 0.000000 1551.703491 0.000000 0.993871 0.000000 -0.110544 0.208472 0.208472 0.208472
5081.283691 0.000000 1546.695923 0.000000 0.937833 0.000000 -0.347087 0.203363 0.203363 0.203363
5082.165527 0.000000 1533.335938 0.000000 0.886803 0.000000 -0.462147 0.229454 0.229454 0.229454
5059.050781 0.000000 1528.472412 0.000000 0.936173 0.000000 -0.351541 0.256638 0.256638 0.256638
5095.989746 0.000000 1550.982056 0.000000 0.824651 0.000000 -0.565642 0.284112 0.284112 0.284112
5079.560547 0.000000 1542.604004 0.000000 0.966124 0.000000 -0.258077 0.251237 0.251237 0.251237
5081.534668 0.000000 1534.640137 0.000000 0.953778 0.000000 -0.300512 0.269977 0.269977 0.269977
5062.753418 0.000000 1530.242798 0.000000 0.999144 0.000000 -0.041379 0.301568 0.301568 0.301568
5078.048340 0.000000 1548.191040 0.000000 0.999170 0.000000 -0.040732 0.318546 0.318546 0.318546
5065.453613 0.000000 1537.748413 0.000000 0.966442 0.000000 -0.256885 0.379754 0.379754 0.379754
5080.312988 0.000000 1528.507202 0.000000 0.724393 0.000000 -0.689387 0.334789 0.334789 0.334789
5061.937500 0.000000 1525.578003 0.000000 0.797894 0.000000 -0.602798 0.371101 0.371101 0.371101
5079.045898 0.000000 1526.712036 0.000000 0.987994 0.000000 -0.154492 0.348453 0.348453 0.348453
5102.371582 0.000000 1549.702881 0.000000 0.952444 0.000000 -0.304714 0.398474 0.398474 0.398474
5100.935547 0.000000 1546.930664 0.000000 0.787307 0.000000 -0.616561 0.411615 0.411615 0.411615
5103.123047 0.000000 1548.712036 0.000000 0.984253 0.000000 -0.176765 0.391008 0.391008 0.391008
4638.394531 0.000000 1599.608765 0.000000 0.873944 0.000000 -0.486026 0.327569 0.327569 0.327569
4658.304199 0.000000 1607.950317 0.000000 0.847360 0.000000 -0.531019 0.342354 0.342354 0.342354
4632.429199 0.000000 1605.495972 0.000000 0.971537 0.000000 -0.236887 0.373843 0.373843 0.373843
4638.161621 0.000000 1600.490234 0.000000 0.896289 0.000000 -0.443470 0.431774 0.431774 0.431774
4641.297852 0.000000 1601.653442 0.000000 0.978141 0.000000 -0.207944 0.416003 0.416003 0.416003
4667.349609 0.000000 1592.395386 0.000000 0.990851 0.000000 -0.134964 0.410342 0.410342 0.410342
4688.278320 0.000000 1595.118286 0.000000 0.999641 0.000000 -0.026802 0.223331 0.223331 0.223331
4687.446289 0.000000 1597.580566 0.000000 0.890955 0.000000 -0.454091 0.271125 0.271125 0.271125
4685.735352 0.000000 1597.230591 0.000000 0.929555 0.000000 -0.368684 0.296016 0.296016 0.296016
4678.510254 0.000000 1598.162964 0.000000 0.765165 0.000000 -0.643834 0.282500 0.282500 0.282500
4694.709473 0.000000 1601.524536 0.000000 0.823379 0.000000 -0.567492 0.362533 0.362533 0.362533
4698.370605 0.000000 1604.152222 0.000000 0.839489 0.000000 -0.543377 0.366609 0.366609 0.366609
4698.731934 0.000000 1605.155396 0.000000 0.947180 0.000000 -0.320703 0.355872 0.355872 0.355872
4678.427246 0.000000 1592.120361 0.000000 0.891186 0.000000 -0.453639 0.353125 0.353125 0.353125
4692.380859 0.000000 1603.365601 0.000000 0.934107 0.000000 -0.356992 0.368814 0.368814 0.368814
4681.038086 0.000000 1593.347046 0.000000 0.871202 0.000000 -0.490925 0.439202 0.439202 0.439202
4704.556641 0.000000 1605.251587 0.000000 0.993065 0.000000 -0.117570 0.407914 0.407914 0.407914
4681.919434 0.000000 1592.653564 0.000000 0.962072 0.000000 -0.272794 0.421107 0.421107 0.421107
4785.606934 0.000000 1612.369873 0.000000 0.713491 0.000000 -0.700664 0.376747 0.376747 0.376747
4822.404297 0.000000 1607.177856 0.000000 0.999991 0.000000 -0.004344 0.288076 0.288076 0.288076
5167.448242 0.000000 1154.195068 0.000000 0.852573 0.000000 -0.522608 0.235336 0.235336 0.235336
5168.063965 0.000000 1155.483521 0.000000 0.917482 0.000000 -0.397777 0.282071 0.282071 0.282071
5173.096191 0.000000 1154.755981 0.000000 0.945396 0.000000 -0.325924 0.272974 0.272974 0.272974
5178.093750 0.000000 1160.124390 0.000000 0.990589 0.000000 -0.136866 0.313855 0.313855 0.313855
5174.205566 0.000000 1164.900757 0.000000 0.853841 0.000000 -0.520534 0.298100 0.298100 0.298100
5173.304199 0.000000 1150.215332 0.000000 0.974285 0.000000 -0.225320 0.407168 0.407168 0.407168
5173.169434 0.000000 1151.509766 0.000000 0.995455 0.000000 -0.095229 0.399107 0.399107 0.399107
5182.648926 0.000000 1165.023438 0.000000 0.841319 0.000000 -0.540540 0.437782 0.437782 0.437782
5240.742188 0.000000 1159.581421 0.000000 0.974364 0.000000 -0.224978 0.220199 0.220199 0.220199
5199.974609 0.000000 1163.247437 0.000000 0.995828 0.000000 -0.091246 0.240166 0.240166 0.240166
5236.319336 0.000000 1157.313232 0.000000 0.999544 0.000000 -0.030184 0.292184 0.292184 0.292184
5223.319336 0.000000 1154.400269 0.000000 0.894144 0.000000 -0.447779 0.300889 0.300889 0.300889
5197.796875 0.000000 1168.700317 0.000000 0.987081 0.000000 -0.160222 0.295939 0.295939 0.295939
5241.538086 0.000000 1152.638062 0.000000 0.996727 0.000000 -0.080837 0.348689 0.348689 0.348689
5204.834473 0.000000 1152.584595 0.000000 0.874709 0.000000 -0.484649 0.355855 0.355855 0.355855
5193.671875 0.000000 1167.769653 0.000000 0.985023 0.000000 -0.172425 0.358704 0.358704 0.358704
5187.974609 0.000000 1160.361816 0.000000 0.994529 0.000000 -0.104465 0.377577 0.377577 0.377577
5197.445801 0.000000 1163.214478 0.000000 0.964647 0.000000 -0.263545 0.383780 0.383780 0.383780
5196.309082 0.000000 1163.035400 0.000000 0.991352 0.000000 -0.131228 0.376673 0.376673 0.376673
5209.470215 0.000000 1155.548462 0.000000 0.997747 0.000000 -0.067085 0.405129 0.405129 0.405129
5200.218750 0.000000 1151.305176 0.000000 0.792963 0.000000 -0.609270 0.450049 0.450049 0.450049
5188.928223 0.000000 1161.450439 0.000000 0.991921 0.000000 -0.126855 0.408765 0.408765 0.408765
5229.784668 0.000000 1163.279053 0.000000 0.999222 0.000000 -0.039431 0.402747 0.402747 0.402747
5229.771973 0.000000 1161.674316 0.000000 0.849058 0.000000 -0.528299 0.442521 0.442521 0.442521
5209.430664 0.000000 1152.166870 0.000000 0.713087 0.000000 -0.701076 0.459351 0.459351 0.459351
5222.548340 0.000000 1152.306274 0.000000 0.797445 0.000000 -0.603392 0.449484 0.449484 0.449484
5242.658203 0.000000 1158.638428 0.000000 0.803634 0.000000 -0.595124 0.448695 0.448695 0.448695
5222.583008 0.000000 1153.946289 0.000000 0.811874 0.000000 -0.583833 0.447627 0.447627 0.447627
5228.460938 0.000000 1163.903809 0.000000 0.980200 0.000000 -0.198008 0.413884 0.413884 0.413884
5194.928711 0.000000 1167.012451 0.000000 0.765621 0.000000 -0.643292 0.453384 0.453384 0.453384
5184.939453 0.000000 1158.263672 0.000000 0.855648 0.000000 -0.517557 0.439249 0.439249 0.439249
5226.470703 0.000000 1163.257080 0.000000 0.900417 0.000000 -0.435027 0.434383 0.434383 0.434383
5238.727539 0.000000 1151.369751 0.000000 0.811442 0.000000 -0.584433 0.447684 0.447684 0.447684
5202.925293 0.000000 1155.460938 0.000000 0.728340 0.000000 -0.685216 0.457482 0.457482 0.457482
5194.381348 0.000000 1168.139404 0.000000 0.932747 0.000000 -0.360532 0.428177 0.428177 0.428177
5206.807129 0.000000 1157.126465 0.000000 0.971673 0.000000 -0.236330 0.418227 0.418227 0.418227
5186.717285 0.000000 1169.976196 0.000000 0.795988 0.000000 -0.605313 0.449668 0.449668 0.449668
5238.948242 0.000000 1165.193848 0.000000 0.855821 0.000000 -0.517273 0.441533 0.441533 0.441533
5207.744141 0.000000 1157.585693 0.000000 0.956344 0.000000 -0.292244 0.422657 0.422657 0.422657
6043.131348 0.000000 2614.402344 0.000000 0.891697 0.000000 -0.452632 0.203518 0.203518 0.203518
"}
object={
	name="baobab_generator_3_3"
	clamp_to_water_level=no
	render_under_water=no
	generated_content=yes
	layer="semidynamic_high"
	pdxmesh="tree_baobab_04_mesh"
	count=173
	transform="4479.554199 0.000000 855.593567 0.000000 0.570487 0.000000 -0.821307 0.443053 0.443053 0.443053
4495.688965 0.000000 840.757507 0.000000 0.106722 0.000000 -0.994289 0.467219 0.467219 0.467219
4563.857422 0.000000 843.478149 0.000000 0.015130 0.000000 -0.999886 0.483049 0.483049 0.483049
4561.884277 0.000000 845.006348 0.000000 0.503931 0.000000 -0.863744 0.421557 0.421557 0.421557
4545.867188 0.000000 836.153198 0.000000 0.128072 0.000000 -0.991765 0.412378 0.412378 0.412378
4550.627441 0.000000 840.592529 0.000000 0.312674 0.000000 -0.949860 0.430845 0.430845 0.430845
4562.325195 0.000000 842.180420 0.000000 0.455108 0.000000 -0.890436 0.455668 0.455668 0.455668
4550.077148 0.000000 838.540894 0.000000 0.510763 0.000000 -0.859721 0.472331 0.472331 0.472331
4546.363770 0.000000 840.166565 0.000000 0.402480 0.000000 -0.915429 0.482292 0.482292 0.482292
4566.733398 0.000000 856.036743 0.000000 0.171227 0.000000 -0.985232 0.359343 0.359343 0.359343
4579.712891 0.000000 864.046082 0.000000 0.574719 0.000000 -0.818351 0.409754 0.409754 0.409754
4559.718262 0.000000 847.718933 0.000000 0.168939 0.000000 -0.985626 0.410514 0.410514 0.410514
4558.919922 0.000000 848.269653 0.000000 0.300686 0.000000 -0.953723 0.464025 0.464025 0.464025
4571.628418 0.000000 854.415283 0.000000 0.123385 0.000000 -0.992359 0.496099 0.496099 0.496099
4571.399414 0.000000 859.380676 0.000000 0.267181 0.000000 -0.963646 0.499338 0.499338 0.499338
4677.832520 0.000000 879.131287 0.000000 0.548652 0.000000 -0.836051 0.291838 0.291838 0.291838
4773.210449 0.000000 879.347229 0.000000 0.203138 0.000000 -0.979150 0.291696 0.291696 0.291696
4740.693359 0.000000 879.905945 0.000000 0.634976 0.000000 -0.772532 0.334703 0.334703 0.334703
4739.798340 0.000000 875.871704 0.000000 0.048241 0.000000 -0.998836 0.449858 0.449858 0.449858
4738.037109 0.000000 877.492126 0.000000 0.619152 0.000000 -0.785271 0.468994 0.468994 0.468994
4739.740234 0.000000 874.837830 0.000000 0.362711 0.000000 -0.931902 0.432868 0.432868 0.432868
4738.271973 0.000000 876.703796 0.000000 0.512085 0.000000 -0.858935 0.478930 0.478930 0.478930
4989.190430 0.000000 1298.078369 0.000000 0.623848 0.000000 -0.781546 0.317089 0.317089 0.317089
4950.794922 0.000000 1296.535645 0.000000 0.477815 0.000000 -0.878460 0.481943 0.481943 0.481943
4949.127930 0.000000 1296.836670 0.000000 0.198955 0.000000 -0.980009 0.399470 0.399470 0.399470
4970.594238 0.000000 1273.244751 0.000000 0.706435 0.000000 -0.707778 0.460073 0.460073 0.460073
4991.485352 0.000000 1280.691406 0.000000 0.266426 0.000000 -0.963855 0.499398 0.499398 0.499398
4970.440430 0.000000 1315.349609 0.000000 0.152880 0.000000 -0.988245 0.242101 0.242101 0.242101
4978.802734 0.000000 1300.190552 0.000000 0.666865 0.000000 -0.745179 0.464233 0.464233 0.464233
4960.800781 0.000000 1312.440063 0.000000 0.011458 0.000000 -0.999934 0.500828 0.500828 0.500828
4981.589844 0.000000 1305.962646 0.000000 0.134289 0.000000 -0.990942 0.509710 0.509710 0.509710
4982.868652 0.000000 1308.507446 0.000000 0.599510 0.000000 -0.800367 0.470887 0.470887 0.470887
4947.006836 0.000000 1312.440308 0.000000 0.270441 0.000000 -0.962736 0.496165 0.496165 0.496165
4960.637207 0.000000 1314.744629 0.000000 0.683575 0.000000 -0.729881 0.458825 0.458825 0.458825
4995.195312 0.000000 1281.868774 0.000000 0.666730 0.000000 -0.745300 0.464246 0.464246 0.464246
4146.448730 0.000000 1737.756104 0.000000 0.163318 0.000000 -0.986573 0.412402 0.412402 0.412402
4177.119629 0.000000 1742.789917 0.000000 0.018145 0.000000 -0.999835 0.447994 0.447994 0.447994
4223.416016 0.000000 1741.338257 0.000000 0.108706 0.000000 -0.994074 0.511679 0.511679 0.511679
4222.096680 0.000000 1740.348755 0.000000 0.059968 0.000000 -0.998200 0.515416 0.515416 0.515416
4187.169922 0.000000 1738.836670 0.000000 0.364780 0.000000 -0.931094 0.491475 0.491475 0.491475
4255.107910 0.000000 1731.758057 0.000000 0.381089 0.000000 -0.924538 0.490132 0.490132 0.490132
4224.240723 0.000000 1739.112305 0.000000 0.514339 0.000000 -0.857587 0.478729 0.478729 0.478729
4255.651855 0.000000 1730.040527 0.000000 0.378923 0.000000 -0.925428 0.490311 0.490311 0.490311
4502.794922 0.000000 1748.410645 0.000000 0.547577 0.000000 -0.836755 0.475732 0.475732 0.475732
4503.998047 0.000000 1749.789062 0.000000 0.229805 0.000000 -0.973237 0.502286 0.502286 0.502286
4547.720215 0.000000 1748.726318 0.000000 0.527803 0.000000 -0.849367 0.475750 0.475750 0.475750
4547.962402 0.000000 1749.654297 0.000000 0.613899 0.000000 -0.789384 0.467914 0.467914 0.467914
4538.270996 0.000000 1759.349365 0.000000 0.697996 0.000000 -0.716102 0.242771 0.242771 0.242771
4495.104980 0.000000 1753.918213 0.000000 0.462484 0.000000 -0.886628 0.325511 0.325511 0.325511
4537.981445 0.000000 1756.643188 0.000000 0.688807 0.000000 -0.724945 0.309193 0.309193 0.309193
4538.750488 0.000000 1765.503052 0.000000 0.671806 0.000000 -0.740727 0.406423 0.406423 0.406423
4541.552246 0.000000 1760.328979 0.000000 0.581465 0.000000 -0.813571 0.335490 0.335490 0.335490
4543.384277 0.000000 1766.779907 0.000000 0.646858 0.000000 -0.762610 0.402303 0.402303 0.402303
4535.309570 0.000000 1759.261108 0.000000 0.228283 0.000000 -0.973595 0.435357 0.435357 0.435357
4521.046387 0.000000 1751.340332 0.000000 0.332485 0.000000 -0.943108 0.434564 0.434564 0.434564
4523.191406 0.000000 1755.562866 0.000000 0.119665 0.000000 -0.992814 0.409472 0.409472 0.409472
4524.757812 0.000000 1760.796387 0.000000 0.627974 0.000000 -0.778235 0.459671 0.459671 0.459671
4509.897949 0.000000 1752.041016 0.000000 0.332125 0.000000 -0.943235 0.401337 0.401337 0.401337
4494.462402 0.000000 1754.657959 0.000000 0.565039 0.000000 -0.825064 0.474127 0.474127 0.474127
4525.587891 0.000000 1757.805298 0.000000 0.324059 0.000000 -0.946037 0.451166 0.451166 0.451166
4537.875977 0.000000 1765.111084 0.000000 0.217514 0.000000 -0.976057 0.503249 0.503249 0.503249
4536.811035 0.000000 1755.057861 0.000000 0.283388 0.000000 -0.959005 0.498050 0.498050 0.498050
4526.978027 0.000000 1756.608521 0.000000 0.440150 0.000000 -0.897924 0.423757 0.423757 0.423757
4533.164062 0.000000 1762.645630 0.000000 0.223900 0.000000 -0.974612 0.502749 0.502749 0.502749
4516.888184 0.000000 1755.949341 0.000000 0.267847 0.000000 -0.963462 0.496040 0.496040 0.496040
4531.154785 0.000000 1757.392334 0.000000 0.594970 0.000000 -0.803748 0.471319 0.471319 0.471319
4522.392578 0.000000 1757.785889 0.000000 0.526049 0.000000 -0.850454 0.476412 0.476412 0.476412
4542.365234 0.000000 1760.663086 0.000000 0.378329 0.000000 -0.925671 0.490360 0.490360 0.490360
4497.713867 0.000000 1754.455811 0.000000 0.555503 0.000000 -0.831515 0.470594 0.470594 0.470594
4525.705566 0.000000 1760.599121 0.000000 0.335243 0.000000 -0.942132 0.482225 0.482225 0.482225
4530.309082 0.000000 1757.478516 0.000000 0.685383 0.000000 -0.728183 0.462312 0.462312 0.462312
4531.281738 0.000000 1756.312622 0.000000 0.287719 0.000000 -0.957715 0.497705 0.497705 0.497705
4516.138672 0.000000 1755.512329 0.000000 0.219582 0.000000 -0.975594 0.499718 0.499718 0.499718
4553.693359 0.000000 1760.078369 0.000000 0.687808 0.000000 -0.725892 0.283722 0.283722 0.283722
4547.050781 0.000000 1754.409912 0.000000 0.230705 0.000000 -0.973024 0.256515 0.256515 0.256515
4555.238281 0.000000 1757.156738 0.000000 0.347772 0.000000 -0.937579 0.385087 0.385087 0.385087
4571.759277 0.000000 1753.737793 0.000000 0.660394 0.000000 -0.750919 0.461924 0.461924 0.461924
4558.462402 0.000000 1754.657959 0.000000 0.509697 0.000000 -0.860354 0.476297 0.476297 0.476297
4556.171387 0.000000 1752.337158 0.000000 0.532770 0.000000 -0.846260 0.477076 0.477076 0.477076
4549.979492 0.000000 1756.534058 0.000000 0.314833 0.000000 -0.949147 0.487103 0.487103 0.487103
4551.856445 0.000000 1759.555054 0.000000 0.223585 0.000000 -0.974684 0.502774 0.502774 0.502774
4556.502441 0.000000 1755.588745 0.000000 0.099786 0.000000 -0.995009 0.512364 0.512364 0.512364
4548.708008 0.000000 1759.842651 0.000000 0.418019 0.000000 -0.908438 0.487054 0.487054 0.487054
4549.226074 0.000000 1752.885620 0.000000 0.338176 0.000000 -0.941083 0.493646 0.493646 0.493646
4559.369629 0.000000 1755.978516 0.000000 0.408097 0.000000 -0.912939 0.484727 0.484727 0.484727
4549.415039 0.000000 1752.125000 0.000000 0.162511 0.000000 -0.986707 0.507530 0.507530 0.507530
4550.269043 0.000000 1759.728516 0.000000 0.378876 0.000000 -0.925447 0.490315 0.490315 0.490315
4556.042969 0.000000 1757.094360 0.000000 0.588591 0.000000 -0.808431 0.471924 0.471924 0.471924
4856.520020 0.000000 1524.539062 0.000000 0.338595 0.000000 -0.940932 0.450294 0.450294 0.450294
4835.494629 0.000000 1527.776611 0.000000 0.012678 0.000000 -0.999920 0.513975 0.513975 0.513975
4864.416016 0.000000 1527.581543 0.000000 0.441652 0.000000 -0.897187 0.476160 0.476160 0.476160
5037.537598 0.000000 1508.983398 0.000000 0.082972 0.000000 -0.996552 0.234519 0.234519 0.234519
5039.960449 0.000000 1511.545532 0.000000 0.152506 0.000000 -0.988302 0.342836 0.342836 0.342836
5044.695801 0.000000 1504.697388 0.000000 0.031507 0.000000 -0.999504 0.393466 0.393466 0.393466
5055.312988 0.000000 1509.868652 0.000000 0.639146 0.000000 -0.769085 0.349922 0.349922 0.349922
5054.400879 0.000000 1508.144409 0.000000 0.674876 0.000000 -0.737931 0.348209 0.348209 0.348209
5049.305176 0.000000 1519.790527 0.000000 0.014058 0.000000 -0.999901 0.432782 0.432782 0.432782
5042.309082 0.000000 1504.406250 0.000000 0.497795 0.000000 -0.867295 0.467353 0.467353 0.467353
5040.715332 0.000000 1504.934082 0.000000 0.164826 0.000000 -0.986323 0.497878 0.497878 0.497878
5078.249023 0.000000 1524.960938 0.000000 0.278687 0.000000 -0.960382 0.304606 0.304606 0.304606
5059.472656 0.000000 1509.486938 0.000000 0.555607 0.000000 -0.831445 0.447160 0.447160 0.447160
5070.654297 0.000000 1517.039795 0.000000 0.266085 0.000000 -0.963950 0.486753 0.486753 0.486753
5063.434570 0.000000 1535.821655 0.000000 0.181904 0.000000 -0.983316 0.270247 0.270247 0.270247
5096.469727 0.000000 1544.343384 0.000000 0.252911 0.000000 -0.967490 0.308209 0.308209 0.308209
5066.378418 0.000000 1536.939453 0.000000 0.456285 0.000000 -0.889834 0.263657 0.263657 0.263657
5059.916016 0.000000 1529.691162 0.000000 0.460470 0.000000 -0.887675 0.270471 0.270471 0.270471
5083.790527 0.000000 1543.831665 0.000000 0.589360 0.000000 -0.807871 0.318336 0.318336 0.318336
5090.581543 0.000000 1544.257812 0.000000 0.224731 0.000000 -0.974421 0.291219 0.291219 0.291219
5082.696777 0.000000 1544.824219 0.000000 0.653116 0.000000 -0.757258 0.338096 0.338096 0.338096
5092.191406 0.000000 1536.783081 0.000000 0.091950 0.000000 -0.995764 0.444162 0.444162 0.444162
5058.773438 0.000000 1531.119507 0.000000 0.291752 0.000000 -0.956494 0.332424 0.332424 0.332424
5079.342773 0.000000 1549.818604 0.000000 0.187082 0.000000 -0.982344 0.366613 0.366613 0.366613
5093.876953 0.000000 1548.895508 0.000000 0.667935 0.000000 -0.744219 0.426992 0.426992 0.426992
5095.998535 0.000000 1548.503906 0.000000 0.481325 0.000000 -0.876542 0.367152 0.367152 0.367152
5104.471680 0.000000 1549.879883 0.000000 0.130523 0.000000 -0.991445 0.384643 0.384643 0.384643
5076.914551 0.000000 1528.530151 0.000000 0.332827 0.000000 -0.942988 0.486393 0.486393 0.486393
5076.746094 0.000000 1529.615845 0.000000 0.596514 0.000000 -0.802603 0.465358 0.465358 0.465358
5062.234863 0.000000 1532.976318 0.000000 0.340773 0.000000 -0.940146 0.484580 0.484580 0.484580
4642.375977 0.000000 1598.005249 0.000000 0.699720 0.000000 -0.714417 0.262255 0.262255 0.262255
4662.908203 0.000000 1593.436523 0.000000 0.005961 0.000000 -0.999982 0.334694 0.334694 0.334694
4658.572266 0.000000 1606.277222 0.000000 0.218095 0.000000 -0.975928 0.371729 0.371729 0.371729
4640.682129 0.000000 1598.976807 0.000000 0.621614 0.000000 -0.783324 0.449783 0.449783 0.449783
4653.173340 0.000000 1605.456787 0.000000 0.559121 0.000000 -0.829086 0.433238 0.433238 0.433238
4699.790527 0.000000 1600.316040 0.000000 0.604383 0.000000 -0.796694 0.282096 0.282096 0.282096
4702.868164 0.000000 1602.304688 0.000000 0.625649 0.000000 -0.780105 0.415362 0.415362 0.415362
4702.762207 0.000000 1603.731079 0.000000 0.277898 0.000000 -0.960611 0.435958 0.435958 0.435958
4693.918945 0.000000 1602.467529 0.000000 0.515571 0.000000 -0.856847 0.399728 0.399728 0.399728
4694.963379 0.000000 1604.035400 0.000000 0.104731 0.000000 -0.994501 0.498444 0.498444 0.498444
4705.173340 0.000000 1605.959717 0.000000 0.438892 0.000000 -0.898540 0.474976 0.474976 0.474976
4682.015137 0.000000 1591.765015 0.000000 0.008436 0.000000 -0.999964 0.381216 0.381216 0.381216
4697.353516 0.000000 1600.520020 0.000000 0.029132 0.000000 -0.999576 0.498530 0.498530 0.498530
4694.378418 0.000000 1603.350464 0.000000 0.416467 0.000000 -0.909151 0.443952 0.443952 0.443952
4680.262207 0.000000 1592.754028 0.000000 0.595581 0.000000 -0.803295 0.471261 0.471261 0.471261
4691.198730 0.000000 1597.110962 0.000000 0.528769 0.000000 -0.848766 0.471616 0.471616 0.471616
4686.034668 0.000000 1589.358521 0.000000 0.152982 0.000000 -0.988229 0.499422 0.499422 0.499422
4694.559082 0.000000 1593.697998 0.000000 0.570975 0.000000 -0.820967 0.470209 0.470209 0.470209
5170.490723 0.000000 1152.477051 0.000000 0.249080 0.000000 -0.968483 0.237992 0.237992 0.237992
5166.203125 0.000000 1153.208862 0.000000 0.657659 0.000000 -0.753316 0.285977 0.285977 0.285977
5182.499512 0.000000 1159.076050 0.000000 0.588400 0.000000 -0.808570 0.326768 0.326768 0.326768
5180.561035 0.000000 1149.191406 0.000000 0.514764 0.000000 -0.857332 0.364203 0.364203 0.364203
5170.077148 0.000000 1158.463257 0.000000 0.657939 0.000000 -0.753071 0.465143 0.465143 0.465143
5179.312012 0.000000 1150.806519 0.000000 0.190793 0.000000 -0.981630 0.407894 0.407894 0.407894
5169.571777 0.000000 1152.091309 0.000000 0.522290 0.000000 -0.852768 0.426524 0.426524 0.426524
5174.722168 0.000000 1150.257446 0.000000 0.578964 0.000000 -0.815353 0.472830 0.472830 0.472830
5177.652832 0.000000 1150.521973 0.000000 0.422325 0.000000 -0.906445 0.486691 0.486691 0.486691
5175.541992 0.000000 1151.700439 0.000000 0.487915 0.000000 -0.872891 0.481062 0.481062 0.481062
5174.541016 0.000000 1162.501343 0.000000 0.022276 0.000000 -0.999752 0.518298 0.518298 0.518298
5226.442383 0.000000 1157.738281 0.000000 0.363747 0.000000 -0.931498 0.293795 0.293795 0.293795
5243.429199 0.000000 1155.000122 0.000000 0.271201 0.000000 -0.962523 0.288731 0.288731 0.288731
5184.850586 0.000000 1170.252197 0.000000 0.461443 0.000000 -0.887170 0.249877 0.249877 0.249877
5241.001953 0.000000 1165.119507 0.000000 0.547997 0.000000 -0.836480 0.263132 0.263132 0.263132
5185.280273 0.000000 1163.536865 0.000000 0.667453 0.000000 -0.744652 0.301847 0.301847 0.301847
5185.498535 0.000000 1157.664307 0.000000 0.429405 0.000000 -0.903112 0.373899 0.373899 0.373899
5239.424805 0.000000 1153.956665 0.000000 0.384447 0.000000 -0.923147 0.401923 0.401923 0.401923
5236.589844 0.000000 1173.106201 0.000000 0.041589 0.000000 -0.999135 0.344690 0.344690 0.344690
5239.779785 0.000000 1152.873657 0.000000 0.399064 0.000000 -0.916923 0.401200 0.401200 0.401200
5237.139160 0.000000 1169.682495 0.000000 0.201093 0.000000 -0.979572 0.446716 0.446716 0.446716
5228.519531 0.000000 1158.221924 0.000000 0.391470 0.000000 -0.920191 0.477602 0.477602 0.477602
5223.437500 0.000000 1152.315918 0.000000 0.111702 0.000000 -0.993742 0.511449 0.511449 0.511449
5195.761719 0.000000 1167.098999 0.000000 0.116709 0.000000 -0.993166 0.511064 0.511064 0.511064
5224.559570 0.000000 1156.373413 0.000000 0.327414 0.000000 -0.944881 0.494517 0.494517 0.494517
5187.472656 0.000000 1170.580688 0.000000 0.377748 0.000000 -0.925909 0.432016 0.432016 0.432016
5206.378418 0.000000 1151.475464 0.000000 0.098861 0.000000 -0.995101 0.499207 0.499207 0.499207
5205.483887 0.000000 1161.422119 0.000000 0.379383 0.000000 -0.925240 0.479357 0.479357 0.479357
5185.182129 0.000000 1167.721558 0.000000 0.632328 0.000000 -0.774701 0.460845 0.460845 0.460845
5197.502441 0.000000 1167.576904 0.000000 0.648419 0.000000 -0.761284 0.460271 0.460271 0.460271
5194.709473 0.000000 1159.175659 0.000000 0.217823 0.000000 -0.975988 0.492093 0.492093 0.492093
5227.233398 0.000000 1161.488403 0.000000 0.452493 0.000000 -0.891768 0.484128 0.484128 0.484128
5239.541992 0.000000 1151.700439 0.000000 0.384277 0.000000 -0.923218 0.489868 0.489868 0.489868
5205.558105 0.000000 1158.187622 0.000000 0.671173 0.000000 -0.741301 0.463790 0.463790 0.463790
5201.886230 0.000000 1151.193481 0.000000 0.413928 0.000000 -0.910310 0.487398 0.487398 0.487398
5238.459961 0.000000 1166.669922 0.000000 0.491961 0.000000 -0.870617 0.480707 0.480707 0.480707
5187.195312 0.000000 1168.900024 0.000000 0.517184 0.000000 -0.855874 0.478475 0.478475 0.478475
"}
