object={
	name="bush_01_generator_1_0"
	clamp_to_water_level=no
	render_under_water=no
	generated_content=yes
	layer="semidynamic_medium"
	pdxmesh="tree_bush_01_mesh"
	count=675
	transform="2275.530762 0.000000 1462.697876 0.000000 0.998347 0.000000 0.057473 0.145392 0.145392 0.145392
2270.600098 0.000000 1461.812988 0.000000 0.967476 0.000000 -0.252962 0.201628 0.201628 0.201628
2273.638184 0.000000 1458.878052 0.000000 0.983882 0.000000 -0.178820 0.201145 0.201145 0.201145
2270.662598 0.000000 1458.299805 0.000000 0.341983 0.000000 0.939706 0.192222 0.192222 0.192222
2273.210693 0.000000 1461.552246 0.000000 0.439286 0.000000 0.898347 0.192895 0.192895 0.192895
2271.860107 0.000000 1459.942871 0.000000 0.657817 0.000000 0.753178 0.194570 0.194570 0.194570
2272.219238 0.000000 1458.265015 0.000000 0.992186 0.000000 0.124764 0.199204 0.199204 0.199204
2270.239746 0.000000 1460.291138 0.000000 0.826459 0.000000 0.562996 0.196193 0.196193 0.196193
2281.423340 0.000000 1501.015991 0.000000 0.954718 0.000000 0.297512 0.190864 0.190864 0.190864
2289.916504 0.000000 1486.383789 0.000000 0.996586 0.000000 0.082562 0.187740 0.187740 0.187740
2281.764648 0.000000 1496.917969 0.000000 0.566376 0.000000 0.824147 0.175916 0.175916 0.175916
2289.158936 0.000000 1503.222168 0.000000 0.980890 0.000000 0.194562 0.133059 0.133059 0.133059
2286.165527 0.000000 1486.135986 0.000000 0.767349 0.000000 0.641230 0.195568 0.195568 0.195568
2279.131348 0.000000 1503.572876 0.000000 0.591650 0.000000 0.806195 0.194030 0.194030 0.194030
2284.193604 0.000000 1489.538330 0.000000 0.847569 0.000000 0.530685 0.175529 0.175529 0.175529
2300.341309 0.000000 1521.761597 0.000000 0.809006 0.000000 0.587801 0.155921 0.155921 0.155921
2285.452393 0.000000 1497.163574 0.000000 0.752689 0.000000 0.658377 0.195425 0.195425 0.195425
2278.985352 0.000000 1500.458130 0.000000 0.746052 0.000000 0.665887 0.195361 0.195361 0.195361
2287.774658 0.000000 1487.782349 0.000000 0.973552 0.000000 0.228466 0.198533 0.198533 0.198533
2288.749756 0.000000 1491.201416 0.000000 0.825228 0.000000 0.564800 0.148920 0.148920 0.148920
2286.967041 0.000000 1483.970581 0.000000 0.645980 0.000000 0.763354 0.143811 0.143811 0.143811
2291.339844 0.000000 1503.883057 0.000000 0.999764 0.000000 0.021723 0.199862 0.199862 0.199862
2302.298584 0.000000 1518.064453 0.000000 0.899155 0.000000 0.437630 0.161227 0.161227 0.161227
2287.143311 0.000000 1494.271240 0.000000 0.819855 0.000000 -0.572571 0.168473 0.168473 0.168473
2290.737793 0.000000 1502.091431 0.000000 0.515678 0.000000 0.856783 0.193449 0.193449 0.193449
2289.177734 0.000000 1510.207031 0.000000 0.958182 0.000000 -0.286161 0.165097 0.165097 0.165097
2280.804443 0.000000 1502.718018 0.000000 0.999850 0.000000 0.017310 0.190931 0.190931 0.190931
2283.434082 0.000000 1497.683838 0.000000 0.901787 0.000000 0.432181 0.191632 0.191632 0.191632
2281.028320 0.000000 1495.300537 0.000000 0.982678 0.000000 0.185323 0.198813 0.198813 0.198813
2285.746338 0.000000 1488.729736 0.000000 0.971704 0.000000 0.236203 0.177355 0.177355 0.177355
2278.210205 0.000000 1502.093628 0.000000 0.851951 0.000000 -0.523621 0.203508 0.203508 0.203508
2289.404785 0.000000 1488.051880 0.000000 0.220305 0.000000 0.975431 0.181227 0.181227 0.181227
2280.266113 0.000000 1497.357178 0.000000 0.964326 0.000000 0.264718 0.179965 0.179965 0.179965
2291.137939 0.000000 1500.605957 0.000000 0.595298 0.000000 0.803505 0.189167 0.189167 0.189167
2280.307861 0.000000 1500.186279 0.000000 0.990738 0.000000 -0.135788 0.193553 0.193553 0.193553
2286.218506 0.000000 1487.470215 0.000000 0.932353 0.000000 -0.361549 0.202355 0.202355 0.202355
2282.334229 0.000000 1495.687378 0.000000 0.561530 0.000000 0.827456 0.193796 0.193796 0.193796
2285.009277 0.000000 1495.755005 0.000000 0.956500 0.000000 -0.291733 0.201885 0.201885 0.201885
2290.367676 0.000000 1503.222778 0.000000 0.695599 0.000000 0.718430 0.194897 0.194897 0.194897
2279.327881 0.000000 1502.438721 0.000000 0.999120 0.000000 0.041940 0.199733 0.199733 0.199733
2284.375000 0.000000 1496.878418 0.000000 0.713400 0.000000 0.700757 0.195057 0.195057 0.195057
2307.856934 0.000000 1518.665649 0.000000 0.239793 0.000000 0.970824 0.191542 0.191542 0.191542
2304.226318 0.000000 1519.910767 0.000000 0.927838 0.000000 0.372983 0.197567 0.197567 0.197567
2351.961914 0.000000 1523.853638 0.000000 0.904690 0.000000 -0.426071 0.189168 0.189168 0.189168
2356.503418 0.000000 1523.011353 0.000000 0.330309 0.000000 0.943873 0.159312 0.159312 0.159312
2305.799072 0.000000 1518.532837 0.000000 0.350533 0.000000 0.936550 0.192280 0.192280 0.192280
2350.877930 0.000000 1522.017212 0.000000 0.982640 0.000000 0.185521 0.185447 0.185447 0.185447
2306.838379 0.000000 1519.892090 0.000000 0.390040 0.000000 0.920798 0.192551 0.192551 0.192551
2304.314209 0.000000 1518.335815 0.000000 0.376480 0.000000 0.926425 0.192457 0.192457 0.192457
2305.707275 0.000000 1517.097656 0.000000 0.393806 0.000000 0.919193 0.192577 0.192577 0.192577
2348.112549 0.000000 1522.648193 0.000000 0.599868 0.000000 0.800099 0.194096 0.194096 0.194096
2346.991455 0.000000 1523.972656 0.000000 0.930254 0.000000 0.366915 0.185984 0.185984 0.185984
2307.320312 0.000000 1517.381836 0.000000 0.903327 0.000000 0.428953 0.197178 0.197178 0.197178
2305.456787 0.000000 1519.710693 0.000000 0.073209 0.000000 0.997317 0.190466 0.190466 0.190466
2348.170898 0.000000 1523.857666 0.000000 0.996300 0.000000 0.085940 0.199452 0.199452 0.199452
2306.845215 0.000000 1518.337769 0.000000 0.270329 0.000000 0.962768 0.191743 0.191743 0.191743
2377.306152 0.000000 1494.268311 0.000000 0.630760 0.000000 0.775978 0.144262 0.144262 0.144262
2348.378174 0.000000 1525.574341 0.000000 0.426824 0.000000 0.904335 0.177145 0.177145 0.177145
2388.950195 0.000000 1534.247314 0.000000 0.085481 0.000000 0.996340 0.190545 0.190545 0.190545
2426.134033 0.000000 1552.542603 0.000000 0.998592 0.000000 -0.053046 0.151516 0.151516 0.151516
2424.634766 0.000000 1560.866699 0.000000 0.842140 0.000000 -0.539259 0.163129 0.163129 0.163129
2431.097656 0.000000 1564.467285 0.000000 0.907353 0.000000 -0.420370 0.202762 0.202762 0.202762
2393.550537 0.000000 1536.679565 0.000000 0.796589 0.000000 0.604521 0.141551 0.141551 0.141551
2429.935791 0.000000 1555.108154 0.000000 0.982975 0.000000 -0.183740 0.140880 0.140880 0.140880
2417.158936 0.000000 1559.706543 0.000000 0.543733 0.000000 0.839258 0.187693 0.187693 0.187693
2404.675781 0.000000 1557.920166 0.000000 0.765050 0.000000 0.643971 0.195546 0.195546 0.195546
2424.579102 0.000000 1574.240479 0.000000 0.866739 0.000000 -0.498762 0.169152 0.169152 0.169152
2428.718994 0.000000 1566.309570 0.000000 0.999211 0.000000 -0.039709 0.183425 0.183425 0.183425
2427.206543 0.000000 1555.058838 0.000000 0.645626 0.000000 0.763654 0.194468 0.194468 0.194468
2390.908936 0.000000 1536.078003 0.000000 0.856336 0.000000 -0.516419 0.155583 0.155583 0.155583
2402.441895 0.000000 1559.041504 0.000000 0.995906 0.000000 -0.090394 0.173608 0.173608 0.173608
2425.397217 0.000000 1563.228394 0.000000 0.854749 0.000000 0.519041 0.173405 0.173405 0.173405
2419.339844 0.000000 1560.367432 0.000000 0.899182 0.000000 -0.437574 0.202883 0.202883 0.202883
2424.713623 0.000000 1554.501099 0.000000 0.497362 0.000000 0.867543 0.142955 0.142955 0.142955
2422.447266 0.000000 1574.287598 0.000000 0.152043 0.000000 0.988374 0.169574 0.169574 0.169574
2429.048584 0.000000 1564.343506 0.000000 0.086194 0.000000 0.996278 0.159058 0.159058 0.159058
2387.108398 0.000000 1535.055298 0.000000 0.948756 0.000000 0.316009 0.197953 0.197953 0.197953
2405.990723 0.000000 1561.715454 0.000000 0.409889 0.000000 0.912135 0.192689 0.192689 0.192689
2418.737793 0.000000 1558.575806 0.000000 0.999349 0.000000 0.036075 0.171232 0.171232 0.171232
2404.653564 0.000000 1563.343018 0.000000 0.926758 0.000000 -0.375658 0.202452 0.202452 0.202452
2425.560059 0.000000 1575.722168 0.000000 0.993541 0.000000 -0.113471 0.166989 0.166989 0.166989
2387.362549 0.000000 1533.389771 0.000000 0.915270 0.000000 -0.402842 0.202640 0.202640 0.202640
2424.254883 0.000000 1572.460449 0.000000 0.999993 0.000000 0.003740 0.170848 0.170848 0.170848
2390.760498 0.000000 1534.282593 0.000000 0.250148 0.000000 0.968208 0.191610 0.191610 0.191610
2392.543945 0.000000 1535.255615 0.000000 0.783304 0.000000 0.621638 0.173251 0.173251 0.173251
2416.299561 0.000000 1561.224609 0.000000 0.216816 0.000000 0.976212 0.191391 0.191391 0.191391
2418.026855 0.000000 1561.162354 0.000000 0.954364 0.000000 -0.298646 0.201931 0.201931 0.201931
2420.391602 0.000000 1561.533203 0.000000 0.425809 0.000000 0.904813 0.173898 0.173898 0.173898
2389.329346 0.000000 1535.702515 0.000000 0.952440 0.000000 0.304725 0.198029 0.198029 0.198029
2430.039307 0.000000 1565.538452 0.000000 0.938822 0.000000 -0.344404 0.202238 0.202238 0.202238
2402.905762 0.000000 1560.459106 0.000000 0.690960 0.000000 0.722893 0.188306 0.188306 0.188306
2384.743896 0.000000 1534.672852 0.000000 0.054763 0.000000 0.998499 0.190349 0.190349 0.190349
2426.078369 0.000000 1554.350830 0.000000 0.997047 0.000000 0.076788 0.199511 0.199511 0.199511
2402.794678 0.000000 1561.985962 0.000000 0.621298 0.000000 0.783574 0.187738 0.187738 0.187738
2405.939209 0.000000 1560.479370 0.000000 0.739829 0.000000 0.672795 0.195302 0.195302 0.195302
2386.279053 0.000000 1532.552612 0.000000 0.780348 0.000000 0.625346 0.195699 0.195699 0.195699
2405.766602 0.000000 1562.885010 0.000000 0.332041 0.000000 0.943265 0.192155 0.192155 0.192155
2388.123047 0.000000 1535.620239 0.000000 0.040175 0.000000 0.999193 0.190256 0.190256 0.190256
2431.198486 0.000000 1565.590454 0.000000 0.966129 0.000000 0.258058 0.198338 0.198338 0.198338
2386.396729 0.000000 1535.901245 0.000000 0.140877 0.000000 0.990027 0.190900 0.190900 0.190900
2391.498779 0.000000 1535.086426 0.000000 0.929597 0.000000 -0.368578 0.202403 0.202403 0.202403
2405.083252 0.000000 1561.107544 0.000000 0.941547 0.000000 0.336881 0.197813 0.197813 0.197813
2437.003174 0.000000 1561.206177 0.000000 0.151916 0.000000 0.988393 0.164759 0.164759 0.164759
2432.073242 0.000000 1563.639648 0.000000 0.699406 0.000000 0.714725 0.136506 0.136506 0.136506
2443.714111 0.000000 1563.081299 0.000000 0.997471 0.000000 0.071077 0.167687 0.167687 0.167687
2438.067139 0.000000 1558.213623 0.000000 0.881805 0.000000 0.471615 0.196873 0.196873 0.196873
2441.975098 0.000000 1562.590210 0.000000 0.373849 0.000000 0.927490 0.161714 0.161714 0.161714
2440.168701 0.000000 1560.853760 0.000000 0.818136 0.000000 -0.575024 0.203900 0.203900 0.203900
2432.096924 0.000000 1565.115601 0.000000 0.029965 0.000000 0.999551 0.190191 0.190191 0.190191
2433.161133 0.000000 1564.358276 0.000000 0.994672 0.000000 0.103094 0.199343 0.199343 0.199343
1571.530884 0.000000 2366.447998 0.000000 0.180710 0.000000 0.983536 0.163313 0.163313 0.163313
1590.872192 0.000000 2362.193848 0.000000 0.898310 0.000000 -0.439363 0.202896 0.202896 0.202896
1587.720459 0.000000 2353.731201 0.000000 0.980041 0.000000 -0.198794 0.138129 0.138129 0.138129
1599.097656 0.000000 2355.248535 0.000000 0.886665 0.000000 -0.462413 0.203060 0.203060 0.203060
1585.044556 0.000000 2364.543213 0.000000 0.876339 0.000000 -0.481694 0.128636 0.128636 0.128636
1598.112061 0.000000 2359.778076 0.000000 0.838564 0.000000 0.544802 0.182583 0.182583 0.182583
1584.763550 0.000000 2355.665771 0.000000 0.578360 0.000000 0.815782 0.193926 0.193926 0.193926
1588.391968 0.000000 2364.246094 0.000000 0.443493 0.000000 0.896278 0.136183 0.136183 0.136183
1568.693359 0.000000 2367.847656 0.000000 0.850720 0.000000 -0.525618 0.168748 0.168748 0.168748
1591.879395 0.000000 2359.054199 0.000000 0.999889 0.000000 0.014902 0.199905 0.199905 0.199905
1572.100952 0.000000 2363.720703 0.000000 0.658562 0.000000 0.752526 0.134078 0.134078 0.134078
1598.888184 0.000000 2352.484375 0.000000 0.942465 0.000000 -0.334304 0.202170 0.202170 0.202170
1582.584106 0.000000 2364.639893 0.000000 0.980808 0.000000 0.194977 0.198751 0.198751 0.198751
1590.447144 0.000000 2365.068848 0.000000 0.927280 0.000000 0.374368 0.197557 0.197557 0.197557
1576.273193 0.000000 2366.074951 0.000000 0.994512 0.000000 -0.104620 0.200667 0.200667 0.200667
1588.752563 0.000000 2362.256592 0.000000 0.853810 0.000000 -0.520585 0.203486 0.203486 0.203486
1597.048584 0.000000 2355.124756 0.000000 0.158950 0.000000 0.987287 0.191016 0.191016 0.191016
1589.193481 0.000000 2355.194336 0.000000 0.415295 0.000000 0.909687 0.177071 0.177071 0.177071
1584.736572 0.000000 2362.546143 0.000000 0.997133 0.000000 0.075672 0.199518 0.199518 0.199518
1599.474121 0.000000 2361.083740 0.000000 0.875158 0.000000 0.483838 0.196785 0.196785 0.196785
1578.572388 0.000000 2365.438232 0.000000 0.993911 0.000000 0.110189 0.175850 0.175850 0.175850
1586.704468 0.000000 2363.783447 0.000000 0.980624 0.000000 -0.195902 0.201255 0.201255 0.201255
1586.333252 0.000000 2354.795898 0.000000 0.852710 0.000000 0.522384 0.196501 0.196501 0.196501
1587.333496 0.000000 2360.267090 0.000000 0.837753 0.000000 -0.546050 0.203677 0.203677 0.203677
1570.384521 0.000000 2364.129150 0.000000 0.993762 0.000000 -0.111520 0.200711 0.200711 0.200711
1590.213257 0.000000 2358.864746 0.000000 0.293826 0.000000 0.955859 0.191899 0.191899 0.191899
1589.912964 0.000000 2363.533447 0.000000 0.992492 0.000000 0.122308 0.199219 0.199219 0.199219
1583.452637 0.000000 2365.838623 0.000000 0.881768 0.000000 -0.471683 0.203127 0.203127 0.203127
1598.782349 0.000000 2353.879395 0.000000 0.881066 0.000000 -0.472994 0.203137 0.203137 0.203137
1576.031860 0.000000 2367.409912 0.000000 0.975117 0.000000 -0.221690 0.201423 0.201423 0.201423
1591.150269 0.000000 2363.942139 0.000000 0.656272 0.000000 0.754525 0.194557 0.194557 0.194557
1587.604858 0.000000 2362.818848 0.000000 0.725537 0.000000 0.688183 0.195168 0.195168 0.195168
1596.154541 0.000000 2355.959229 0.000000 0.615732 0.000000 0.787956 0.194223 0.194223 0.194223
1584.565063 0.000000 2354.422363 0.000000 0.185869 0.000000 0.982575 0.191190 0.191190 0.191190
1587.779053 0.000000 2361.439941 0.000000 0.912383 0.000000 0.409337 0.197315 0.197315 0.197315
1587.655518 0.000000 2355.052246 0.000000 0.798249 0.000000 0.602327 0.195885 0.195885 0.195885
1579.135864 0.000000 2347.482422 0.000000 0.127706 0.000000 0.991812 0.190815 0.190815 0.190815
1585.885254 0.000000 2362.880127 0.000000 0.350880 0.000000 0.936420 0.192282 0.192282 0.192282
1591.149902 0.000000 2365.957275 0.000000 0.148609 0.000000 0.988896 0.190950 0.190950 0.190950
1570.307007 0.000000 2365.643066 0.000000 0.963329 0.000000 0.268323 0.198271 0.198271 0.198271
1596.028442 0.000000 2354.642578 0.000000 0.615995 0.000000 0.787750 0.194225 0.194225 0.194225
1577.134033 0.000000 2367.798828 0.000000 0.524241 0.000000 0.851570 0.193513 0.193513 0.193513
1597.774048 0.000000 2354.288818 0.000000 0.663087 0.000000 0.748542 0.194615 0.194615 0.194615
1633.639404 0.000000 2345.896973 0.000000 0.314409 0.000000 0.949287 0.192036 0.192036 0.192036
1603.716309 0.000000 2356.965576 0.000000 0.636476 0.000000 0.771297 0.132862 0.132862 0.132862
1604.956909 0.000000 2362.026367 0.000000 0.742289 0.000000 0.670080 0.130217 0.130217 0.130217
1609.424194 0.000000 2343.733154 0.000000 0.831891 0.000000 0.554939 0.167669 0.167669 0.167669
1618.408936 0.000000 2344.268799 0.000000 0.998065 0.000000 -0.062172 0.200396 0.200396 0.200396
1603.856934 0.000000 2365.931396 0.000000 0.208204 0.000000 0.978086 0.181152 0.181152 0.181152
1610.748779 0.000000 2358.052246 0.000000 0.264790 0.000000 0.964306 0.189558 0.189558 0.189558
1606.656738 0.000000 2364.677246 0.000000 0.338453 0.000000 0.940983 0.174970 0.174970 0.174970
1607.173218 0.000000 2345.066162 0.000000 0.989743 0.000000 -0.142861 0.200913 0.200913 0.200913
1627.115234 0.000000 2345.143066 0.000000 0.829954 0.000000 -0.557832 0.147831 0.147831 0.147831
1607.626831 0.000000 2362.209717 0.000000 0.977508 0.000000 -0.210901 0.201353 0.201353 0.201353
1602.854492 0.000000 2363.406250 0.000000 0.777253 0.000000 0.629188 0.140859 0.140859 0.140859
1601.116211 0.000000 2352.358643 0.000000 0.852546 0.000000 -0.522652 0.160749 0.160749 0.160749
1607.561523 0.000000 2366.833252 0.000000 0.505058 0.000000 0.863085 0.146247 0.146247 0.146247
1618.130249 0.000000 2360.952637 0.000000 0.871282 0.000000 0.490784 0.196734 0.196734 0.196734
1609.114258 0.000000 2345.973145 0.000000 0.908994 0.000000 -0.416809 0.176614 0.176614 0.176614
1632.249146 0.000000 2344.235107 0.000000 0.740199 0.000000 0.672388 0.195305 0.195305 0.195305
1615.977173 0.000000 2364.926514 0.000000 0.948286 0.000000 0.317417 0.197944 0.197944 0.197944
1611.577515 0.000000 2359.880615 0.000000 0.424074 0.000000 0.905628 0.190628 0.190628 0.190628
1604.837402 0.000000 2364.099121 0.000000 0.524688 0.000000 0.851295 0.153946 0.153946 0.153946
1605.526245 0.000000 2356.925293 0.000000 0.659458 0.000000 0.751742 0.178778 0.178778 0.178778
1606.216797 0.000000 2363.091309 0.000000 0.993632 0.000000 -0.112676 0.200719 0.200719 0.200719
1634.717041 0.000000 2341.222412 0.000000 0.863801 0.000000 -0.503833 0.174880 0.174880 0.174880
1623.874878 0.000000 2347.935059 0.000000 0.572490 0.000000 0.819911 0.193880 0.193880 0.193880
1607.451538 0.000000 2363.577148 0.000000 0.285691 0.000000 0.958322 0.191844 0.191844 0.191844
1617.638672 0.000000 2357.157715 0.000000 0.055680 0.000000 0.998449 0.190355 0.190355 0.190355
1610.229004 0.000000 2360.127197 0.000000 0.063857 0.000000 0.997959 0.190407 0.190407 0.190407
1616.442261 0.000000 2356.666992 0.000000 0.522937 0.000000 0.852371 0.193503 0.193503 0.193503
1743.876343 0.000000 2380.791992 0.000000 0.819622 0.000000 0.572905 0.196116 0.196116 0.196116
2857.927490 0.000000 3433.795654 0.000000 0.102199 0.000000 0.994764 0.184777 0.184777 0.184777
2875.742432 0.000000 3426.739502 0.000000 0.933714 0.000000 0.358019 0.155035 0.155035 0.155035
2867.473145 0.000000 3429.440430 0.000000 0.994227 0.000000 0.107300 0.141810 0.141810 0.141810
2873.397217 0.000000 3427.212891 0.000000 0.048629 0.000000 0.998817 0.167387 0.167387 0.167387
2856.666260 0.000000 3435.385010 0.000000 0.970274 0.000000 0.242008 0.177321 0.177321 0.177321
2856.504639 0.000000 3432.456055 0.000000 0.021849 0.000000 0.999761 0.184280 0.184280 0.184280
2877.407227 0.000000 3426.446045 0.000000 0.206958 0.000000 0.978350 0.163995 0.163995 0.163995
2856.255371 0.000000 3433.949219 0.000000 0.603080 0.000000 0.797681 0.188140 0.188140 0.188140
2930.281250 0.000000 3432.131592 0.000000 0.545442 0.000000 0.838148 0.140508 0.140508 0.140508
2880.290283 0.000000 3423.427734 0.000000 0.615105 0.000000 0.788445 0.171913 0.171913 0.171913
2903.132568 0.000000 3427.011230 0.000000 0.802839 0.000000 0.596196 0.161357 0.161357 0.161357
2900.371582 0.000000 3425.600586 0.000000 0.227172 0.000000 0.973855 0.191459 0.191459 0.191459
2864.749756 0.000000 3468.154541 0.000000 0.374345 0.000000 0.927289 0.143389 0.143389 0.143389
2873.789062 0.000000 3464.908691 0.000000 0.858201 0.000000 -0.513313 0.198303 0.198303 0.198303
2871.633301 0.000000 3464.264648 0.000000 0.886043 0.000000 -0.463603 0.190555 0.190555 0.190555
2867.356445 0.000000 3467.722168 0.000000 0.996934 0.000000 -0.078251 0.171856 0.171856 0.171856
2924.186279 0.000000 3493.255127 0.000000 0.840672 0.000000 -0.541545 0.134621 0.134621 0.134621
2887.651123 0.000000 3463.034180 0.000000 0.999853 0.000000 -0.017164 0.186096 0.186096 0.186096
2934.496338 0.000000 3474.855713 0.000000 0.982319 0.000000 -0.187214 0.169638 0.169638 0.169638
2939.279297 0.000000 3470.748291 0.000000 0.993849 0.000000 0.110745 0.171381 0.171381 0.171381
2908.903564 0.000000 3452.168213 0.000000 0.414265 0.000000 0.910156 0.159790 0.159790 0.159790
2889.291260 0.000000 3462.340088 0.000000 0.985984 0.000000 0.166839 0.198933 0.198933 0.198933
2936.776367 0.000000 3472.390137 0.000000 0.387330 0.000000 0.921941 0.192532 0.192532 0.192532
2937.029053 0.000000 3473.695068 0.000000 0.213032 0.000000 0.977045 0.191367 0.191367 0.191367
2923.740479 0.000000 3494.478760 0.000000 0.922462 0.000000 0.386087 0.190839 0.190839 0.190839
2946.892334 0.000000 3427.263672 0.000000 0.916741 0.000000 0.399483 0.171951 0.171951 0.171951
4832.264648 0.000000 1433.977905 0.000000 0.997805 0.000000 -0.066225 0.194246 0.194246 0.194246
4830.773926 0.000000 1428.581055 0.000000 0.526334 0.000000 0.850278 0.149619 0.149619 0.149619
4826.661621 0.000000 1433.546997 0.000000 0.041621 0.000000 0.999133 0.190265 0.190265 0.190265
4862.127441 0.000000 1429.549316 0.000000 0.815544 0.000000 0.578696 0.129616 0.129616 0.129616
4842.157715 0.000000 1434.945679 0.000000 0.056850 0.000000 0.998383 0.137573 0.137573 0.137573
4829.234863 0.000000 1435.818115 0.000000 0.933538 0.000000 -0.358479 0.171162 0.171162 0.171162
4829.587891 0.000000 1431.777100 0.000000 0.879258 0.000000 -0.476346 0.200315 0.200315 0.200315
4850.335449 0.000000 1433.002441 0.000000 0.123754 0.000000 0.992313 0.179567 0.179567 0.179567
4843.534668 0.000000 1428.099121 0.000000 0.379930 0.000000 0.925015 0.131556 0.131556 0.131556
4838.386719 0.000000 1434.457520 0.000000 0.851541 0.000000 0.524288 0.176122 0.176122 0.176122
4851.409180 0.000000 1437.595581 0.000000 0.208319 0.000000 0.978061 0.191336 0.191336 0.191336
4826.002441 0.000000 1426.144775 0.000000 0.259448 0.000000 0.965757 0.168048 0.168048 0.168048
4824.755859 0.000000 1431.458618 0.000000 0.719332 0.000000 0.694667 0.195111 0.195111 0.195111
4856.956055 0.000000 1437.525146 0.000000 0.957377 0.000000 -0.288842 0.174724 0.174724 0.174724
4828.897949 0.000000 1433.748291 0.000000 0.755536 0.000000 0.655107 0.180670 0.180670 0.180670
4854.093750 0.000000 1436.376709 0.000000 0.994962 0.000000 0.100254 0.199361 0.199361 0.199361
4840.327148 0.000000 1434.381226 0.000000 0.937009 0.000000 0.349306 0.189974 0.189974 0.189974
4841.028320 0.000000 1438.816162 0.000000 0.983593 0.000000 -0.180404 0.162840 0.162840 0.162840
4824.050781 0.000000 1429.822388 0.000000 0.838191 0.000000 0.545377 0.196328 0.196328 0.196328
4827.871582 0.000000 1432.176880 0.000000 0.877003 0.000000 -0.480484 0.203191 0.203191 0.203191
4831.070801 0.000000 1432.766602 0.000000 0.861950 0.000000 0.506993 0.171832 0.171832 0.171832
4823.098145 0.000000 1431.123779 0.000000 0.576445 0.000000 0.817136 0.190652 0.190652 0.190652
4826.288574 0.000000 1431.942139 0.000000 0.297601 0.000000 0.954690 0.191924 0.191924 0.191924
4825.591309 0.000000 1430.091187 0.000000 0.745811 0.000000 0.666157 0.195359 0.195359 0.195359
4839.139160 0.000000 1435.837036 0.000000 0.991908 0.000000 -0.126958 0.179998 0.179998 0.179998
4827.479980 0.000000 1426.468384 0.000000 0.911258 0.000000 0.411836 0.172981 0.172981 0.172981
4826.442871 0.000000 1427.594482 0.000000 0.945904 0.000000 0.324447 0.173506 0.173506 0.173506
4828.418945 0.000000 1430.995850 0.000000 0.998179 0.000000 0.060325 0.196820 0.196820 0.196820
4824.008789 0.000000 1432.519409 0.000000 0.961889 0.000000 0.273442 0.197682 0.197682 0.197682
4850.147461 0.000000 1437.182007 0.000000 0.987872 0.000000 0.155273 0.199007 0.199007 0.199007
4851.659180 0.000000 1436.225464 0.000000 0.977659 0.000000 0.210197 0.198652 0.198652 0.198652
4824.133789 0.000000 1428.574707 0.000000 0.991413 0.000000 -0.130768 0.200835 0.200835 0.200835
4866.164551 0.000000 1431.480957 0.000000 0.900431 0.000000 -0.434999 0.182408 0.182408 0.182408
4880.764160 0.000000 1428.061401 0.000000 0.815008 0.000000 -0.579449 0.182799 0.182799 0.182799
4927.940430 0.000000 1431.558838 0.000000 0.999998 0.000000 0.001822 0.156854 0.156854 0.156854
4881.241211 0.000000 1429.740723 0.000000 0.974183 0.000000 0.225762 0.177972 0.177972 0.177972
4867.098633 0.000000 1430.233398 0.000000 0.515728 0.000000 0.856752 0.173942 0.173942 0.173942
4969.423340 0.000000 1444.531616 0.000000 0.576999 0.000000 0.816745 0.193916 0.193916 0.193916
4964.675781 0.000000 1444.951416 0.000000 0.411432 0.000000 0.911440 0.148978 0.148978 0.148978
4973.452148 0.000000 1440.679199 0.000000 0.999857 0.000000 -0.016932 0.184974 0.184974 0.184974
4942.324707 0.000000 1435.997314 0.000000 0.805381 0.000000 0.592758 0.148206 0.148206 0.148206
4962.989746 0.000000 1444.323730 0.000000 0.140965 0.000000 0.990015 0.190900 0.190900 0.190900
4928.520996 0.000000 1431.879395 0.000000 0.026870 0.000000 0.999639 0.157144 0.157144 0.157144
4966.209961 0.000000 1445.609253 0.000000 0.924628 0.000000 -0.380871 0.202488 0.202488 0.202488
4973.740723 0.000000 1442.318604 0.000000 0.999981 0.000000 -0.006141 0.200039 0.200039 0.200039
4952.535645 0.000000 1447.152954 0.000000 0.820341 0.000000 0.571875 0.192828 0.192828 0.192828
4967.991211 0.000000 1445.000977 0.000000 0.997321 0.000000 -0.073155 0.200466 0.200466 0.200466
4967.327637 0.000000 1445.954346 0.000000 0.914907 0.000000 0.403665 0.197355 0.197355 0.197355
4963.633789 0.000000 1445.183228 0.000000 0.416203 0.000000 0.909272 0.192733 0.192733 0.192733
5008.913574 0.000000 1444.679443 0.000000 0.984048 0.000000 0.177902 0.135359 0.135359 0.135359
5001.424316 0.000000 1439.983154 0.000000 0.900260 0.000000 -0.435352 0.139791 0.139791 0.139791
5003.937012 0.000000 1444.878784 0.000000 0.999972 0.000000 -0.007488 0.175392 0.175392 0.175392
5003.443359 0.000000 1442.096436 0.000000 0.794354 0.000000 0.607455 0.176643 0.176643 0.176643
5002.324219 0.000000 1443.602783 0.000000 0.054009 0.000000 0.998540 0.171683 0.171683 0.171683
4994.917480 0.000000 1445.538818 0.000000 0.475698 0.000000 0.879609 0.178007 0.178007 0.178007
5002.271484 0.000000 1441.211182 0.000000 0.028318 0.000000 0.999599 0.190180 0.190180 0.190180
7292.718750 0.000000 662.559570 0.000000 0.925370 0.000000 0.379064 0.142749 0.142749 0.142749
7293.048828 0.000000 660.593445 0.000000 0.975055 0.000000 0.221964 0.198575 0.198575 0.198575
7289.390625 0.000000 663.735291 0.000000 0.925291 0.000000 0.379257 0.164326 0.164326 0.164326
7354.133789 0.000000 648.792603 0.000000 0.995245 0.000000 -0.097407 0.147797 0.147797 0.147797
7322.661621 0.000000 642.765808 0.000000 0.958797 0.000000 -0.284093 0.128902 0.128902 0.128902
7327.949707 0.000000 655.584106 0.000000 0.789188 0.000000 0.614152 0.178789 0.178789 0.178789
7309.646484 0.000000 662.074341 0.000000 0.997528 0.000000 0.070266 0.167132 0.167132 0.167132
7296.390625 0.000000 664.878235 0.000000 0.505750 0.000000 0.862680 0.160334 0.160334 0.160334
7355.875488 0.000000 635.534363 0.000000 0.997983 0.000000 0.063485 0.199596 0.199596 0.199596
7325.234863 0.000000 645.036926 0.000000 0.999752 0.000000 -0.022289 0.157535 0.157535 0.157535
7350.496094 0.000000 650.637024 0.000000 0.103291 0.000000 0.994651 0.184784 0.184784 0.184784
7322.132812 0.000000 655.779968 0.000000 0.941800 0.000000 -0.336174 0.192555 0.192555 0.192555
7346.278320 0.000000 652.037048 0.000000 0.979893 0.000000 0.199526 0.163096 0.163096 0.163096
7325.260254 0.000000 655.597351 0.000000 0.997235 0.000000 0.074308 0.190025 0.190025 0.190025
7322.616211 0.000000 645.410522 0.000000 0.608862 0.000000 0.793276 0.164254 0.164254 0.164254
7359.940430 0.000000 640.777588 0.000000 0.895682 0.000000 0.444696 0.172226 0.172226 0.172226
7304.162109 0.000000 641.048950 0.000000 0.037140 0.000000 0.999310 0.190236 0.190236 0.190236
7352.713379 0.000000 650.751099 0.000000 0.070280 0.000000 0.997527 0.185647 0.185647 0.185647
7325.381836 0.000000 651.923401 0.000000 0.855414 0.000000 0.517945 0.162402 0.162402 0.162402
7323.789062 0.000000 656.507812 0.000000 0.790307 0.000000 0.612711 0.164539 0.164539 0.164539
7308.416504 0.000000 663.246094 0.000000 0.270508 0.000000 0.962718 0.160592 0.160592 0.160592
7323.994141 0.000000 646.361389 0.000000 0.902568 0.000000 0.430548 0.187778 0.187778 0.187778
7323.663086 0.000000 644.123779 0.000000 0.532478 0.000000 0.846444 0.163752 0.163752 0.163752
7320.535645 0.000000 656.371704 0.000000 0.958971 0.000000 -0.283504 0.200699 0.200699 0.200699
7318.663086 0.000000 656.219360 0.000000 0.973377 0.000000 0.229210 0.198528 0.198528 0.198528
7358.777344 0.000000 641.756287 0.000000 0.183047 0.000000 0.983104 0.167075 0.167075 0.167075
7318.083008 0.000000 657.770264 0.000000 0.941328 0.000000 0.337493 0.197808 0.197808 0.197808
7354.513184 0.000000 635.024536 0.000000 0.010959 0.000000 0.999940 0.190070 0.190070 0.190070
7318.136230 0.000000 654.906738 0.000000 0.405020 0.000000 0.914308 0.192655 0.192655 0.192655
7321.071777 0.000000 654.692139 0.000000 0.896192 0.000000 0.443667 0.197074 0.197074 0.197074
7305.029297 0.000000 641.930420 0.000000 0.901582 0.000000 0.432608 0.197152 0.197152 0.197152
7358.343750 0.000000 642.932495 0.000000 0.930560 0.000000 0.366141 0.197614 0.197614 0.197614
7374.189453 0.000000 657.771851 0.000000 0.647378 0.000000 0.762169 0.137282 0.137282 0.137282
7362.164551 0.000000 640.699646 0.000000 0.883518 0.000000 0.468397 0.196897 0.196897 0.196897
7360.205078 0.000000 643.746826 0.000000 0.232357 0.000000 0.972631 0.191493 0.191493 0.191493
7371.713867 0.000000 659.331238 0.000000 0.995570 0.000000 -0.094023 0.200599 0.200599 0.200599
7360.668457 0.000000 639.098572 0.000000 0.592980 0.000000 0.805217 0.147297 0.147297 0.147297
7361.541504 0.000000 642.492188 0.000000 0.999811 0.000000 -0.019465 0.200124 0.200124 0.200124
7369.975098 0.000000 658.840210 0.000000 0.303850 0.000000 0.952720 0.152174 0.152174 0.152174
7360.520996 0.000000 641.098145 0.000000 0.777098 0.000000 0.629380 0.195666 0.195666 0.195666
7370.169922 0.000000 661.901855 0.000000 0.980257 0.000000 -0.197727 0.201267 0.201267 0.201267
7372.118652 0.000000 652.660889 0.000000 0.637732 0.000000 0.770258 0.187323 0.187323 0.187323
7370.652832 0.000000 660.393921 0.000000 0.985313 0.000000 -0.170758 0.201092 0.201092 0.201092
7373.583496 0.000000 654.097046 0.000000 0.927631 0.000000 -0.373498 0.202437 0.202437 0.202437
7362.523926 0.000000 641.829224 0.000000 0.679349 0.000000 0.733816 0.194755 0.194755 0.194755
7361.153809 0.000000 640.137207 0.000000 0.463257 0.000000 0.886224 0.193066 0.193066 0.193066
7451.974121 0.000000 653.057678 0.000000 0.971127 0.000000 0.238564 0.162331 0.162331 0.162331
4788.600586 0.000000 2226.104492 0.000000 0.998980 0.000000 -0.045157 0.130159 0.130159 0.130159
4769.639160 0.000000 2232.928223 0.000000 0.935842 0.000000 0.352420 0.147865 0.147865 0.147865
4781.233887 0.000000 2228.787842 0.000000 0.993812 0.000000 -0.111076 0.142239 0.142239 0.142239
4762.840820 0.000000 2229.594971 0.000000 0.912029 0.000000 -0.410126 0.157837 0.157837 0.157837
4774.465332 0.000000 2227.988281 0.000000 0.994235 0.000000 -0.107226 0.128730 0.128730 0.128730
4767.949707 0.000000 2237.146729 0.000000 0.947322 0.000000 -0.320282 0.144340 0.144340 0.144340
4773.993652 0.000000 2232.453857 0.000000 0.980108 0.000000 -0.198466 0.193943 0.193943 0.193943
4767.822266 0.000000 2228.951660 0.000000 0.885499 0.000000 0.464642 0.161069 0.161069 0.161069
4778.157715 0.000000 2225.726807 0.000000 0.545612 0.000000 0.838038 0.145391 0.145391 0.145391
4777.764648 0.000000 2231.214844 0.000000 0.983484 0.000000 0.180996 0.194943 0.194943 0.194943
4784.887695 0.000000 2227.766113 0.000000 0.218436 0.000000 0.975851 0.133499 0.133499 0.133499
4772.675781 0.000000 2235.732666 0.000000 0.840405 0.000000 -0.541959 0.203646 0.203646 0.203646
4771.373047 0.000000 2229.833984 0.000000 0.950405 0.000000 -0.311016 0.135241 0.135241 0.135241
4766.089844 0.000000 2231.825928 0.000000 0.208257 0.000000 0.978074 0.191336 0.191336 0.191336
4784.015137 0.000000 2230.672119 0.000000 0.393901 0.000000 0.919153 0.139713 0.139713 0.139713
4791.542480 0.000000 2226.020508 0.000000 0.314512 0.000000 0.949254 0.158686 0.158686 0.158686
4781.452148 0.000000 2231.460449 0.000000 0.993797 0.000000 0.111207 0.144583 0.144583 0.144583
4770.441895 0.000000 2236.854004 0.000000 0.999634 0.000000 0.027042 0.199828 0.199828 0.199828
4775.437012 0.000000 2230.272461 0.000000 0.648709 0.000000 0.761037 0.194494 0.194494 0.194494
4774.985352 0.000000 2234.755127 0.000000 0.860013 0.000000 -0.510271 0.172641 0.172641 0.172641
4765.193848 0.000000 2229.101807 0.000000 0.815414 0.000000 0.578878 0.167511 0.167511 0.167511
4776.507812 0.000000 2227.312988 0.000000 0.838163 0.000000 -0.545420 0.162025 0.162025 0.162025
4797.359375 0.000000 2223.964111 0.000000 0.796701 0.000000 0.604373 0.195868 0.195868 0.195868
4768.249023 0.000000 2231.266357 0.000000 0.823172 0.000000 0.567792 0.191760 0.191760 0.191760
4773.382812 0.000000 2230.472656 0.000000 0.037159 0.000000 0.999309 0.148672 0.148672 0.148672
4785.818848 0.000000 2229.638428 0.000000 0.738835 0.000000 0.673887 0.161376 0.161376 0.161376
4773.000000 0.000000 2237.572266 0.000000 0.243840 0.000000 0.969816 0.183519 0.183519 0.183519
4771.914551 0.000000 2231.649658 0.000000 0.587755 0.000000 0.809039 0.185849 0.185849 0.185849
4797.495117 0.000000 2222.050781 0.000000 0.958979 0.000000 0.283476 0.198170 0.198170 0.198170
4790.093750 0.000000 2227.157959 0.000000 0.889929 0.000000 -0.456100 0.167758 0.167758 0.167758
4765.381836 0.000000 2233.485840 0.000000 0.400598 0.000000 0.916254 0.185610 0.185610 0.185610
4770.170410 0.000000 2231.248047 0.000000 0.649717 0.000000 0.760176 0.186330 0.186330 0.186330
4795.648926 0.000000 2224.403320 0.000000 0.399016 0.000000 0.916944 0.192613 0.192613 0.192613
4767.589355 0.000000 2232.935791 0.000000 0.671221 0.000000 0.741257 0.158147 0.158147 0.158147
4770.989746 0.000000 2235.104980 0.000000 0.859649 0.000000 0.510885 0.196586 0.196586 0.196586
4766.632324 0.000000 2230.200684 0.000000 0.986952 0.000000 0.161016 0.198970 0.198970 0.198970
4773.460449 0.000000 2234.225830 0.000000 0.951940 0.000000 -0.306284 0.201982 0.201982 0.201982
4793.095215 0.000000 2226.670166 0.000000 0.991259 0.000000 -0.131928 0.174963 0.174963 0.174963
4776.266113 0.000000 2231.654053 0.000000 0.982244 0.000000 -0.187609 0.197256 0.197256 0.197256
4762.272949 0.000000 2230.974121 0.000000 0.958776 0.000000 0.284162 0.195390 0.195390 0.195390
4764.560059 0.000000 2232.166992 0.000000 0.039923 0.000000 0.999203 0.183326 0.183326 0.183326
4775.114258 0.000000 2233.345459 0.000000 0.983473 0.000000 0.181053 0.197170 0.197170 0.197170
4771.771973 0.000000 2237.047363 0.000000 0.944283 0.000000 -0.329133 0.202135 0.202135 0.202135
4774.902344 0.000000 2231.496338 0.000000 0.867579 0.000000 0.497300 0.196686 0.196686 0.196686
4770.075684 0.000000 2234.151855 0.000000 0.993882 0.000000 0.110443 0.199295 0.199295 0.199295
4794.839844 0.000000 2223.482666 0.000000 0.863040 0.000000 0.505136 0.196629 0.196629 0.196629
4795.732422 0.000000 2225.592773 0.000000 0.723967 0.000000 0.689835 0.195154 0.195154 0.195154
4796.780762 0.000000 2222.982178 0.000000 0.994681 0.000000 0.103008 0.199343 0.199343 0.199343
4796.821777 0.000000 2224.930176 0.000000 0.162315 0.000000 0.986739 0.191038 0.191038 0.191038
4813.467773 0.000000 2218.445801 0.000000 0.390038 0.000000 0.920799 0.177988 0.177988 0.177988
4814.716309 0.000000 2212.624268 0.000000 0.991493 0.000000 -0.130160 0.149639 0.149639 0.149639
4815.712891 0.000000 2221.504883 0.000000 0.912768 0.000000 0.408478 0.158078 0.158078 0.158078
4812.424805 0.000000 2221.310303 0.000000 0.080277 0.000000 0.996773 0.161695 0.161695 0.161695
4813.243652 0.000000 2210.131836 0.000000 0.878326 0.000000 -0.478061 0.154230 0.154230 0.154230
4802.759766 0.000000 2212.005127 0.000000 0.913545 0.000000 -0.406737 0.202667 0.202667 0.202667
4804.386230 0.000000 2213.307617 0.000000 0.313758 0.000000 0.949503 0.158144 0.158144 0.158144
4812.800293 0.000000 2213.453369 0.000000 0.802936 0.000000 0.596066 0.154223 0.154223 0.154223
4811.020996 0.000000 2214.132812 0.000000 0.960989 0.000000 -0.276588 0.173523 0.173523 0.173523
4811.861328 0.000000 2217.560059 0.000000 0.890999 0.000000 -0.454005 0.174569 0.174569 0.174569
4803.130371 0.000000 2213.209717 0.000000 1.000000 0.000000 -0.000974 0.200006 0.200006 0.200006
5115.144043 0.000000 2255.080322 0.000000 0.238692 0.000000 0.971095 0.187242 0.187242 0.187242
4898.040527 0.000000 2277.679932 0.000000 0.392414 0.000000 0.919789 0.131075 0.131075 0.131075
5107.915527 0.000000 2271.416260 0.000000 0.997796 0.000000 -0.066355 0.141475 0.141475 0.141475
5097.764648 0.000000 2287.699219 0.000000 0.902787 0.000000 -0.430088 0.184081 0.184081 0.184081
5107.409180 0.000000 2284.861328 0.000000 0.906349 0.000000 -0.422530 0.144841 0.144841 0.144841
5117.258301 0.000000 2271.389404 0.000000 0.978515 0.000000 -0.206176 0.143801 0.143801 0.143801
5112.956055 0.000000 2284.790771 0.000000 0.111468 0.000000 0.993768 0.190711 0.190711 0.190711
5112.713379 0.000000 2288.798096 0.000000 0.220134 0.000000 0.975470 0.150664 0.150664 0.150664
5106.636719 0.000000 2269.829346 0.000000 0.999483 0.000000 0.032144 0.199795 0.199795 0.199795
5097.028320 0.000000 2286.081787 0.000000 0.658030 0.000000 0.752991 0.176587 0.176587 0.176587
5095.114258 0.000000 2289.829834 0.000000 0.045373 0.000000 0.998970 0.179095 0.179095 0.179095
5106.149902 0.000000 2268.661377 0.000000 0.618742 0.000000 0.785594 0.194247 0.194247 0.194247
5107.404297 0.000000 2268.897461 0.000000 0.945211 0.000000 0.326459 0.197883 0.197883 0.197883
5129.597656 0.000000 2252.766113 0.000000 0.960730 0.000000 -0.277485 0.136222 0.136222 0.136222
5129.349609 0.000000 2255.445801 0.000000 0.572694 0.000000 0.819769 0.162383 0.162383 0.162383
5124.256348 0.000000 2258.406250 0.000000 0.997418 0.000000 0.071812 0.167124 0.167124 0.167124
5152.264648 0.000000 2281.243408 0.000000 0.991389 0.000000 -0.130953 0.136141 0.136141 0.136141
5123.589355 0.000000 2271.757324 0.000000 0.173958 0.000000 0.984753 0.133297 0.133297 0.133297
5141.428223 0.000000 2291.722656 0.000000 0.257260 0.000000 0.966342 0.119718 0.119718 0.119718
5146.840820 0.000000 2286.079346 0.000000 0.964226 0.000000 0.265083 0.133861 0.133861 0.133861
5147.974121 0.000000 2291.104492 0.000000 0.999865 0.000000 0.016423 0.139423 0.139423 0.139423
5142.690430 0.000000 2287.391846 0.000000 0.257671 0.000000 0.966233 0.140121 0.140121 0.140121
5144.763672 0.000000 2290.106201 0.000000 0.180382 0.000000 0.983597 0.127436 0.127436 0.127436
5131.269531 0.000000 2268.705078 0.000000 0.861133 0.000000 0.508380 0.148142 0.148142 0.148142
5140.724609 0.000000 2289.075439 0.000000 0.937414 0.000000 0.348218 0.139578 0.139578 0.139578
5250.164551 0.000000 2278.746582 0.000000 0.886242 0.000000 -0.463223 0.203066 0.203066 0.203066
5253.963867 0.000000 2280.073975 0.000000 0.938694 0.000000 -0.344752 0.202241 0.202241 0.202241
5251.661133 0.000000 2280.448486 0.000000 0.978187 0.000000 -0.207728 0.201332 0.201332 0.201332
5251.585449 0.000000 2278.968262 0.000000 0.997798 0.000000 0.066326 0.199577 0.199577 0.199577
5252.648926 0.000000 2281.485107 0.000000 0.677841 0.000000 0.735208 0.194742 0.194742 0.194742
5252.728516 0.000000 2279.621338 0.000000 0.680022 0.000000 0.733192 0.194761 0.194761 0.194761
5250.951172 0.000000 2281.475830 0.000000 0.943792 0.000000 0.330539 0.197855 0.197855 0.197855
5250.523926 0.000000 2279.876221 0.000000 0.823273 0.000000 -0.567646 0.203843 0.203843 0.203843
5253.828613 0.000000 2281.131348 0.000000 0.770133 0.000000 0.637883 0.195596 0.195596 0.195596
5745.916504 0.000000 2277.165039 0.000000 0.920869 0.000000 0.389873 0.154310 0.154310 0.154310
5742.165527 0.000000 2276.917236 0.000000 0.319710 0.000000 0.947515 0.132890 0.132890 0.132890
5708.396484 0.000000 2271.882812 0.000000 0.603308 0.000000 0.797508 0.139203 0.139203 0.139203
5742.967285 0.000000 2274.751953 0.000000 0.451123 0.000000 0.892462 0.168114 0.168114 0.168114
5725.062500 0.000000 2277.051270 0.000000 0.495280 0.000000 0.868734 0.174348 0.174348 0.174348
5744.094238 0.000000 2276.484375 0.000000 0.435138 0.000000 0.900364 0.150727 0.150727 0.150727
5751.633301 0.000000 2278.092773 0.000000 0.621563 0.000000 0.783364 0.181210 0.181210 0.181210
5741.137695 0.000000 2274.435059 0.000000 0.635037 0.000000 0.772482 0.159533 0.159533 0.159533
5718.760742 0.000000 2268.579346 0.000000 0.434903 0.000000 0.900477 0.184221 0.184221 0.184221
5710.208008 0.000000 2270.623535 0.000000 0.930888 0.000000 -0.365305 0.179138 0.179138 0.179138
5711.744141 0.000000 2270.335449 0.000000 0.965350 0.000000 0.260959 0.175543 0.175543 0.175543
5738.374023 0.000000 2272.019775 0.000000 0.828476 0.000000 0.560025 0.176979 0.176979 0.176979
5750.872070 0.000000 2279.760254 0.000000 0.396202 0.000000 0.918164 0.179646 0.179646 0.179646
4965.084961 0.000000 3177.922607 0.000000 0.846760 0.000000 0.531975 0.130953 0.130953 0.130953
4958.773926 0.000000 3179.596680 0.000000 0.606716 0.000000 0.794919 0.134328 0.134328 0.134328
4965.443359 0.000000 3182.927002 0.000000 0.893967 0.000000 0.448133 0.188211 0.188211 0.188211
4956.683105 0.000000 3176.558838 0.000000 0.798334 0.000000 0.602215 0.195886 0.195886 0.195886
4967.443848 0.000000 3174.414307 0.000000 0.999986 0.000000 -0.005332 0.152407 0.152407 0.152407
4968.221680 0.000000 3183.568359 0.000000 0.830325 0.000000 0.557279 0.149514 0.149514 0.149514
4963.895020 0.000000 3175.638672 0.000000 0.335440 0.000000 0.942062 0.182488 0.182488 0.182488
4955.921387 0.000000 3179.080811 0.000000 0.991447 0.000000 -0.130508 0.175518 0.175518 0.175518
4963.024414 0.000000 3183.697021 0.000000 0.925996 0.000000 -0.377533 0.174108 0.174108 0.174108
4961.762695 0.000000 3174.493652 0.000000 0.996955 0.000000 -0.077979 0.200497 0.200497 0.200497
4958.946777 0.000000 3176.364014 0.000000 0.837283 0.000000 -0.546770 0.193413 0.193413 0.193413
4963.805176 0.000000 3182.039307 0.000000 0.892084 0.000000 -0.451870 0.174556 0.174556 0.174556
4957.993164 0.000000 3177.922852 0.000000 0.979634 0.000000 0.200793 0.198713 0.198713 0.198713
4964.762207 0.000000 3184.630127 0.000000 0.428029 0.000000 0.903765 0.192816 0.192816 0.192816
4968.327148 0.000000 3185.396973 0.000000 0.786763 0.000000 0.617255 0.160121 0.160121 0.160121
4962.022949 0.000000 3185.160645 0.000000 0.953505 0.000000 -0.301377 0.201949 0.201949 0.201949
4965.573730 0.000000 3174.629150 0.000000 0.930819 0.000000 0.365481 0.173815 0.173815 0.173815
4965.219727 0.000000 3186.704346 0.000000 0.912156 0.000000 0.409842 0.192337 0.192337 0.192337
4966.213867 0.000000 3173.138184 0.000000 0.122850 0.000000 0.992425 0.174217 0.174217 0.174217
4967.006836 0.000000 3182.528809 0.000000 0.395088 0.000000 0.918643 0.185033 0.185033 0.185033
4967.139160 0.000000 3186.852783 0.000000 0.948205 0.000000 -0.317660 0.183946 0.183946 0.183946
4955.479980 0.000000 3177.483887 0.000000 0.741840 0.000000 0.670577 0.180002 0.180002 0.180002
4962.394043 0.000000 3175.818115 0.000000 0.374754 0.000000 0.927124 0.182742 0.182742 0.182742
4956.656250 0.000000 3177.997559 0.000000 0.852934 0.000000 -0.522019 0.203496 0.203496 0.203496
4965.259277 0.000000 3185.593750 0.000000 0.810308 0.000000 -0.586005 0.203986 0.203986 0.203986
6291.921875 0.000000 2509.637939 0.000000 0.114438 0.000000 0.993430 0.173100 0.173100 0.173100
6320.887695 0.000000 2510.187988 0.000000 0.993590 0.000000 0.113042 0.199279 0.199279 0.199279
6289.983398 0.000000 2506.680664 0.000000 0.875647 0.000000 -0.482952 0.203209 0.203209 0.203209
6320.015137 0.000000 2513.093994 0.000000 0.992219 0.000000 0.124507 0.142848 0.142848 0.142848
6318.630859 0.000000 2509.089111 0.000000 0.868951 0.000000 -0.494899 0.203296 0.203296 0.203296
6316.304199 0.000000 2509.011963 0.000000 0.035917 0.000000 0.999355 0.190229 0.190229 0.190229
6288.326660 0.000000 2507.979492 0.000000 0.977506 0.000000 -0.210906 0.201353 0.201353 0.201353
6289.646484 0.000000 2504.637207 0.000000 0.141147 0.000000 0.989989 0.182881 0.182881 0.182881
6321.665527 0.000000 2514.075195 0.000000 0.994162 0.000000 0.107898 0.172514 0.172514 0.172514
6317.740723 0.000000 2515.521729 0.000000 0.242978 0.000000 0.970032 0.159367 0.159367 0.159367
6291.159180 0.000000 2505.531982 0.000000 0.288040 0.000000 0.957618 0.183799 0.183799 0.183799
6291.123535 0.000000 2508.001709 0.000000 0.681239 0.000000 0.732061 0.176767 0.176767 0.176767
6320.720703 0.000000 2515.356201 0.000000 0.919522 0.000000 0.393039 0.170883 0.170883 0.170883
6324.736328 0.000000 2510.163574 0.000000 0.015414 0.000000 0.999881 0.178916 0.178916 0.178916
6320.418945 0.000000 2511.589111 0.000000 0.091080 0.000000 0.995844 0.190581 0.190581 0.190581
6320.071777 0.000000 2509.072266 0.000000 0.906587 0.000000 0.422020 0.197226 0.197226 0.197226
6317.009277 0.000000 2512.473877 0.000000 0.988980 0.000000 0.148047 0.199054 0.199054 0.199054
6289.695801 0.000000 2507.897949 0.000000 0.991699 0.000000 -0.128582 0.200821 0.200821 0.200821
6288.823242 0.000000 2506.917236 0.000000 0.645440 0.000000 0.763811 0.194467 0.194467 0.194467
6316.375000 0.000000 2513.597168 0.000000 0.934026 0.000000 0.357205 0.197675 0.197675 0.197675
7012.441406 0.000000 2428.321777 0.000000 0.528322 0.000000 0.849044 0.193544 0.193544 0.193544
7019.550781 0.000000 2435.627930 0.000000 0.967030 0.000000 0.254664 0.140019 0.140019 0.140019
7012.142090 0.000000 2428.923340 0.000000 0.983729 0.000000 0.179657 0.198850 0.198850 0.198850
7013.877441 0.000000 2428.882080 0.000000 0.962301 0.000000 0.271987 0.198246 0.198246 0.198246
7019.124023 0.000000 2432.499512 0.000000 0.828301 0.000000 -0.560283 0.203786 0.203786 0.203786
7003.221680 0.000000 2587.825439 0.000000 0.799477 0.000000 0.600696 0.172851 0.172851 0.172851
7005.565918 0.000000 2585.095703 0.000000 0.902875 0.000000 -0.429904 0.155673 0.155673 0.155673
6994.867188 0.000000 2584.760742 0.000000 0.999951 0.000000 0.009945 0.175855 0.175855 0.175855
6997.389160 0.000000 2585.022705 0.000000 0.821843 0.000000 0.569714 0.148891 0.148891 0.148891
6994.130371 0.000000 2586.890137 0.000000 0.639691 0.000000 0.768632 0.193874 0.193874 0.193874
7004.971191 0.000000 2587.109619 0.000000 0.895212 0.000000 -0.445640 0.179065 0.179065 0.179065
6997.837891 0.000000 2586.744141 0.000000 0.957179 0.000000 0.289495 0.198130 0.198130 0.198130
6996.010742 0.000000 2586.006104 0.000000 0.726742 0.000000 0.686911 0.195179 0.195179 0.195179
6997.435547 0.000000 2587.804443 0.000000 0.989898 0.000000 -0.141781 0.200906 0.200906 0.200906
6957.233887 0.000000 2737.147217 0.000000 0.991819 0.000000 -0.127655 0.146252 0.146252 0.146252
6965.811523 0.000000 2752.549072 0.000000 0.485762 0.000000 0.874091 0.139103 0.139103 0.139103
6922.422852 0.000000 2734.997559 0.000000 0.982630 0.000000 -0.185578 0.156668 0.156668 0.156668
6923.910645 0.000000 2738.932861 0.000000 0.902439 0.000000 0.430818 0.157400 0.157400 0.157400
6921.306152 0.000000 2736.924561 0.000000 0.854904 0.000000 0.518786 0.163498 0.163498 0.163498
6967.657227 0.000000 2751.623779 0.000000 0.888942 0.000000 -0.458020 0.160944 0.160944 0.160944
6923.004883 0.000000 2737.070068 0.000000 0.912063 0.000000 0.410049 0.197310 0.197310 0.197310
6946.717285 0.000000 2736.613037 0.000000 0.891052 0.000000 0.453902 0.197001 0.197001 0.197001
7136.693359 0.000000 2876.207031 0.000000 0.818024 0.000000 -0.575184 0.148500 0.148500 0.148500
7132.116211 0.000000 2879.634277 0.000000 0.140851 0.000000 0.990031 0.129940 0.129940 0.129940
7107.167969 0.000000 2868.171387 0.000000 0.478930 0.000000 0.877853 0.140691 0.140691 0.140691
7134.802246 0.000000 2880.764160 0.000000 0.997868 0.000000 -0.065266 0.193679 0.193679 0.193679
7151.844727 0.000000 2887.813477 0.000000 0.767029 0.000000 0.641612 0.138594 0.138594 0.138594
7146.133789 0.000000 2884.840576 0.000000 0.453763 0.000000 0.891122 0.140559 0.140559 0.140559
7147.597168 0.000000 2882.727539 0.000000 0.827488 0.000000 -0.561483 0.143856 0.143856 0.143856
6521.614258 0.000000 3215.506104 0.000000 0.161831 0.000000 0.986819 0.131102 0.131102 0.131102
6514.569336 0.000000 3219.098877 0.000000 0.977066 0.000000 -0.212934 0.138756 0.138756 0.138756
6513.605957 0.000000 3215.978760 0.000000 0.997825 0.000000 -0.065915 0.144841 0.144841 0.144841
6511.961914 0.000000 3218.385010 0.000000 0.849280 0.000000 0.527942 0.155737 0.155737 0.155737
6518.447266 0.000000 3212.334473 0.000000 0.617470 0.000000 0.786594 0.150166 0.150166 0.150166
6515.450195 0.000000 3215.964111 0.000000 0.146782 0.000000 0.989169 0.159382 0.159382 0.159382
6513.495117 0.000000 3219.709473 0.000000 0.383710 0.000000 0.923454 0.150986 0.150986 0.150986
6579.915527 0.000000 3231.650635 0.000000 0.333418 0.000000 0.942779 0.141028 0.141028 0.141028
6554.616699 0.000000 3225.818848 0.000000 0.451623 0.000000 0.892209 0.125953 0.125953 0.125953
6576.446289 0.000000 3230.440186 0.000000 0.098864 0.000000 0.995101 0.139368 0.139368 0.139368
6559.085938 0.000000 3227.238281 0.000000 0.873989 0.000000 0.485946 0.136140 0.136140 0.136140
6574.326660 0.000000 3230.727539 0.000000 0.570415 0.000000 0.821356 0.150421 0.150421 0.150421
6486.302246 0.000000 3450.600830 0.000000 0.707254 0.000000 0.706960 0.143656 0.143656 0.143656
6483.958008 0.000000 3452.259521 0.000000 0.708951 0.000000 0.705258 0.168796 0.168796 0.168796
6488.196777 0.000000 3451.814941 0.000000 0.261754 0.000000 0.965135 0.191686 0.191686 0.191686
6489.027344 0.000000 3450.745605 0.000000 0.902796 0.000000 0.430069 0.197170 0.197170 0.197170
6531.834473 0.000000 3445.549316 0.000000 0.892195 0.000000 0.451650 0.149556 0.149556 0.149556
6545.626465 0.000000 3450.756348 0.000000 0.988553 0.000000 0.150872 0.199036 0.199036 0.199036
6533.568848 0.000000 3449.564697 0.000000 0.251496 0.000000 0.967858 0.145995 0.145995 0.145995
6541.333984 0.000000 3449.876221 0.000000 0.884958 0.000000 -0.465671 0.203084 0.203084 0.203084
6561.456543 0.000000 3459.471680 0.000000 0.139377 0.000000 0.990239 0.176988 0.176988 0.176988
6530.492188 0.000000 3449.136475 0.000000 0.936936 0.000000 0.349500 0.148434 0.148434 0.148434
6541.243652 0.000000 3452.788086 0.000000 0.851462 0.000000 0.524416 0.154106 0.154106 0.154106
6538.448242 0.000000 3449.151855 0.000000 0.624656 0.000000 0.780900 0.145857 0.145857 0.145857
6543.844238 0.000000 3448.674072 0.000000 0.955525 0.000000 0.294910 0.198094 0.198094 0.198094
6563.895020 0.000000 3458.060547 0.000000 0.295237 0.000000 0.955424 0.191908 0.191908 0.191908
6561.762695 0.000000 3456.915527 0.000000 0.891669 0.000000 -0.452687 0.202991 0.202991 0.202991
6532.206055 0.000000 3447.801758 0.000000 0.202827 0.000000 0.979215 0.166115 0.166115 0.166115
6530.305176 0.000000 3446.896729 0.000000 0.965604 0.000000 -0.260017 0.153092 0.153092 0.153092
6547.108398 0.000000 3455.523926 0.000000 0.640746 0.000000 0.767753 0.161206 0.161206 0.161206
6545.982910 0.000000 3448.800537 0.000000 0.588397 0.000000 0.808573 0.194005 0.194005 0.194005
6560.410645 0.000000 3462.916504 0.000000 0.999107 0.000000 -0.042243 0.200269 0.200269 0.200269
6563.248535 0.000000 3459.908203 0.000000 0.987582 0.000000 -0.157102 0.201004 0.201004 0.201004
6540.231934 0.000000 3448.383301 0.000000 0.782410 0.000000 0.622764 0.195720 0.195720 0.195720
6560.870605 0.000000 3452.792480 0.000000 0.156353 0.000000 0.987701 0.173344 0.173344 0.173344
6543.104492 0.000000 3450.398926 0.000000 0.884970 0.000000 -0.465648 0.203084 0.203084 0.203084
6560.125000 0.000000 3454.688965 0.000000 0.428607 0.000000 0.903491 0.192820 0.192820 0.192820
6547.362793 0.000000 3453.858398 0.000000 0.759635 0.000000 0.650350 0.195492 0.195492 0.195492
6560.356445 0.000000 3457.913818 0.000000 0.755683 0.000000 0.654937 0.195454 0.195454 0.195454
6562.940430 0.000000 3455.633301 0.000000 0.844755 0.000000 0.535153 0.179900 0.179900 0.179900
6541.933594 0.000000 3451.415771 0.000000 0.960280 0.000000 -0.279038 0.198974 0.198974 0.198974
6562.394043 0.000000 3458.239990 0.000000 0.897341 0.000000 0.441338 0.197090 0.197090 0.197090
6563.450684 0.000000 3454.207520 0.000000 0.117244 0.000000 0.993103 0.174719 0.174719 0.174719
6542.473633 0.000000 3449.070801 0.000000 0.470499 0.000000 0.882401 0.193119 0.193119 0.193119
6544.411621 0.000000 3449.941406 0.000000 0.057377 0.000000 0.998353 0.190365 0.190365 0.190365
6561.012207 0.000000 3455.760010 0.000000 0.863029 0.000000 -0.505155 0.203371 0.203371 0.203371
6544.399902 0.000000 3451.224365 0.000000 0.290995 0.000000 0.956725 0.191880 0.191880 0.191880
6546.279297 0.000000 3453.021484 0.000000 0.834541 0.000000 0.550946 0.196285 0.196285 0.196285
6541.379395 0.000000 3448.493164 0.000000 0.387371 0.000000 0.921924 0.192532 0.192532 0.192532
6544.308105 0.000000 3452.988770 0.000000 0.914414 0.000000 0.404779 0.197347 0.197347 0.197347
6957.255371 0.000000 3218.000488 0.000000 0.645474 0.000000 0.763782 0.194467 0.194467 0.194467
6962.569336 0.000000 3219.098877 0.000000 0.545690 0.000000 0.837987 0.124234 0.124234 0.124234
6954.064453 0.000000 3214.448730 0.000000 0.044495 0.000000 0.999010 0.143379 0.143379 0.143379
6958.444824 0.000000 3214.487305 0.000000 0.993696 0.000000 0.112109 0.174723 0.174723 0.174723
6954.622559 0.000000 3217.150146 0.000000 0.158050 0.000000 0.987431 0.191010 0.191010 0.191010
6959.961914 0.000000 3218.385010 0.000000 0.451984 0.000000 0.892026 0.157308 0.157308 0.157308
6956.424316 0.000000 3215.671143 0.000000 0.999625 0.000000 0.027369 0.174638 0.174638 0.174638
6958.877930 0.000000 3216.548584 0.000000 0.946795 0.000000 -0.321837 0.198690 0.198690 0.198690
6955.937012 0.000000 3219.552490 0.000000 0.972141 0.000000 0.234396 0.198494 0.198494 0.198494
6961.522949 0.000000 3217.796875 0.000000 0.734328 0.000000 0.678795 0.165716 0.165716 0.165716
6954.991699 0.000000 3218.503906 0.000000 0.988284 0.000000 -0.152625 0.200975 0.200975 0.200975
6957.468262 0.000000 3216.634766 0.000000 0.975182 0.000000 0.221405 0.198579 0.198579 0.198579
6994.736816 0.000000 3213.246094 0.000000 0.864141 0.000000 -0.503250 0.152091 0.152091 0.152091
7003.221680 0.000000 3209.153564 0.000000 0.389782 0.000000 0.920907 0.120276 0.120276 0.120276
6993.114746 0.000000 3217.684814 0.000000 0.871798 0.000000 -0.489866 0.135506 0.135506 0.135506
6996.862305 0.000000 3211.791992 0.000000 0.215027 0.000000 0.976608 0.143133 0.143133 0.143133
6998.697754 0.000000 3209.643555 0.000000 0.844539 0.000000 -0.535495 0.152270 0.152270 0.152270
7009.958496 0.000000 3203.354004 0.000000 0.267138 0.000000 0.963658 0.142851 0.142851 0.142851
6957.901367 0.000000 3220.563721 0.000000 0.898813 0.000000 0.438333 0.139137 0.139137 0.139137
6950.270996 0.000000 3221.016357 0.000000 0.646698 0.000000 0.762746 0.153076 0.153076 0.153076
6946.074219 0.000000 3225.129150 0.000000 0.999294 0.000000 0.037566 0.144365 0.144365 0.144365
6953.896973 0.000000 3219.637695 0.000000 0.513560 0.000000 0.858054 0.180971 0.180971 0.180971
6948.294922 0.000000 3223.266113 0.000000 0.406863 0.000000 0.913489 0.138159 0.138159 0.138159
6951.590820 0.000000 3223.224609 0.000000 0.880764 0.000000 -0.473555 0.150222 0.150222 0.150222
6955.597168 0.000000 3221.633789 0.000000 0.530698 0.000000 0.847561 0.159404 0.159404 0.159404
6953.191406 0.000000 3221.739746 0.000000 0.952168 0.000000 0.305575 0.160304 0.160304 0.160304
6959.569336 0.000000 3219.712646 0.000000 0.376747 0.000000 0.926316 0.156878 0.156878 0.156878
7204.590332 0.000000 2890.709717 0.000000 0.021480 0.000000 0.999769 0.175224 0.175224 0.175224
7173.348633 0.000000 2889.145020 0.000000 0.955526 0.000000 0.294908 0.138167 0.138167 0.138167
7172.061523 0.000000 2896.912842 0.000000 0.813567 0.000000 0.581472 0.179575 0.179575 0.179575
7174.798828 0.000000 2894.970215 0.000000 0.945299 0.000000 0.326206 0.145781 0.145781 0.145781
7172.679688 0.000000 2894.939453 0.000000 0.998564 0.000000 -0.053566 0.184067 0.184067 0.184067
7174.215332 0.000000 2896.856445 0.000000 0.947607 0.000000 0.319439 0.152467 0.152467 0.152467
7202.286621 0.000000 2884.330811 0.000000 0.888988 0.000000 0.457931 0.168833 0.168833 0.168833
7203.859863 0.000000 2886.385498 0.000000 0.933764 0.000000 0.357889 0.197670 0.197670 0.197670
7202.527344 0.000000 2887.810791 0.000000 0.828437 0.000000 0.560082 0.196215 0.196215 0.196215
7205.195312 0.000000 2889.295410 0.000000 0.502064 0.000000 0.864830 0.193349 0.193349 0.193349
7203.450684 0.000000 2889.363770 0.000000 0.265170 0.000000 0.964202 0.191709 0.191709 0.191709
7205.641113 0.000000 2887.829590 0.000000 0.453572 0.000000 0.891220 0.192997 0.192997 0.192997
7205.009277 0.000000 2886.764893 0.000000 0.960241 0.000000 0.279174 0.198199 0.198199 0.198199
7654.720703 0.000000 2870.953369 0.000000 0.946432 0.000000 0.322904 0.134155 0.134155 0.134155
7652.101074 0.000000 2872.080078 0.000000 0.768264 0.000000 0.640134 0.139698 0.139698 0.139698
7654.352539 0.000000 2873.407227 0.000000 0.249841 0.000000 0.968287 0.140083 0.140083 0.140083
7644.282227 0.000000 2917.599121 0.000000 0.965205 0.000000 0.261495 0.128322 0.128322 0.128322
7647.273438 0.000000 2935.579590 0.000000 0.175864 0.000000 0.984415 0.174529 0.174529 0.174529
7653.443359 0.000000 2900.505127 0.000000 0.814507 0.000000 0.580153 0.131256 0.131256 0.131256
7648.693359 0.000000 2932.691406 0.000000 0.824731 0.000000 -0.565525 0.161577 0.161577 0.161577
7644.116211 0.000000 2936.118652 0.000000 0.981963 0.000000 0.189072 0.141992 0.141992 0.141992
7649.615234 0.000000 2934.798828 0.000000 0.051552 0.000000 0.998670 0.173268 0.173268 0.173268
7648.929688 0.000000 2937.180664 0.000000 0.911862 0.000000 0.410498 0.154751 0.154751 0.154751
7210.581543 0.000000 3068.961182 0.000000 0.800615 0.000000 0.599180 0.195910 0.195910 0.195910
7219.006836 0.000000 3058.601318 0.000000 0.867419 0.000000 -0.497578 0.203316 0.203316 0.203316
7207.443848 0.000000 3061.445557 0.000000 0.938290 0.000000 -0.345851 0.157493 0.157493 0.157493
7208.221680 0.000000 3070.599609 0.000000 0.917735 0.000000 -0.397194 0.181603 0.181603 0.181603
7206.658203 0.000000 3058.377197 0.000000 0.886526 0.000000 0.462679 0.196938 0.196938 0.196938
7218.636719 0.000000 3060.610596 0.000000 0.985799 0.000000 -0.167927 0.180798 0.180798 0.180798
7217.047363 0.000000 3058.980713 0.000000 0.840439 0.000000 -0.541906 0.203646 0.203646 0.203646
7207.815430 0.000000 3059.709961 0.000000 0.119937 0.000000 0.992781 0.190765 0.190765 0.190765
7202.940430 0.000000 3060.242676 0.000000 0.292626 0.000000 0.956227 0.188666 0.188666 0.188666
7209.913086 0.000000 3067.551025 0.000000 0.998054 0.000000 0.062349 0.199603 0.199603 0.199603
7210.500977 0.000000 3064.941895 0.000000 0.999996 0.000000 -0.002648 0.197776 0.197776 0.197776
7205.195312 0.000000 3058.748535 0.000000 0.969574 0.000000 0.244799 0.193979 0.193979 0.193979
7212.925781 0.000000 3066.723633 0.000000 0.969039 0.000000 0.246906 0.192298 0.192298 0.192298
7203.814453 0.000000 3061.327637 0.000000 0.883678 0.000000 -0.468095 0.199688 0.199688 0.199688
7207.969727 0.000000 3058.081055 0.000000 0.004785 0.000000 0.999989 0.190030 0.190030 0.190030
7208.130371 0.000000 3066.228760 0.000000 0.999040 0.000000 -0.043804 0.200279 0.200279 0.200279
7208.704102 0.000000 3067.302490 0.000000 0.999266 0.000000 0.038296 0.199756 0.199756 0.199756
7657.206543 0.000000 2945.731201 0.000000 0.862021 0.000000 -0.506872 0.158947 0.158947 0.158947
7647.430176 0.000000 2947.959473 0.000000 0.292380 0.000000 0.956302 0.128463 0.128463 0.128463
7661.901367 0.000000 2938.141846 0.000000 0.327619 0.000000 0.944810 0.132389 0.132389 0.132389
7654.270996 0.000000 2938.594482 0.000000 0.655147 0.000000 0.755501 0.144957 0.144957 0.144957
7653.084961 0.000000 2951.985107 0.000000 0.600746 0.000000 0.799440 0.154412 0.154412 0.154412
7661.791016 0.000000 2950.525635 0.000000 0.197555 0.000000 0.980292 0.138226 0.138226 0.138226
7665.916504 0.000000 2954.977539 0.000000 0.683854 0.000000 0.729618 0.145686 0.145686 0.145686
7672.634766 0.000000 2972.976074 0.000000 0.994898 0.000000 0.100883 0.131229 0.131229 0.131229
7666.317383 0.000000 2940.378662 0.000000 0.927142 0.000000 -0.374711 0.145171 0.145171 0.145171
7658.133789 0.000000 2941.324951 0.000000 0.875272 0.000000 0.483631 0.196786 0.196786 0.196786
7657.396484 0.000000 2950.946289 0.000000 0.396849 0.000000 0.917884 0.181808 0.181808 0.181808
7654.192871 0.000000 2942.894287 0.000000 0.858183 0.000000 -0.513343 0.203432 0.203432 0.203432
7669.757812 0.000000 2956.552246 0.000000 0.908514 0.000000 0.417855 0.128189 0.128189 0.128189
7646.227539 0.000000 2941.744873 0.000000 0.974445 0.000000 0.224628 0.130703 0.130703 0.130703
7675.742676 0.000000 2974.864502 0.000000 0.950391 0.000000 0.311059 0.134764 0.134764 0.134764
7661.457031 0.000000 2941.401123 0.000000 0.948157 0.000000 0.317802 0.182416 0.182416 0.182416
7655.553711 0.000000 2954.389893 0.000000 0.978997 0.000000 0.203873 0.172534 0.172534 0.172534
7647.085938 0.000000 2944.816406 0.000000 0.834840 0.000000 -0.550492 0.141514 0.141514 0.141514
7655.443848 0.000000 2948.476807 0.000000 0.990438 0.000000 0.137957 0.172904 0.172904 0.172904
7649.860352 0.000000 2945.928711 0.000000 0.999810 0.000000 0.019514 0.173562 0.173562 0.173562
7659.534668 0.000000 2953.177246 0.000000 0.924295 0.000000 -0.381679 0.166192 0.166192 0.166192
7659.550781 0.000000 2943.987305 0.000000 0.948342 0.000000 -0.317250 0.202055 0.202055 0.202055
7656.221680 0.000000 2957.630859 0.000000 0.944051 0.000000 0.329798 0.155185 0.155185 0.155185
7652.294922 0.000000 2940.844238 0.000000 0.941268 0.000000 -0.337661 0.171609 0.171609 0.171609
7651.895020 0.000000 2949.701172 0.000000 0.896745 0.000000 0.442548 0.175552 0.175552 0.175552
7652.193359 0.000000 2944.646484 0.000000 0.855181 0.000000 0.518330 0.139278 0.139278 0.139278
7663.681152 0.000000 2940.089355 0.000000 0.643764 0.000000 0.765224 0.157414 0.157414 0.157414
7655.590820 0.000000 2940.802734 0.000000 0.417499 0.000000 0.908677 0.192742 0.192742 0.192742
7647.881836 0.000000 2939.836914 0.000000 0.883094 0.000000 0.469197 0.152218 0.152218 0.152218
7656.628906 0.000000 2943.327881 0.000000 0.855628 0.000000 -0.517591 0.203463 0.203463 0.203463
7663.774902 0.000000 2956.375977 0.000000 0.847351 0.000000 0.531033 0.144163 0.144163 0.144163
7655.451172 0.000000 2952.183105 0.000000 0.396950 0.000000 0.917840 0.180730 0.180730 0.180730
7657.191406 0.000000 2939.317871 0.000000 0.571305 0.000000 0.820738 0.164003 0.164003 0.164003
7659.536621 0.000000 2950.750488 0.000000 0.850222 0.000000 0.526424 0.151893 0.151893 0.151893
7654.302734 0.000000 2950.254150 0.000000 0.998229 0.000000 0.059487 0.188438 0.188438 0.188438
7650.286621 0.000000 2940.815186 0.000000 0.992697 0.000000 0.120633 0.161840 0.161840 0.161840
7651.248535 0.000000 2951.548828 0.000000 0.678482 0.000000 0.734617 0.157107 0.157107 0.157107
7656.686523 0.000000 2955.840576 0.000000 0.997291 0.000000 0.073557 0.178852 0.178852 0.178852
7648.870605 0.000000 2944.433105 0.000000 0.977575 0.000000 0.210586 0.172497 0.172497 0.172497
7659.779785 0.000000 2942.168945 0.000000 0.736007 0.000000 0.676974 0.195266 0.195266 0.195266
7654.039062 0.000000 2955.289307 0.000000 0.122032 0.000000 0.992526 0.165662 0.165662 0.165662
7661.137695 0.000000 2952.247559 0.000000 0.397191 0.000000 0.917736 0.160231 0.160231 0.160231
7654.058105 0.000000 2953.489990 0.000000 0.459056 0.000000 0.888407 0.181140 0.181140 0.181140
7653.573730 0.000000 2948.691650 0.000000 0.658784 0.000000 0.752332 0.171687 0.171687 0.171687
7648.125000 0.000000 2946.329590 0.000000 0.851622 0.000000 -0.524156 0.170449 0.170449 0.170449
7658.243164 0.000000 2943.072510 0.000000 0.852357 0.000000 0.522960 0.196497 0.196497 0.196497
7655.927246 0.000000 2950.361572 0.000000 0.686881 0.000000 0.726770 0.183906 0.183906 0.183906
7657.913086 0.000000 2954.582275 0.000000 0.999059 0.000000 -0.043369 0.179519 0.179519 0.179519
7656.668945 0.000000 2941.840820 0.000000 0.939004 0.000000 0.343907 0.197765 0.197765 0.197765
7656.942383 0.000000 2940.619873 0.000000 0.877153 0.000000 -0.480210 0.203189 0.203189 0.203189
7654.609863 0.000000 2941.552246 0.000000 0.886990 0.000000 -0.461789 0.203056 0.203056 0.203056
7659.124023 0.000000 2940.858887 0.000000 0.847532 0.000000 -0.530744 0.203562 0.203562 0.203562
7703.427734 0.000000 2986.182861 0.000000 0.983678 0.000000 0.179936 0.128109 0.128109 0.128109
7703.931152 0.000000 2988.904785 0.000000 0.570371 0.000000 0.821387 0.141733 0.141733 0.141733
7722.581543 0.000000 3012.476807 0.000000 0.166744 0.000000 0.986000 0.120955 0.120955 0.120955
7711.430176 0.000000 3004.443848 0.000000 0.966154 0.000000 0.257965 0.123337 0.123337 0.123337
7717.084961 0.000000 3008.469482 0.000000 0.399341 0.000000 0.916803 0.135424 0.135424 0.135424
7706.616699 0.000000 2999.881348 0.000000 0.192050 0.000000 0.981385 0.141414 0.141414 0.141414
7721.396484 0.000000 3007.430664 0.000000 0.996136 0.000000 -0.087823 0.144381 0.144381 0.144381
7706.844238 0.000000 2995.389404 0.000000 0.970313 0.000000 0.241854 0.136744 0.136744 0.136744
7708.263672 0.000000 3002.968018 0.000000 0.855969 0.000000 -0.517027 0.149317 0.149317 0.149317
7719.553711 0.000000 3010.874268 0.000000 0.179246 0.000000 0.983804 0.139746 0.139746 0.139746
7723.534668 0.000000 3009.661621 0.000000 0.935842 0.000000 0.352419 0.134020 0.134020 0.134020
7704.982910 0.000000 2997.545654 0.000000 0.400139 0.000000 0.916455 0.148377 0.148377 0.148377
7707.828125 0.000000 2997.710938 0.000000 0.985814 0.000000 0.167842 0.148777 0.148777 0.148777
7704.196777 0.000000 2999.939941 0.000000 0.906592 0.000000 -0.422009 0.153358 0.153358 0.153358
"}
object={
	name="bush_01_generator_1_1"
	clamp_to_water_level=no
	render_under_water=no
	generated_content=yes
	layer="semidynamic_medium"
	pdxmesh="tree_bush_02_mesh"
	count=283
	transform="2271.835205 0.000000 1461.306885 0.000000 0.651987 0.000000 -0.758230 0.205479 0.205479 0.205479
2273.146729 0.000000 1460.042603 0.000000 0.620907 0.000000 -0.783884 0.205735 0.205735 0.205735
2285.233887 0.000000 1494.491089 0.000000 0.354515 0.000000 -0.935050 0.207693 0.207693 0.207693
2286.917725 0.000000 1489.908447 0.000000 0.639861 0.000000 -0.768491 0.205580 0.205580 0.205580
2302.612305 0.000000 1520.234009 0.000000 0.661654 0.000000 -0.749809 0.132904 0.132904 0.132904
2282.478760 0.000000 1494.330811 0.000000 0.790115 0.000000 -0.612958 0.204200 0.204200 0.204200
2279.437012 0.000000 1495.975708 0.000000 0.098405 0.000000 -0.995147 0.149552 0.149552 0.149552
2284.596680 0.000000 1487.545044 0.000000 0.728217 0.000000 -0.685347 0.191612 0.191612 0.191612
2283.705322 0.000000 1495.981445 0.000000 0.233481 0.000000 -0.972361 0.208500 0.208500 0.208500
2288.528809 0.000000 1489.474731 0.000000 0.594047 0.000000 -0.804430 0.194990 0.194990 0.194990
2284.925537 0.000000 1485.161133 0.000000 0.333983 0.000000 -0.942579 0.190949 0.190949 0.190949
2279.991211 0.000000 1501.485352 0.000000 0.299476 0.000000 -0.954104 0.208064 0.208064 0.208064
2281.289551 0.000000 1494.006592 0.000000 0.536458 0.000000 -0.843927 0.206395 0.206395 0.206395
2286.963867 0.000000 1488.693237 0.000000 0.653370 0.000000 -0.757038 0.205467 0.205467 0.205467
2287.274170 0.000000 1486.676392 0.000000 0.678568 0.000000 -0.734538 0.205252 0.205252 0.205252
2283.478516 0.000000 1494.921631 0.000000 0.583672 0.000000 -0.811989 0.206032 0.206032 0.206032
2304.354004 0.000000 1516.561646 0.000000 0.115999 0.000000 -0.993249 0.209260 0.209260 0.209260
2349.255371 0.000000 1523.469238 0.000000 0.670179 0.000000 -0.742200 0.205324 0.205324 0.205324
2339.373291 0.000000 1495.537109 0.000000 0.657735 0.000000 -0.753250 0.176083 0.176083 0.176083
2346.622314 0.000000 1522.618774 0.000000 0.342953 0.000000 -0.939353 0.195550 0.195550 0.195550
2306.854492 0.000000 1516.140747 0.000000 0.366935 0.000000 -0.930247 0.207608 0.207608 0.207608
2348.424072 0.000000 1521.139771 0.000000 0.638356 0.000000 -0.769741 0.152035 0.152035 0.152035
2349.468262 0.000000 1522.103394 0.000000 0.109978 0.000000 -0.993934 0.209298 0.209298 0.209298
2377.424072 0.000000 1496.467529 0.000000 0.130304 0.000000 -0.991474 0.169327 0.169327 0.169327
2404.050049 0.000000 1561.367676 0.000000 0.435107 0.000000 -0.900379 0.207134 0.207134 0.207134
2405.993652 0.000000 1554.641479 0.000000 0.544014 0.000000 -0.839076 0.200558 0.200558 0.200558
2385.653076 0.000000 1533.547485 0.000000 0.414874 0.000000 -0.909879 0.207277 0.207277 0.207277
2423.033203 0.000000 1563.526001 0.000000 0.366170 0.000000 -0.930548 0.179699 0.179699 0.179699
2421.610352 0.000000 1560.570923 0.000000 0.082834 0.000000 -0.996563 0.188936 0.188936 0.188936
2402.794434 0.000000 1563.337646 0.000000 0.445996 0.000000 -0.895035 0.194297 0.194297 0.194297
2390.295166 0.000000 1532.551270 0.000000 0.747342 0.000000 -0.664440 0.158772 0.158772 0.158772
2431.035400 0.000000 1566.686279 0.000000 0.370295 0.000000 -0.928914 0.207585 0.207585 0.207585
2405.382812 0.000000 1552.660156 0.000000 0.806743 0.000000 -0.590902 0.162877 0.162877 0.162877
2404.999756 0.000000 1559.759644 0.000000 0.649774 0.000000 -0.760127 0.205497 0.205497 0.205497
2423.086426 0.000000 1561.694458 0.000000 0.625611 0.000000 -0.780135 0.205697 0.205697 0.205697
2405.460205 0.000000 1556.413330 0.000000 0.591507 0.000000 -0.806300 0.205971 0.205971 0.205971
2429.135498 0.000000 1567.804810 0.000000 0.388808 0.000000 -0.921319 0.190024 0.190024 0.190024
2423.001709 0.000000 1560.112793 0.000000 0.044778 0.000000 -0.998997 0.209715 0.209715 0.209715
2404.907471 0.000000 1562.162231 0.000000 0.474515 0.000000 -0.880248 0.206852 0.206852 0.206852
2445.646240 0.000000 1565.824341 0.000000 0.606430 0.000000 -0.795137 0.146461 0.146461 0.146461
2441.807861 0.000000 1560.783691 0.000000 0.790971 0.000000 -0.611853 0.204192 0.204192 0.204192
2439.290527 0.000000 1559.750488 0.000000 0.329511 0.000000 -0.944152 0.207862 0.207862 0.207862
2432.956543 0.000000 1566.197998 0.000000 0.726121 0.000000 -0.687567 0.170402 0.170402 0.170402
2441.639893 0.000000 1558.305176 0.000000 0.605088 0.000000 -0.796158 0.162038 0.162038 0.162038
2445.897461 0.000000 1568.186035 0.000000 0.668005 0.000000 -0.744156 0.152425 0.152425 0.152425
2436.483643 0.000000 1559.507935 0.000000 0.127435 0.000000 -0.991847 0.183990 0.183990 0.183990
2439.860840 0.000000 1558.418335 0.000000 0.544263 0.000000 -0.838915 0.206336 0.206336 0.206336
2438.769043 0.000000 1561.085449 0.000000 0.625055 0.000000 -0.780581 0.205702 0.205702 0.205702
2441.007568 0.000000 1561.787231 0.000000 0.083425 0.000000 -0.996514 0.209468 0.209468 0.209468
1577.246460 0.000000 2364.171143 0.000000 0.603251 0.000000 -0.797551 0.205877 0.205877 0.205877
1586.616577 0.000000 2361.912598 0.000000 0.419237 0.000000 -0.907877 0.207246 0.207246 0.207246
1589.008667 0.000000 2360.081299 0.000000 0.453749 0.000000 -0.891129 0.195405 0.195405 0.195405
1569.210693 0.000000 2365.302246 0.000000 0.022502 0.000000 -0.999747 0.209857 0.209857 0.209857
1591.657227 0.000000 2356.233154 0.000000 0.058029 0.000000 -0.998315 0.162654 0.162654 0.162654
1584.863892 0.000000 2360.335449 0.000000 0.799769 0.000000 -0.600308 0.165223 0.165223 0.165223
1578.287964 0.000000 2346.541748 0.000000 0.094504 0.000000 -0.995525 0.209397 0.209397 0.209397
1571.360474 0.000000 2365.108154 0.000000 0.368886 0.000000 -0.929475 0.207595 0.207595 0.207595
1586.104370 0.000000 2360.572998 0.000000 0.099895 0.000000 -0.994998 0.209363 0.209363 0.209363
1577.291626 0.000000 2365.365479 0.000000 0.645120 0.000000 -0.764081 0.205536 0.205536 0.205536
1583.754517 0.000000 2364.573486 0.000000 0.196565 0.000000 -0.980491 0.208740 0.208740 0.208740
1591.960815 0.000000 2362.016113 0.000000 0.727729 0.000000 -0.685864 0.204811 0.204811 0.204811
1610.048218 0.000000 2361.359619 0.000000 0.682391 0.000000 -0.730987 0.205219 0.205219 0.205219
1637.993652 0.000000 2345.422607 0.000000 0.505606 0.000000 -0.862764 0.144696 0.144696 0.144696
1624.763672 0.000000 2346.590576 0.000000 0.678762 0.000000 -0.734358 0.184553 0.184553 0.184553
1618.867188 0.000000 2358.823242 0.000000 0.678757 0.000000 -0.734363 0.197776 0.197776 0.197776
1602.892212 0.000000 2354.060547 0.000000 0.505601 0.000000 -0.862768 0.145274 0.145274 0.145274
1633.496704 0.000000 2340.090088 0.000000 0.215753 0.000000 -0.976448 0.181735 0.181735 0.181735
1622.646118 0.000000 2346.525146 0.000000 0.092147 0.000000 -0.995745 0.209413 0.209413 0.209413
1637.382812 0.000000 2343.441406 0.000000 0.720666 0.000000 -0.693282 0.193973 0.193973 0.193973
1611.621582 0.000000 2361.782959 0.000000 0.726447 0.000000 -0.687223 0.204823 0.204823 0.204823
1614.515747 0.000000 2365.806152 0.000000 0.090951 0.000000 -0.995855 0.209420 0.209420 0.209420
1619.367432 0.000000 2345.866699 0.000000 0.584652 0.000000 -0.811284 0.206025 0.206025 0.206025
1619.671875 0.000000 2344.594238 0.000000 0.772060 0.000000 -0.635549 0.204385 0.204385 0.204385
1622.587158 0.000000 2347.812744 0.000000 0.065489 0.000000 -0.997853 0.209583 0.209583 0.209583
1623.721191 0.000000 2346.382812 0.000000 0.076239 0.000000 -0.997090 0.209514 0.209514 0.209514
1742.588013 0.000000 2380.112549 0.000000 0.593549 0.000000 -0.804798 0.205955 0.205955 0.205955
2898.852783 0.000000 3425.669922 0.000000 0.571576 0.000000 -0.820549 0.134531 0.134531 0.134531
2903.538086 0.000000 3425.349365 0.000000 0.635158 0.000000 -0.772382 0.154934 0.154934 0.154934
2903.759277 0.000000 3433.188232 0.000000 0.329067 0.000000 -0.944307 0.145564 0.145564 0.145564
2901.175049 0.000000 3424.280518 0.000000 0.331219 0.000000 -0.943554 0.207851 0.207851 0.207851
2869.758057 0.000000 3464.911621 0.000000 0.057521 0.000000 -0.998344 0.156785 0.156785 0.156785
2866.335205 0.000000 3466.439941 0.000000 0.799886 0.000000 -0.600151 0.174941 0.174941 0.174941
2870.872070 0.000000 3465.932129 0.000000 0.360248 0.000000 -0.932857 0.194857 0.194857 0.194857
2922.572266 0.000000 3495.125732 0.000000 0.059242 0.000000 -0.998244 0.202577 0.202577 0.202577
2909.126709 0.000000 3450.754150 0.000000 0.387266 0.000000 -0.921968 0.207468 0.207468 0.207468
4825.268555 0.000000 1428.518555 0.000000 0.698976 0.000000 -0.715145 0.205073 0.205073 0.205073
4848.887695 0.000000 1436.984863 0.000000 0.470841 0.000000 -0.882218 0.206879 0.206879 0.206879
4822.343750 0.000000 1429.501587 0.000000 0.246448 0.000000 -0.969156 0.201993 0.201993 0.201993
4840.221680 0.000000 1432.552612 0.000000 0.434297 0.000000 -0.900770 0.181030 0.181030 0.181030
4827.116211 0.000000 1430.584595 0.000000 0.208184 0.000000 -0.978090 0.208665 0.208665 0.208665
4827.921387 0.000000 1428.065063 0.000000 0.209630 0.000000 -0.977781 0.164236 0.164236 0.164236
4852.288574 0.000000 1432.939453 0.000000 0.376771 0.000000 -0.926306 0.200565 0.200565 0.200565
4841.984863 0.000000 1433.046021 0.000000 0.531406 0.000000 -0.847117 0.180412 0.180412 0.180412
4845.137695 0.000000 1427.169434 0.000000 0.120151 0.000000 -0.992756 0.179343 0.179343 0.179343
4833.168457 0.000000 1432.401611 0.000000 0.506052 0.000000 -0.862503 0.200256 0.200256 0.200256
4817.973633 0.000000 1427.030762 0.000000 0.642252 0.000000 -0.766494 0.199226 0.199226 0.199226
4824.543945 0.000000 1426.610718 0.000000 0.054447 0.000000 -0.998517 0.209653 0.209653 0.209653
4855.532715 0.000000 1436.719238 0.000000 0.044242 0.000000 -0.999021 0.209718 0.209718 0.209718
4825.273438 0.000000 1433.037964 0.000000 0.784597 0.000000 -0.620007 0.203685 0.203685 0.203685
4825.368652 0.000000 1427.397339 0.000000 0.122308 0.000000 -0.992492 0.209219 0.209219 0.209219
4866.200195 0.000000 1428.728638 0.000000 0.518086 0.000000 -0.855329 0.171243 0.171243 0.171243
4867.585449 0.000000 1431.702637 0.000000 0.173777 0.000000 -0.984785 0.187824 0.187824 0.187824
4989.733887 0.000000 1446.319580 0.000000 0.460648 0.000000 -0.887583 0.152461 0.152461 0.152461
4942.146973 0.000000 1433.962891 0.000000 0.754335 0.000000 -0.656490 0.170180 0.170180 0.170180
4954.132812 0.000000 1446.561157 0.000000 0.303559 0.000000 -0.952813 0.151511 0.151511 0.151511
4972.084473 0.000000 1442.853149 0.000000 0.237352 0.000000 -0.971424 0.208474 0.208474 0.208474
4970.452148 0.000000 1447.043457 0.000000 0.225730 0.000000 -0.974190 0.151301 0.151301 0.151301
4968.581055 0.000000 1442.373779 0.000000 0.659672 0.000000 -0.751553 0.152478 0.152478 0.152478
4961.051758 0.000000 1444.300903 0.000000 0.086454 0.000000 -0.996256 0.187155 0.187155 0.187155
4977.077637 0.000000 1444.497314 0.000000 0.712270 0.000000 -0.701905 0.194620 0.194620 0.194620
4943.814941 0.000000 1432.741333 0.000000 0.609940 0.000000 -0.792448 0.171232 0.171232 0.171232
5001.114258 0.000000 1442.223145 0.000000 0.677529 0.000000 -0.735496 0.158114 0.158114 0.158114
7289.729980 0.000000 662.117615 0.000000 0.240464 0.000000 -0.970658 0.173420 0.173420 0.173420
7292.154785 0.000000 661.427856 0.000000 0.102078 0.000000 -0.994776 0.209349 0.209349 0.209349
7359.419434 0.000000 643.200195 0.000000 0.240042 0.000000 -0.970763 0.208457 0.208457 0.208457
7319.538086 0.000000 657.614929 0.000000 0.299128 0.000000 -0.954213 0.208066 0.208066 0.208066
7344.763672 0.000000 661.134583 0.000000 0.280728 0.000000 -0.959787 0.208188 0.208188 0.208188
7319.654785 0.000000 654.983582 0.000000 0.452948 0.000000 -0.891537 0.207007 0.207007 0.207007
7345.258789 0.000000 658.785095 0.000000 0.679431 0.000000 -0.733739 0.205245 0.205245 0.205245
7304.383301 0.000000 643.191895 0.000000 0.663077 0.000000 -0.748551 0.173743 0.173743 0.173743
7307.567871 0.000000 661.481445 0.000000 0.317603 0.000000 -0.948224 0.182896 0.182896 0.182896
7346.737793 0.000000 654.825806 0.000000 0.000074 0.000000 -1.000000 0.197647 0.197647 0.197647
7323.568359 0.000000 654.735474 0.000000 0.320791 0.000000 -0.947150 0.198020 0.198020 0.198020
7326.604492 0.000000 654.608276 0.000000 0.262919 0.000000 -0.964818 0.190218 0.190218 0.190218
7351.627441 0.000000 651.955627 0.000000 0.452793 0.000000 -0.891616 0.200630 0.200630 0.200630
7353.877930 0.000000 651.909424 0.000000 0.276570 0.000000 -0.960994 0.202967 0.202967 0.202967
7305.788574 0.000000 640.729004 0.000000 0.181878 0.000000 -0.983321 0.208836 0.208836 0.208836
7344.564941 0.000000 659.891174 0.000000 0.476357 0.000000 -0.879252 0.206839 0.206839 0.206839
7373.917480 0.000000 652.774353 0.000000 0.635983 0.000000 -0.771703 0.198125 0.198125 0.198125
7371.567871 0.000000 661.481445 0.000000 0.430560 0.000000 -0.902562 0.207166 0.207166 0.207166
7373.010254 0.000000 655.352356 0.000000 0.495652 0.000000 -0.868521 0.206699 0.206699 0.206699
7363.585449 0.000000 640.921448 0.000000 0.536574 0.000000 -0.843853 0.206394 0.206394 0.206394
7360.271973 0.000000 642.283447 0.000000 0.073108 0.000000 -0.997324 0.209534 0.209534 0.209534
7450.051758 0.000000 653.622375 0.000000 0.585485 0.000000 -0.810683 0.168508 0.168508 0.168508
4794.165039 0.000000 2225.441406 0.000000 0.588964 0.000000 -0.808160 0.205991 0.205991 0.205991
4790.755859 0.000000 2228.986084 0.000000 0.506210 0.000000 -0.862410 0.181155 0.181155 0.181155
4795.669434 0.000000 2222.595459 0.000000 0.260229 0.000000 -0.965547 0.208324 0.208324 0.208324
4775.131348 0.000000 2237.869873 0.000000 0.113466 0.000000 -0.993542 0.169414 0.169414 0.169414
4778.478516 0.000000 2228.627686 0.000000 0.609141 0.000000 -0.793062 0.201218 0.201218 0.201218
4763.115234 0.000000 2232.174316 0.000000 0.703978 0.000000 -0.710222 0.152766 0.152766 0.152766
4780.304199 0.000000 2226.590088 0.000000 0.642728 0.000000 -0.766094 0.157190 0.157190 0.157190
4792.956055 0.000000 2228.306396 0.000000 0.470011 0.000000 -0.882661 0.184284 0.184284 0.184284
4771.886719 0.000000 2233.515137 0.000000 0.191757 0.000000 -0.981442 0.208772 0.208772 0.208772
4779.705078 0.000000 2230.278320 0.000000 0.577936 0.000000 -0.816082 0.180101 0.180101 0.180101
4769.556152 0.000000 2229.564941 0.000000 0.028092 0.000000 -0.999605 0.181022 0.181022 0.181022
4764.327637 0.000000 2230.709229 0.000000 0.236631 0.000000 -0.971600 0.208479 0.208479 0.208479
4779.434082 0.000000 2231.980713 0.000000 0.784601 0.000000 -0.620001 0.178511 0.178511 0.178511
4777.028320 0.000000 2229.597412 0.000000 0.305570 0.000000 -0.952170 0.196369 0.196369 0.196369
4794.962891 0.000000 2221.029297 0.000000 0.388333 0.000000 -0.921519 0.201650 0.201650 0.201650
4796.606934 0.000000 2220.745605 0.000000 0.748655 0.000000 -0.662960 0.204614 0.204614 0.204614
4778.833008 0.000000 2227.123535 0.000000 0.099991 0.000000 -0.994988 0.197047 0.197047 0.197047
4779.860840 0.000000 2228.196777 0.000000 0.282937 0.000000 -0.959139 0.203509 0.203509 0.203509
4770.885254 0.000000 2232.475342 0.000000 0.644462 0.000000 -0.764636 0.205542 0.205542 0.205542
4778.333984 0.000000 2229.984375 0.000000 0.803751 0.000000 -0.594966 0.199484 0.199484 0.199484
4765.522949 0.000000 2230.694580 0.000000 0.391577 0.000000 -0.920146 0.207439 0.207439 0.207439
4805.348633 0.000000 2211.332520 0.000000 0.230929 0.000000 -0.972971 0.208516 0.208516 0.208516
4812.396484 0.000000 2215.398438 0.000000 0.281017 0.000000 -0.959703 0.190692 0.190692 0.190692
4815.212891 0.000000 2215.343994 0.000000 0.326835 0.000000 -0.945081 0.154891 0.154891 0.154891
4802.093750 0.000000 2213.957031 0.000000 0.318660 0.000000 -0.947869 0.207935 0.207935 0.207935
4810.587402 0.000000 2216.170898 0.000000 0.682333 0.000000 -0.731041 0.176477 0.176477 0.176477
4813.681152 0.000000 2216.663330 0.000000 0.146292 0.000000 -0.989241 0.168658 0.168658 0.168658
4812.990723 0.000000 2219.892822 0.000000 0.571185 0.000000 -0.820822 0.190540 0.190540 0.190540
5082.840820 0.000000 2286.079346 0.000000 0.279087 0.000000 -0.960266 0.148131 0.148131 0.148131
5117.449707 0.000000 2268.861084 0.000000 0.144451 0.000000 -0.989512 0.154026 0.154026 0.154026
5110.278809 0.000000 2259.406982 0.000000 0.054619 0.000000 -0.998507 0.179702 0.179702 0.179702
5126.599121 0.000000 2255.991455 0.000000 0.369760 0.000000 -0.929127 0.142463 0.142463 0.142463
5125.147461 0.000000 2256.879883 0.000000 0.339308 0.000000 -0.940675 0.185678 0.185678 0.185678
5151.822266 0.000000 2285.436035 0.000000 0.450205 0.000000 -0.892925 0.140338 0.140338 0.140338
5147.115234 0.000000 2288.658691 0.000000 0.741996 0.000000 -0.670404 0.155945 0.155945 0.155945
5154.441895 0.000000 2293.338379 0.000000 0.131079 0.000000 -0.991372 0.153503 0.153503 0.153503
5140.387207 0.000000 2286.172119 0.000000 0.700302 0.000000 -0.713847 0.152216 0.152216 0.152216
5149.381836 0.000000 2289.970215 0.000000 0.578903 0.000000 -0.815396 0.165087 0.165087 0.165087
5154.022949 0.000000 2281.410645 0.000000 0.377835 0.000000 -0.925873 0.177886 0.177886 0.177886
5143.405273 0.000000 2288.744141 0.000000 0.132380 0.000000 -0.991199 0.196852 0.196852 0.196852
5142.003418 0.000000 2288.591309 0.000000 0.493349 0.000000 -0.869831 0.194556 0.194556 0.194556
5280.264648 0.000000 2281.243408 0.000000 0.192819 0.000000 -0.981234 0.127481 0.127481 0.127481
5741.791016 0.000000 2272.713135 0.000000 0.478395 0.000000 -0.878145 0.163953 0.163953 0.163953
5710.716309 0.000000 2269.108643 0.000000 0.612372 0.000000 -0.790570 0.164298 0.164298 0.164298
5711.212891 0.000000 2271.828369 0.000000 0.782448 0.000000 -0.622715 0.180819 0.180819 0.180819
5739.536621 0.000000 2272.937988 0.000000 0.441596 0.000000 -0.897214 0.186785 0.186785 0.186785
5711.288574 0.000000 2273.913086 0.000000 0.470959 0.000000 -0.882155 0.191232 0.191232 0.191232
4953.268555 0.000000 3179.534180 0.000000 0.492251 0.000000 -0.870453 0.165610 0.165610 0.165610
4961.456543 0.000000 3177.049805 0.000000 0.663075 0.000000 -0.748553 0.176620 0.176620 0.176620
4967.553711 0.000000 3180.327393 0.000000 0.305133 0.000000 -0.952310 0.139267 0.139267 0.139267
4966.386719 0.000000 3185.473145 0.000000 0.744281 0.000000 -0.667866 0.204656 0.204656 0.204656
4954.002441 0.000000 3177.160400 0.000000 0.708845 0.000000 -0.705365 0.188907 0.188907 0.188907
4969.984863 0.000000 3184.061523 0.000000 0.513477 0.000000 -0.858104 0.168957 0.168957 0.168957
4967.815430 0.000000 3172.678711 0.000000 0.791957 0.000000 -0.610577 0.186451 0.186451 0.186451
4960.356445 0.000000 3175.491943 0.000000 0.794705 0.000000 -0.606996 0.204153 0.204153 0.204153
4966.613281 0.000000 3183.995850 0.000000 0.175642 0.000000 -0.984454 0.200685 0.200685 0.200685
4958.441895 0.000000 3175.089111 0.000000 0.527292 0.000000 -0.849684 0.206464 0.206464 0.206464
6323.409180 0.000000 2510.798828 0.000000 0.706866 0.000000 -0.707347 0.168251 0.168251 0.168251
6290.017090 0.000000 2509.097168 0.000000 0.169628 0.000000 -0.985508 0.189603 0.189603 0.189603
6319.143066 0.000000 2510.989990 0.000000 0.788656 0.000000 -0.614835 0.204216 0.204216 0.204216
6317.479492 0.000000 2509.852051 0.000000 0.790571 0.000000 -0.612370 0.204196 0.204196 0.204196
6321.295410 0.000000 2509.073486 0.000000 0.543424 0.000000 -0.839459 0.206343 0.206343 0.206343
6291.341797 0.000000 2506.752197 0.000000 0.673051 0.000000 -0.739596 0.205300 0.205300 0.205300
6317.368652 0.000000 2508.776855 0.000000 0.514626 0.000000 -0.857415 0.206559 0.206559 0.206559
7010.997070 0.000000 2428.307129 0.000000 0.014742 0.000000 -0.999891 0.184035 0.184035 0.184035
7013.505371 0.000000 2428.031494 0.000000 0.699659 0.000000 -0.714477 0.205067 0.205067 0.205067
7017.206543 0.000000 2437.371826 0.000000 0.099181 0.000000 -0.995069 0.209368 0.209368 0.209368
7016.628906 0.000000 2434.968506 0.000000 0.332250 0.000000 -0.943191 0.207844 0.207844 0.207844
7019.779785 0.000000 2433.809570 0.000000 0.568009 0.000000 -0.823022 0.206154 0.206154 0.206154
7010.589355 0.000000 2429.026367 0.000000 0.417213 0.000000 -0.908809 0.181715 0.181715 0.181715
7017.102051 0.000000 2436.088135 0.000000 0.660168 0.000000 -0.751118 0.205410 0.205410 0.205410
7013.115234 0.000000 2429.696289 0.000000 0.235500 0.000000 -0.971874 0.208487 0.208487 0.208487
6996.194824 0.000000 2587.709717 0.000000 0.624625 0.000000 -0.780925 0.205705 0.205705 0.205705
6924.652344 0.000000 2736.676758 0.000000 0.715195 0.000000 -0.698925 0.133748 0.133748 0.133748
6967.190918 0.000000 2753.140625 0.000000 0.422919 0.000000 -0.906168 0.207220 0.207220 0.207220
7135.273438 0.000000 2879.095215 0.000000 0.804357 0.000000 -0.594146 0.180616 0.180616 0.180616
7108.957031 0.000000 2870.385742 0.000000 0.091050 0.000000 -0.995846 0.139613 0.139613 0.139613
7104.073242 0.000000 2862.780273 0.000000 0.795066 0.000000 -0.606523 0.141818 0.141818 0.141818
7106.854492 0.000000 2871.765625 0.000000 0.301952 0.000000 -0.953323 0.151519 0.151519 0.151519
7149.457031 0.000000 2884.916748 0.000000 0.193932 0.000000 -0.981015 0.152036 0.152036 0.152036
7132.442383 0.000000 2880.720459 0.000000 0.306141 0.000000 -0.951986 0.167231 0.167231 0.167231
6516.885254 0.000000 3214.876221 0.000000 0.581840 0.000000 -0.813304 0.156988 0.156988 0.156988
6520.579102 0.000000 3212.287354 0.000000 0.426912 0.000000 -0.904293 0.141610 0.141610 0.141610
6518.803711 0.000000 3221.675537 0.000000 0.431247 0.000000 -0.902234 0.131725 0.131725 0.131725
6511.569336 0.000000 3219.712646 0.000000 0.059918 0.000000 -0.998203 0.166168 0.166168 0.166168
6564.590332 0.000000 3229.615967 0.000000 0.660599 0.000000 -0.750739 0.144993 0.144993 0.144993
6556.263672 0.000000 3228.905518 0.000000 0.255449 0.000000 -0.966823 0.141822 0.141822 0.141822
6498.997070 0.000000 3445.025879 0.000000 0.544529 0.000000 -0.838742 0.191307 0.191307 0.191307
6483.362793 0.000000 3453.858398 0.000000 0.395868 0.000000 -0.918308 0.179522 0.179522 0.179522
6481.197754 0.000000 3452.340088 0.000000 0.545795 0.000000 -0.837919 0.184363 0.184363 0.184363
6498.589355 0.000000 3445.745117 0.000000 0.433816 0.000000 -0.901002 0.192057 0.192057 0.192057
6532.256348 0.000000 3444.578125 0.000000 0.280801 0.000000 -0.959766 0.200607 0.200607 0.200607
6561.860352 0.000000 3454.288086 0.000000 0.489726 0.000000 -0.871876 0.206742 0.206742 0.206742
6540.406250 0.000000 3446.495117 0.000000 0.802734 0.000000 -0.596337 0.160053 0.160053 0.160053
6547.958008 0.000000 3452.259521 0.000000 0.643369 0.000000 -0.765556 0.205551 0.205551 0.205551
6545.197754 0.000000 3452.340088 0.000000 0.096929 0.000000 -0.995291 0.209382 0.209382 0.209382
6533.380859 0.000000 3445.704834 0.000000 0.803918 0.000000 -0.594741 0.196624 0.196624 0.196624
6544.956055 0.000000 3448.366943 0.000000 0.244240 0.000000 -0.969715 0.208429 0.208429 0.208429
6961.605957 0.000000 3215.978760 0.000000 0.464625 0.000000 -0.885508 0.162293 0.162293 0.162293
6960.587402 0.000000 3214.051025 0.000000 0.648474 0.000000 -0.761237 0.161183 0.161183 0.161183
6953.461914 0.000000 3218.724609 0.000000 0.283631 0.000000 -0.958933 0.194758 0.194758 0.194758
6956.112305 0.000000 3217.179443 0.000000 0.444376 0.000000 -0.895840 0.207069 0.207069 0.207069
7008.909180 0.000000 3205.368408 0.000000 0.081318 0.000000 -0.996688 0.152564 0.152564 0.152564
6996.194824 0.000000 3209.037842 0.000000 0.708181 0.000000 -0.706031 0.136660 0.136660 0.136660
6991.660156 0.000000 3214.290283 0.000000 0.449625 0.000000 -0.893218 0.149039 0.149039 0.149039
7202.074219 0.000000 2886.222900 0.000000 0.194897 0.000000 -0.980824 0.208751 0.208751 0.208751
7202.139648 0.000000 2882.429443 0.000000 0.380053 0.000000 -0.924965 0.144740 0.144740 0.144740
7204.294922 0.000000 2884.359863 0.000000 0.615224 0.000000 -0.788352 0.178690 0.178690 0.178690
7204.193359 0.000000 2888.162109 0.000000 0.084801 0.000000 -0.996398 0.209459 0.209459 0.209459
7661.255371 0.000000 2879.094238 0.000000 0.661965 0.000000 -0.749535 0.135779 0.135779 0.135779
7648.264648 0.000000 2902.571533 0.000000 0.184696 0.000000 -0.982796 0.140966 0.140966 0.140966
7650.074219 0.000000 2886.222900 0.000000 0.195131 0.000000 -0.980777 0.133319 0.133319 0.133319
7647.949707 0.000000 2914.959229 0.000000 0.454062 0.000000 -0.890970 0.140319 0.140319 0.140319
7648.238770 0.000000 2934.241455 0.000000 0.442452 0.000000 -0.896792 0.188520 0.188520 0.188520
7209.206543 0.000000 3058.699951 0.000000 0.431952 0.000000 -0.901897 0.195551 0.195551 0.195551
7204.590332 0.000000 3060.162842 0.000000 0.182547 0.000000 -0.983197 0.203567 0.203567 0.203567
7209.396484 0.000000 3063.915039 0.000000 0.591068 0.000000 -0.806622 0.155779 0.155779 0.155779
7216.446289 0.000000 3060.987061 0.000000 0.784012 0.000000 -0.620746 0.187098 0.187098 0.187098
7211.534668 0.000000 3066.145996 0.000000 0.051589 0.000000 -0.998668 0.209671 0.209671 0.209671
7207.451172 0.000000 3065.151855 0.000000 0.692428 0.000000 -0.721487 0.160312 0.160312 0.160312
7209.380859 0.000000 3066.103760 0.000000 0.110204 0.000000 -0.993909 0.209297 0.209297 0.209297
7208.686523 0.000000 3068.809326 0.000000 0.469599 0.000000 -0.882880 0.206888 0.206888 0.206888
7209.984863 0.000000 3071.092773 0.000000 0.134039 0.000000 -0.990976 0.187468 0.187468 0.187468
7205.573730 0.000000 3061.660400 0.000000 0.650987 0.000000 -0.759089 0.200307 0.200307 0.200307
7211.719727 0.000000 3067.742920 0.000000 0.420500 0.000000 -0.907293 0.207237 0.207237 0.207237
7209.506836 0.000000 3069.872070 0.000000 0.482920 0.000000 -0.875664 0.206792 0.206792 0.206792
7218.149902 0.000000 3059.442627 0.000000 0.448178 0.000000 -0.893944 0.207041 0.207041 0.207041
7210.449707 0.000000 3066.542725 0.000000 0.049836 0.000000 -0.998757 0.209683 0.209683 0.209683
7658.581543 0.000000 2955.992432 0.000000 0.230071 0.000000 -0.973174 0.173476 0.173476 0.173476
7650.074219 0.000000 2942.707275 0.000000 0.784147 0.000000 -0.620576 0.176226 0.176226 0.176226
7652.590332 0.000000 2947.194092 0.000000 0.755329 0.000000 -0.655346 0.164442 0.164442 0.164442
7662.917969 0.000000 2958.502197 0.000000 0.136380 0.000000 -0.990657 0.142934 0.142934 0.142934
7662.165527 0.000000 2954.729736 0.000000 0.218813 0.000000 -0.975767 0.166526 0.166526 0.166526
7654.658203 0.000000 2945.408447 0.000000 0.619723 0.000000 -0.784821 0.153876 0.153876 0.153876
7662.967285 0.000000 2952.564453 0.000000 0.655700 0.000000 -0.755021 0.168041 0.168041 0.168041
7657.380859 0.000000 2953.135010 0.000000 0.120901 0.000000 -0.992665 0.198093 0.198093 0.198093
7651.859863 0.000000 2942.869873 0.000000 0.261277 0.000000 -0.965264 0.179725 0.179725 0.179725
7653.911621 0.000000 2940.347168 0.000000 0.608829 0.000000 -0.793302 0.174698 0.174698 0.174698
7648.706543 0.000000 2941.336670 0.000000 0.546119 0.000000 -0.837708 0.178003 0.178003 0.178003
7650.527344 0.000000 2944.295166 0.000000 0.172099 0.000000 -0.985080 0.180227 0.180227 0.180227
7650.940430 0.000000 2947.273926 0.000000 0.690407 0.000000 -0.723421 0.178715 0.178715 0.178715
7660.179688 0.000000 2940.610596 0.000000 0.594659 0.000000 -0.803978 0.189793 0.189793 0.189793
7650.394043 0.000000 2949.880615 0.000000 0.476337 0.000000 -0.879263 0.184243 0.184243 0.184243
7655.477539 0.000000 2942.445312 0.000000 0.287933 0.000000 -0.957650 0.208141 0.208141 0.208141
7705.924805 0.000000 2990.427979 0.000000 0.488842 0.000000 -0.872372 0.137832 0.137832 0.137832
7701.636230 0.000000 2991.689697 0.000000 0.127484 0.000000 -0.991841 0.146489 0.146489 0.146489
7702.797363 0.000000 2994.646484 0.000000 0.157514 0.000000 -0.987517 0.137572 0.137572 0.137572
7717.443359 0.000000 3013.473877 0.000000 0.606649 0.000000 -0.794970 0.131467 0.131467 0.131467
7702.302246 0.000000 2998.725830 0.000000 0.171355 0.000000 -0.985209 0.153313 0.153313 0.153313
"}
