object={
	name="bush_02_generator_1_0"
	clamp_to_water_level=no
	render_under_water=no
	generated_content=yes
	layer="semidynamic_medium"
	pdxmesh="tree_bush_03_mesh"
	count=402
	transform="571.875732 0.000000 1143.893677 0.000000 0.838638 0.000000 0.544689 0.196333 0.196333 0.196333
573.523621 0.000000 1143.272949 0.000000 0.192256 0.000000 0.981345 0.191232 0.191232 0.191232
573.121704 0.000000 1145.912476 0.000000 0.259938 0.000000 0.965625 0.183621 0.183621 0.183621
570.513306 0.000000 1143.383911 0.000000 0.854765 0.000000 -0.519016 0.203474 0.203474 0.203474
572.279541 0.000000 1142.665283 0.000000 0.999988 0.000000 0.004947 0.199969 0.199969 0.199969
1705.423462 0.000000 2517.734619 0.000000 0.347468 0.000000 0.937692 0.192259 0.192259 0.192259
1704.307739 0.000000 2516.905029 0.000000 0.390983 0.000000 0.920398 0.192557 0.192557 0.192557
1705.275879 0.000000 2516.414307 0.000000 0.737560 0.000000 0.675282 0.195280 0.195280 0.195280
1774.584106 0.000000 2534.093018 0.000000 0.448482 0.000000 0.893792 0.192961 0.192961 0.192961
1776.587158 0.000000 2536.238525 0.000000 0.864956 0.000000 -0.501848 0.182272 0.182272 0.182272
1775.452637 0.000000 2535.291748 0.000000 0.943616 0.000000 -0.331041 0.202148 0.202148 0.202148
1777.428345 0.000000 2535.247559 0.000000 0.893934 0.000000 0.448198 0.197041 0.197041 0.197041
1699.530884 0.000000 2648.869873 0.000000 0.149301 0.000000 0.988792 0.190954 0.190954 0.190954
1691.221802 0.000000 2644.309814 0.000000 0.064956 0.000000 0.997888 0.162678 0.162678 0.162678
1702.720825 0.000000 2645.015869 0.000000 0.552550 0.000000 0.833480 0.157912 0.157912 0.157912
1706.064331 0.000000 2649.604980 0.000000 0.154684 0.000000 0.987964 0.157285 0.157285 0.157285
1702.643433 0.000000 2649.983398 0.000000 0.999905 0.000000 0.013811 0.170793 0.170793 0.170793
1696.693359 0.000000 2650.269531 0.000000 0.993187 0.000000 0.116535 0.169675 0.169675 0.169675
1705.246460 0.000000 2646.593018 0.000000 0.570806 0.000000 0.821085 0.171603 0.171603 0.171603
1702.352295 0.000000 2647.469727 0.000000 0.775794 0.000000 0.630987 0.170443 0.170443 0.170443
1713.077515 0.000000 2630.669189 0.000000 0.648251 0.000000 0.761427 0.194490 0.194490 0.194490
1710.922729 0.000000 2633.602539 0.000000 0.896992 0.000000 -0.442046 0.198936 0.198936 0.198936
1698.607544 0.000000 2650.675293 0.000000 0.502727 0.000000 0.864445 0.190645 0.190645 0.190645
1697.938477 0.000000 2649.169678 0.000000 0.999994 0.000000 -0.003555 0.200023 0.200023 0.200023
1698.307007 0.000000 2648.064941 0.000000 0.538094 0.000000 0.842885 0.193617 0.193617 0.193617
1786.989014 0.000000 2631.915283 0.000000 0.519426 0.000000 0.854516 0.161502 0.161502 0.161502
3011.034668 0.000000 3104.314697 0.000000 0.994349 0.000000 -0.106157 0.195618 0.195618 0.195618
3011.834473 0.000000 3106.643066 0.000000 0.853172 0.000000 -0.521629 0.190383 0.190383 0.190383
2938.134033 0.000000 3190.589355 0.000000 0.982895 0.000000 0.184168 0.196036 0.196036 0.196036
2928.299561 0.000000 3199.271484 0.000000 0.948972 0.000000 0.315361 0.197958 0.197958 0.197958
2939.155518 0.000000 3191.575195 0.000000 0.989733 0.000000 0.142927 0.196299 0.196299 0.196299
2938.078369 0.000000 3192.397705 0.000000 0.752812 0.000000 0.658236 0.195426 0.195426 0.195426
2957.917725 0.000000 3251.055664 0.000000 0.681149 0.000000 0.732145 0.194770 0.194770 0.194770
2956.118408 0.000000 3250.942139 0.000000 0.965296 0.000000 0.261158 0.198318 0.198318 0.198318
2936.851562 0.000000 3307.706055 0.000000 0.695215 0.000000 0.718802 0.171419 0.171419 0.171419
2940.546387 0.000000 3304.033447 0.000000 0.699690 0.000000 0.714447 0.166540 0.166540 0.166540
2940.396973 0.000000 3302.381836 0.000000 0.874247 0.000000 0.485482 0.196773 0.196773 0.196773
2941.768066 0.000000 3303.291992 0.000000 0.506393 0.000000 0.862303 0.193380 0.193380 0.193380
2969.924805 0.000000 3329.334229 0.000000 0.827175 0.000000 0.561944 0.192904 0.192904 0.192904
2965.436035 0.000000 3327.391602 0.000000 0.306909 0.000000 0.951739 0.179079 0.179079 0.179079
2945.439453 0.000000 3300.473145 0.000000 0.197510 0.000000 0.980301 0.174657 0.174657 0.174657
2952.816895 0.000000 3314.184326 0.000000 0.971325 0.000000 -0.237755 0.201528 0.201528 0.201528
2955.726318 0.000000 3318.972656 0.000000 0.729787 0.000000 0.683675 0.195208 0.195208 0.195208
2975.273193 0.000000 3387.454590 0.000000 0.771550 0.000000 0.636169 0.183556 0.183556 0.183556
2965.636475 0.000000 3387.080322 0.000000 0.041287 0.000000 0.999147 0.190263 0.190263 0.190263
2962.408936 0.000000 3360.987549 0.000000 0.765157 0.000000 0.643843 0.169803 0.169803 0.169803
2961.216553 0.000000 3372.459473 0.000000 0.996519 0.000000 0.083362 0.174326 0.174326 0.174326
2973.536865 0.000000 3372.591309 0.000000 0.940798 0.000000 0.338968 0.170650 0.170650 0.170650
2969.163818 0.000000 3388.437500 0.000000 0.968079 0.000000 0.250645 0.198387 0.198387 0.198387
2958.452148 0.000000 3388.172852 0.000000 0.881207 0.000000 -0.472730 0.203135 0.203135 0.203135
2964.386963 0.000000 3359.375244 0.000000 0.103605 0.000000 0.994618 0.190661 0.190661 0.190661
2962.130127 0.000000 3377.671387 0.000000 0.973338 0.000000 -0.229377 0.191879 0.191879 0.191879
2962.928467 0.000000 3373.482910 0.000000 0.849830 0.000000 -0.527056 0.188711 0.188711 0.188711
2959.347656 0.000000 3389.346680 0.000000 0.986607 0.000000 -0.163116 0.201043 0.201043 0.201043
2961.893799 0.000000 3402.377197 0.000000 0.882039 0.000000 -0.471176 0.187761 0.187761 0.187761
2975.881836 0.000000 3391.711914 0.000000 0.999074 0.000000 0.043014 0.187977 0.187977 0.187977
2969.026123 0.000000 3389.310303 0.000000 0.925619 0.000000 -0.378456 0.202471 0.202471 0.202471
2954.112305 0.000000 3407.216309 0.000000 0.702314 0.000000 0.711867 0.169836 0.169836 0.169836
2964.737793 0.000000 3389.065430 0.000000 0.234821 0.000000 0.972039 0.191509 0.191509 0.191509
2976.666016 0.000000 3389.701416 0.000000 0.002704 0.000000 0.999996 0.190017 0.190017 0.190017
2965.555908 0.000000 3404.828369 0.000000 0.219272 0.000000 0.975664 0.191407 0.191407 0.191407
2954.685303 0.000000 3391.025879 0.000000 0.242952 0.000000 0.970038 0.182977 0.182977 0.182977
2954.945312 0.000000 3389.208740 0.000000 0.654779 0.000000 0.755821 0.189095 0.189095 0.189095
2955.846924 0.000000 3393.309570 0.000000 0.985289 0.000000 0.170898 0.198907 0.198907 0.198907
2965.606445 0.000000 3389.890137 0.000000 0.478564 0.000000 0.878053 0.193177 0.193177 0.193177
4679.674805 0.000000 814.727295 0.000000 0.883985 0.000000 -0.467514 0.164981 0.164981 0.164981
4674.164551 0.000000 810.152771 0.000000 0.992485 0.000000 -0.122363 0.200781 0.200781 0.200781
4675.605469 0.000000 814.057800 0.000000 0.952573 0.000000 0.304311 0.177507 0.177507 0.177507
4677.963867 0.000000 811.480225 0.000000 0.677479 0.000000 0.735542 0.187647 0.187647 0.187647
4675.661133 0.000000 811.854797 0.000000 0.233459 0.000000 0.972367 0.191500 0.191500 0.191500
4672.520996 0.000000 810.551270 0.000000 0.658749 0.000000 0.752363 0.194578 0.194578 0.194578
4675.098633 0.000000 808.905273 0.000000 0.984975 0.000000 0.172695 0.198895 0.198895 0.198895
4679.009277 0.000000 812.421082 0.000000 0.013623 0.000000 0.999907 0.190087 0.190087 0.190087
4660.600586 0.000000 926.963806 0.000000 0.921997 0.000000 0.387197 0.165940 0.165940 0.165940
4653.233887 0.000000 929.647278 0.000000 0.971001 0.000000 0.239074 0.170111 0.170111 0.170111
4646.465332 0.000000 928.847717 0.000000 0.815718 0.000000 -0.578450 0.203927 0.203927 0.203927
4659.521484 0.000000 931.758850 0.000000 0.871248 0.000000 -0.490843 0.164549 0.164549 0.164549
4650.157715 0.000000 926.586243 0.000000 0.532040 0.000000 0.846719 0.176763 0.176763 0.176763
4643.650879 0.000000 926.692322 0.000000 0.722770 0.000000 0.691089 0.177651 0.177651 0.177651
4656.015137 0.000000 931.531433 0.000000 0.389841 0.000000 0.920882 0.177447 0.177447 0.177447
4646.386719 0.000000 926.098083 0.000000 0.999082 0.000000 0.042829 0.199727 0.199727 0.199727
4643.024414 0.000000 924.322144 0.000000 0.985658 0.000000 -0.168753 0.174607 0.174607 0.174607
4648.507812 0.000000 928.172363 0.000000 0.108997 0.000000 0.994042 0.190695 0.190695 0.190695
4663.775879 0.000000 931.474976 0.000000 0.003913 0.000000 0.999992 0.174056 0.174056 0.174056
4644.762207 0.000000 925.255127 0.000000 0.372384 0.000000 0.928079 0.192429 0.192429 0.192429
4648.327148 0.000000 926.021851 0.000000 0.826191 0.000000 -0.563390 0.203810 0.203810 0.203810
4654.407715 0.000000 930.919983 0.000000 0.999069 0.000000 -0.043151 0.200275 0.200275 0.200275
4647.139160 0.000000 927.477722 0.000000 0.075948 0.000000 0.997112 0.190484 0.190484 0.190484
4647.754395 0.000000 929.658508 0.000000 0.939309 0.000000 -0.343071 0.202229 0.202229 0.202229
4646.613281 0.000000 924.620789 0.000000 0.931019 0.000000 0.364971 0.197622 0.197622 0.197622
4651.860840 0.000000 929.056030 0.000000 0.833010 0.000000 -0.553258 0.203732 0.203732 0.203732
4649.289551 0.000000 929.162842 0.000000 0.453856 0.000000 0.891075 0.192999 0.192999 0.192999
4649.674316 0.000000 928.048584 0.000000 0.998132 0.000000 0.061093 0.199611 0.199611 0.199611
4681.808105 0.000000 939.455566 0.000000 0.445917 0.000000 0.895074 0.181052 0.181052 0.181052
4679.290527 0.000000 938.422363 0.000000 0.485264 0.000000 0.874368 0.162374 0.162374 0.162374
4857.397461 0.000000 998.384705 0.000000 0.959125 0.000000 -0.282984 0.201826 0.201826 0.201826
4856.805176 0.000000 999.748535 0.000000 0.994441 0.000000 0.105296 0.199328 0.199328 0.199328
4872.162109 0.000000 979.955200 0.000000 0.409274 0.000000 0.912412 0.192684 0.192684 0.192684
4875.631836 0.000000 976.750671 0.000000 0.932244 0.000000 0.361829 0.197643 0.197643 0.197643
4873.291016 0.000000 977.027649 0.000000 0.517016 0.000000 0.855976 0.193459 0.193459 0.193459
4871.009277 0.000000 981.874207 0.000000 0.645016 0.000000 0.764169 0.194463 0.194463 0.194463
4865.285645 0.000000 989.346375 0.000000 0.625629 0.000000 0.780120 0.194303 0.194303 0.194303
5116.270508 0.000000 1008.568237 0.000000 0.477940 0.000000 0.878392 0.172069 0.172069 0.172069
5117.041992 0.000000 1015.892517 0.000000 0.957862 0.000000 0.287229 0.198145 0.198145 0.198145
5114.308594 0.000000 1004.833923 0.000000 0.737513 0.000000 0.675333 0.187622 0.187622 0.187622
5112.579102 0.000000 1009.396790 0.000000 0.986976 0.000000 -0.160867 0.166679 0.166679 0.166679
5114.107422 0.000000 1015.434753 0.000000 0.117337 0.000000 0.993092 0.173651 0.173651 0.173651
5116.341309 0.000000 1013.402222 0.000000 0.944042 0.000000 -0.329824 0.202140 0.202140 0.202140
5114.085938 0.000000 1007.393005 0.000000 0.968660 0.000000 -0.248389 0.190869 0.190869 0.190869
5114.541992 0.000000 1009.405396 0.000000 0.997910 0.000000 0.064612 0.196793 0.196793 0.196793
5116.200684 0.000000 1004.307068 0.000000 0.259537 0.000000 0.965733 0.182544 0.182544 0.182544
5114.732422 0.000000 1013.907288 0.000000 0.981264 0.000000 0.192670 0.198766 0.198766 0.198766
5115.144043 0.000000 1012.424011 0.000000 0.976465 0.000000 -0.215677 0.201384 0.201384 0.201384
5117.091309 0.000000 1011.945923 0.000000 0.333396 0.000000 0.942787 0.190549 0.190549 0.190549
5117.900391 0.000000 1013.302246 0.000000 0.994560 0.000000 -0.104165 0.200664 0.200664 0.200664
5118.566406 0.000000 1015.863037 0.000000 0.087692 0.000000 0.996148 0.190559 0.190559 0.190559
5117.311523 0.000000 1014.525330 0.000000 0.511223 0.000000 0.859448 0.193416 0.193416 0.193416
5119.291016 0.000000 1017.123840 0.000000 0.973375 0.000000 0.229220 0.191854 0.191854 0.191854
5119.835938 0.000000 1021.202820 0.000000 0.158839 0.000000 0.987305 0.163193 0.163193 0.163193
5118.677246 0.000000 1019.264771 0.000000 0.690731 0.000000 0.723112 0.182846 0.182846 0.182846
5117.061035 0.000000 1017.275085 0.000000 0.447806 0.000000 0.894131 0.172417 0.172417 0.172417
4955.994141 0.000000 1380.658203 0.000000 0.598096 0.000000 0.801425 0.194082 0.194082 0.194082
4953.702148 0.000000 1381.067261 0.000000 0.815964 0.000000 0.578102 0.196076 0.196076 0.196076
4954.844727 0.000000 1380.949707 0.000000 0.840624 0.000000 0.541619 0.196356 0.196356 0.196356
4952.585449 0.000000 1380.843750 0.000000 0.479037 0.000000 0.877794 0.193180 0.193180 0.193180
5133.066406 0.000000 1013.450562 0.000000 0.224957 0.000000 0.974369 0.153370 0.153370 0.153370
5121.469238 0.000000 1014.782471 0.000000 0.849096 0.000000 0.528238 0.157386 0.157386 0.157386
5135.660156 0.000000 1011.399658 0.000000 0.879361 0.000000 0.476156 0.189121 0.189121 0.189121
5132.244629 0.000000 1010.851013 0.000000 0.984580 0.000000 -0.174936 0.174078 0.174078 0.174078
5120.164062 0.000000 1016.573425 0.000000 0.827136 0.000000 0.562002 0.174767 0.174767 0.174767
5135.150391 0.000000 1013.845398 0.000000 0.990265 0.000000 0.139198 0.189629 0.189629 0.189629
5137.270508 0.000000 1011.052002 0.000000 0.998183 0.000000 0.060255 0.195143 0.195143 0.195143
5121.476562 0.000000 1023.177429 0.000000 0.052986 0.000000 0.998595 0.158881 0.158881 0.158881
5137.626465 0.000000 1021.928223 0.000000 0.691779 0.000000 0.722109 0.185584 0.185584 0.185584
5125.348633 0.000000 1025.160522 0.000000 0.999911 0.000000 -0.013334 0.175425 0.175425 0.175425
5120.173340 0.000000 1018.543396 0.000000 0.885940 0.000000 0.463800 0.193620 0.193620 0.193620
5138.974121 0.000000 1018.121643 0.000000 0.971673 0.000000 -0.236331 0.185713 0.185713 0.185713
5137.653320 0.000000 1025.188110 0.000000 0.896416 0.000000 0.443213 0.197077 0.197077 0.197077
5139.958008 0.000000 1023.431335 0.000000 0.955500 0.000000 0.294992 0.198094 0.198094 0.198094
5122.759766 0.000000 1025.833374 0.000000 0.061402 0.000000 0.998113 0.169592 0.169592 0.169592
5139.922852 0.000000 1020.518188 0.000000 0.269229 0.000000 0.963076 0.191735 0.191735 0.191735
5142.294922 0.000000 1024.191895 0.000000 0.971535 0.000000 0.236898 0.175127 0.175127 0.175127
5120.013672 0.000000 1021.241516 0.000000 0.958987 0.000000 -0.283450 0.185434 0.185434 0.185434
5139.362793 0.000000 1025.030396 0.000000 0.741337 0.000000 0.671132 0.195316 0.195316 0.195316
5137.197754 0.000000 1023.511841 0.000000 0.987545 0.000000 0.157335 0.198994 0.198994 0.198994
5140.698242 0.000000 1021.902771 0.000000 0.556551 0.000000 0.830813 0.188873 0.188873 0.188873
5120.942871 0.000000 1019.868164 0.000000 0.769312 0.000000 0.638873 0.192301 0.192301 0.192301
5141.480469 0.000000 1020.476807 0.000000 0.841244 0.000000 0.540656 0.191413 0.191413 0.191413
5139.069824 0.000000 1021.747131 0.000000 0.730993 0.000000 0.682385 0.195219 0.195219 0.195219
5134.587891 0.000000 1024.487549 0.000000 0.890333 0.000000 -0.455310 0.203009 0.203009 0.203009
5138.493652 0.000000 1023.018066 0.000000 0.661652 0.000000 0.749811 0.194603 0.194603 0.194603
5140.915039 0.000000 1024.440674 0.000000 0.998207 0.000000 -0.059855 0.200381 0.200381 0.200381
5136.399902 0.000000 1022.396301 0.000000 0.343322 0.000000 0.939218 0.192231 0.192231 0.192231
5138.279297 0.000000 1024.193237 0.000000 0.822438 0.000000 -0.568854 0.203852 0.203852 0.203852
5136.308105 0.000000 1024.160767 0.000000 0.984320 0.000000 0.176390 0.198871 0.198871 0.198871
5141.880859 0.000000 1025.221191 0.000000 0.072116 0.000000 0.997396 0.190460 0.190460 0.190460
4926.612305 0.000000 1972.109009 0.000000 0.959402 0.000000 0.282043 0.198180 0.198180 0.198180
4926.830566 0.000000 1967.703857 0.000000 0.631648 0.000000 0.775256 0.194352 0.194352 0.194352
4924.370605 0.000000 1966.365356 0.000000 0.989251 0.000000 -0.146231 0.200934 0.200934 0.200934
4921.397461 0.000000 1958.619019 0.000000 0.593096 0.000000 0.805131 0.194042 0.194042 0.194042
4926.298340 0.000000 1969.939453 0.000000 0.101952 0.000000 0.994789 0.190650 0.190650 0.190650
4925.369629 0.000000 1967.764526 0.000000 0.698964 0.000000 0.715157 0.194927 0.194927 0.194927
4920.805176 0.000000 1959.982910 0.000000 0.985105 0.000000 -0.171954 0.201100 0.201100 0.201100
4927.399414 0.000000 1968.961060 0.000000 0.276055 0.000000 0.961142 0.191781 0.191781 0.191781
4927.412109 0.000000 1973.316895 0.000000 0.969176 0.000000 -0.246368 0.201585 0.201585 0.201585
4925.468262 0.000000 1968.955322 0.000000 0.949693 0.000000 -0.313183 0.202028 0.202028 0.202028
4921.995117 0.000000 1959.634155 0.000000 0.995782 0.000000 -0.091747 0.200585 0.200585 0.200585
4920.208496 0.000000 1958.871582 0.000000 0.994463 0.000000 0.105088 0.199330 0.199330 0.199330
4928.354004 0.000000 1968.436646 0.000000 0.882657 0.000000 -0.470019 0.203115 0.203115 0.203115
4934.599121 0.000000 1973.569702 0.000000 0.565839 0.000000 0.824516 0.193829 0.193829 0.193829
4932.957031 0.000000 1966.635864 0.000000 0.212564 0.000000 0.977147 0.191364 0.191364 0.191364
4931.856934 0.000000 1970.540649 0.000000 0.925488 0.000000 0.378777 0.181481 0.181481 0.181481
4934.656738 0.000000 1969.286499 0.000000 0.999314 0.000000 -0.037038 0.200236 0.200236 0.200236
4929.278809 0.000000 1966.343994 0.000000 0.679215 0.000000 0.733940 0.194754 0.194754 0.194754
4932.837402 0.000000 1968.708496 0.000000 0.982191 0.000000 -0.187885 0.201203 0.201203 0.201203
4931.196289 0.000000 1966.219238 0.000000 0.894473 0.000000 0.447122 0.197049 0.197049 0.197049
4933.147461 0.000000 1974.457886 0.000000 0.794941 0.000000 0.606687 0.195850 0.195850 0.195850
4933.392090 0.000000 1970.208618 0.000000 0.997130 0.000000 0.075707 0.190017 0.190017 0.190017
4934.498535 0.000000 1975.011841 0.000000 0.837079 0.000000 0.547081 0.196315 0.196315 0.196315
4929.707031 0.000000 1968.972656 0.000000 0.456780 0.000000 0.889579 0.193020 0.193020 0.193020
4931.320312 0.000000 1969.256836 0.000000 0.454360 0.000000 0.890818 0.193003 0.193003 0.193003
4935.451660 0.000000 1968.186523 0.000000 0.722990 0.000000 0.690859 0.195145 0.195145 0.195145
4929.433105 0.000000 1967.724487 0.000000 0.975908 0.000000 0.218183 0.198600 0.198600 0.198600
4933.362305 0.000000 1973.153564 0.000000 0.698755 0.000000 0.715361 0.194925 0.194925 0.194925
4933.619141 0.000000 1975.916748 0.000000 0.825606 0.000000 -0.564247 0.203817 0.203817 0.203817
4932.237305 0.000000 1972.003418 0.000000 0.808054 0.000000 0.589108 0.195990 0.195990 0.195990
4934.734863 0.000000 1970.522827 0.000000 0.943729 0.000000 0.330720 0.197854 0.197854 0.197854
4928.825195 0.000000 1972.760498 0.000000 0.968302 0.000000 0.249781 0.198393 0.198393 0.198393
4930.273438 0.000000 1966.897217 0.000000 0.729213 0.000000 0.684286 0.195202 0.195202 0.195202
4929.069824 0.000000 1973.978516 0.000000 0.366729 0.000000 0.930328 0.192390 0.192390 0.192390
4927.877441 0.000000 1980.073120 0.000000 0.661826 0.000000 0.749658 0.194604 0.194604 0.194604
4929.476562 0.000000 1983.411865 0.000000 0.980546 0.000000 -0.196288 0.162923 0.162923 0.162923
4928.173340 0.000000 1978.777710 0.000000 0.999938 0.000000 0.011098 0.199929 0.199929 0.199929
4930.492188 0.000000 1980.542725 0.000000 0.086866 0.000000 0.996220 0.190554 0.190554 0.190554
4928.013672 0.000000 1981.475830 0.000000 0.955377 0.000000 -0.295390 0.201909 0.201909 0.201909
4928.942871 0.000000 1980.102539 0.000000 0.997651 0.000000 0.068499 0.199564 0.199564 0.199564
4931.441895 0.000000 1978.338745 0.000000 0.999919 0.000000 -0.012719 0.200081 0.200081 0.200081
5098.622559 0.000000 2595.822021 0.000000 0.229015 0.000000 0.973423 0.191471 0.191471 0.191471
5103.961914 0.000000 2597.056885 0.000000 0.318241 0.000000 0.948010 0.192062 0.192062 0.192062
5108.503418 0.000000 2596.214355 0.000000 0.885930 0.000000 0.463819 0.196930 0.196930 0.196930
5100.424316 0.000000 2594.343018 0.000000 0.896568 0.000000 0.442907 0.197079 0.197079 0.197079
5102.877930 0.000000 2595.220459 0.000000 0.836273 0.000000 -0.548313 0.203695 0.203695 0.203695
5099.937012 0.000000 2598.224365 0.000000 0.401449 0.000000 0.915881 0.192630 0.192630 0.192630
5105.522949 0.000000 2596.468750 0.000000 0.896342 0.000000 -0.443364 0.202924 0.202924 0.202924
5106.969727 0.000000 2596.055664 0.000000 0.657626 0.000000 0.753345 0.194569 0.194569 0.194569
5100.112305 0.000000 2595.851318 0.000000 0.961103 0.000000 -0.276190 0.201781 0.201781 0.201781
5109.732422 0.000000 2597.359131 0.000000 0.333274 0.000000 0.942830 0.192163 0.192163 0.192163
5098.991699 0.000000 2597.175781 0.000000 0.996684 0.000000 0.081364 0.199481 0.199481 0.199481
5108.032715 0.000000 2597.560303 0.000000 0.883354 0.000000 -0.468707 0.203106 0.203106 0.203106
5101.468262 0.000000 2595.306641 0.000000 0.489711 0.000000 0.871885 0.193258 0.193258 0.193258
5105.054688 0.000000 2597.660400 0.000000 0.448885 0.000000 0.893589 0.192964 0.192964 0.192964
5101.862305 0.000000 2594.175049 0.000000 0.852865 0.000000 -0.522131 0.203497 0.203497 0.203497
5102.979004 0.000000 2596.388184 0.000000 0.997171 0.000000 0.075164 0.199521 0.199521 0.199521
5100.170898 0.000000 2597.060791 0.000000 0.989572 0.000000 -0.144037 0.200920 0.200920 0.200920
5119.683594 0.000000 2611.321777 0.000000 0.328374 0.000000 0.944548 0.192130 0.192130 0.192130
5101.901367 0.000000 2599.235596 0.000000 0.486726 0.000000 0.873554 0.193236 0.193236 0.193236
5110.117188 0.000000 2605.302734 0.000000 0.995062 0.000000 0.099251 0.199367 0.199367 0.199367
5106.317383 0.000000 2601.472412 0.000000 0.787693 0.000000 0.616068 0.195774 0.195774 0.195774
5117.449707 0.000000 2607.767334 0.000000 0.915616 0.000000 0.402054 0.197366 0.197366 0.197366
5107.006836 0.000000 2606.726318 0.000000 0.942677 0.000000 -0.333706 0.167056 0.167056 0.167056
5108.340820 0.000000 2598.617432 0.000000 0.885934 0.000000 -0.463811 0.203070 0.203070 0.203070
5105.495117 0.000000 2598.381348 0.000000 0.957544 0.000000 0.288287 0.198138 0.198138 0.198138
5108.969238 0.000000 2602.639160 0.000000 0.972513 0.000000 -0.232848 0.201496 0.201496 0.201496
5112.357422 0.000000 2606.628174 0.000000 0.854986 0.000000 0.518651 0.196529 0.196529 0.196529
5113.683105 0.000000 2600.437012 0.000000 0.867861 0.000000 0.496806 0.196690 0.196690 0.196690
5104.601562 0.000000 2603.123535 0.000000 0.999367 0.000000 0.035575 0.199773 0.199773 0.199773
5108.116699 0.000000 2600.612061 0.000000 0.700045 0.000000 0.714099 0.194937 0.194937 0.194937
5113.029297 0.000000 2604.718018 0.000000 0.095306 0.000000 0.995448 0.190608 0.190608 0.190608
5108.201660 0.000000 2605.229248 0.000000 0.962226 0.000000 0.272251 0.198245 0.198245 0.198245
5103.569336 0.000000 2598.384521 0.000000 0.954095 0.000000 0.299503 0.198064 0.198064 0.198064
5112.123047 0.000000 2601.624756 0.000000 0.902244 0.000000 -0.431226 0.202838 0.202838 0.202838
5105.127930 0.000000 2600.109131 0.000000 0.906393 0.000000 0.422434 0.197224 0.197224 0.197224
5106.757324 0.000000 2599.629395 0.000000 0.043671 0.000000 0.999046 0.190278 0.190278 0.190278
5109.819336 0.000000 2606.906982 0.000000 0.992159 0.000000 0.124985 0.199202 0.199202 0.199202
5116.241699 0.000000 2609.023682 0.000000 0.980421 0.000000 -0.196911 0.201262 0.201262 0.201262
5113.855957 0.000000 2607.103271 0.000000 0.940931 0.000000 0.338599 0.197801 0.197801 0.197801
5109.482910 0.000000 2599.603516 0.000000 0.817847 0.000000 -0.575436 0.203903 0.203903 0.203903
5100.179688 0.000000 2601.704346 0.000000 0.931517 0.000000 -0.363698 0.200669 0.200669 0.200669
5111.597168 0.000000 2605.197510 0.000000 0.644572 0.000000 0.764544 0.194459 0.194459 0.194459
5112.234863 0.000000 2600.024170 0.000000 0.808330 0.000000 0.588730 0.195993 0.195993 0.195993
5103.227539 0.000000 2599.800537 0.000000 0.933092 0.000000 0.359637 0.197658 0.197658 0.197658
5109.412598 0.000000 2601.077148 0.000000 0.436461 0.000000 0.899723 0.192875 0.192875 0.192875
5098.488281 0.000000 2599.529541 0.000000 0.563935 0.000000 0.825819 0.193814 0.193814 0.193814
5104.982910 0.000000 2601.712402 0.000000 0.971438 0.000000 -0.237293 0.201525 0.201525 0.201525
5114.349609 0.000000 2604.556641 0.000000 0.873153 0.000000 -0.487447 0.203241 0.203241 0.203241
5111.127441 0.000000 2607.216553 0.000000 0.982877 0.000000 0.184264 0.198820 0.198820 0.198820
5108.297363 0.000000 2606.535156 0.000000 0.443020 0.000000 0.896512 0.192922 0.192922 0.192922
5111.307129 0.000000 2599.126709 0.000000 0.044356 0.000000 0.999016 0.190282 0.190282 0.190282
5106.898438 0.000000 2598.388184 0.000000 0.930522 0.000000 -0.366237 0.202387 0.202387 0.202387
5116.005859 0.000000 2606.548340 0.000000 0.908124 0.000000 -0.418702 0.202750 0.202750 0.202750
5113.509277 0.000000 2605.916748 0.000000 0.751189 0.000000 0.660087 0.195410 0.195410 0.195410
5112.681641 0.000000 2603.542969 0.000000 0.611797 0.000000 0.791014 0.194191 0.194191 0.194191
5115.795410 0.000000 2605.131836 0.000000 0.540424 0.000000 0.841393 0.193635 0.193635 0.193635
5106.878418 0.000000 2605.247559 0.000000 0.563825 0.000000 0.825894 0.193813 0.193813 0.193813
5108.036133 0.000000 2601.818359 0.000000 0.992342 0.000000 -0.123519 0.200788 0.200788 0.200788
5100.792969 0.000000 2599.860107 0.000000 0.853842 0.000000 0.520533 0.196515 0.196515 0.196515
5104.593750 0.000000 2599.103271 0.000000 0.249345 0.000000 0.968415 0.191604 0.191604 0.191604
5109.138184 0.000000 2604.594238 0.000000 0.856183 0.000000 -0.516672 0.203457 0.203457 0.203457
5102.579590 0.000000 2600.947510 0.000000 0.874459 0.000000 0.485099 0.196776 0.196776 0.196776
5109.175781 0.000000 2605.906006 0.000000 0.998937 0.000000 0.046095 0.199706 0.199706 0.199706
5099.149414 0.000000 2598.501709 0.000000 0.303105 0.000000 0.952957 0.191960 0.191960 0.191960
5110.974121 0.000000 2606.127686 0.000000 0.761124 0.000000 0.648607 0.195507 0.195507 0.195507
5102.495117 0.000000 2598.287109 0.000000 0.646258 0.000000 0.763119 0.194473 0.194473 0.194473
5107.870117 0.000000 2599.574463 0.000000 0.788193 0.000000 0.615428 0.195780 0.195780 0.195780
5126.599121 0.000000 2594.897705 0.000000 0.942544 0.000000 -0.334081 0.177818 0.177818 0.177818
5129.889160 0.000000 2597.062012 0.000000 0.688433 0.000000 0.725300 0.194834 0.194834 0.194834
5126.827637 0.000000 2597.795654 0.000000 0.463235 0.000000 0.886235 0.193066 0.193066 0.193066
5123.898438 0.000000 2594.553467 0.000000 0.982313 0.000000 -0.187245 0.178092 0.178092 0.178092
5126.498535 0.000000 2596.339844 0.000000 0.996749 0.000000 0.080572 0.199487 0.199487 0.199487
5131.079590 0.000000 2597.595947 0.000000 0.837694 0.000000 -0.546140 0.203678 0.203678 0.203678
5125.619141 0.000000 2597.244873 0.000000 0.693842 0.000000 0.720127 0.194882 0.194882 0.194882
5129.653320 0.000000 2598.176758 0.000000 0.999322 0.000000 -0.036806 0.200234 0.200234 0.200234
5123.589355 0.000000 2610.663574 0.000000 0.998853 0.000000 -0.047881 0.170568 0.170568 0.170568
5129.453613 0.000000 2604.600586 0.000000 0.640890 0.000000 0.767632 0.190072 0.190072 0.190072
5129.437988 0.000000 2599.098877 0.000000 0.754900 0.000000 0.655839 0.195446 0.195446 0.195446
5120.522461 0.000000 2613.983398 0.000000 0.714037 0.000000 0.700108 0.195063 0.195063 0.195063
5120.974121 0.000000 2610.989014 0.000000 0.433508 0.000000 0.901150 0.184751 0.184751 0.184751
5126.927734 0.000000 2604.628662 0.000000 0.928185 0.000000 0.372119 0.168795 0.168795 0.168795
5128.000977 0.000000 2602.342529 0.000000 0.020234 0.000000 0.999795 0.190129 0.190129 0.190129
5122.523438 0.000000 2612.696045 0.000000 0.341569 0.000000 0.939857 0.183604 0.183604 0.183604
5131.600586 0.000000 2604.003174 0.000000 0.036664 0.000000 0.999328 0.187036 0.187036 0.187036
5124.206055 0.000000 2600.536133 0.000000 0.586964 0.000000 0.809613 0.193994 0.193994 0.193994
5122.305176 0.000000 2599.631104 0.000000 0.794556 0.000000 0.607191 0.176097 0.176097 0.176097
5128.096191 0.000000 2600.466309 0.000000 0.050287 0.000000 0.998735 0.190320 0.190320 0.190320
5130.858887 0.000000 2605.809814 0.000000 0.568770 0.000000 0.822497 0.190594 0.190594 0.190594
5130.685059 0.000000 2600.244629 0.000000 0.223583 0.000000 0.974685 0.191436 0.191436 0.191436
5127.773438 0.000000 2598.828125 0.000000 0.314447 0.000000 0.949275 0.192036 0.192036 0.192036
5130.945312 0.000000 2598.427490 0.000000 0.065902 0.000000 0.997826 0.190420 0.190420 0.190420
5126.675781 0.000000 2601.166260 0.000000 0.618475 0.000000 0.785805 0.194245 0.194245 0.194245
5128.235840 0.000000 2605.663818 0.000000 0.399910 0.000000 0.916554 0.188303 0.188303 0.188303
5124.025391 0.000000 2602.506592 0.000000 0.996199 0.000000 -0.087102 0.200555 0.200555 0.200555
5120.951172 0.000000 2612.516357 0.000000 0.998524 0.000000 0.054320 0.199654 0.199654 0.199654
5129.455566 0.000000 2603.048340 0.000000 0.582902 0.000000 0.812542 0.193962 0.193962 0.193962
5125.380859 0.000000 2598.439209 0.000000 0.927168 0.000000 -0.374647 0.202445 0.202445 0.202445
5128.166504 0.000000 2603.865967 0.000000 0.889716 0.000000 -0.456514 0.203018 0.203018 0.203018
5131.846680 0.000000 2602.528320 0.000000 0.362531 0.000000 0.931972 0.192362 0.192362 0.192362
5130.391113 0.000000 2603.833740 0.000000 0.999933 0.000000 -0.011571 0.200074 0.200074 0.200074
5131.797363 0.000000 2600.138184 0.000000 0.979894 0.000000 -0.199517 0.201279 0.201279 0.201279
6201.426758 0.000000 2050.836426 0.000000 0.997761 0.000000 -0.066878 0.161688 0.161688 0.161688
6197.757812 0.000000 2052.802246 0.000000 0.807417 0.000000 0.589981 0.171828 0.171828 0.171828
6198.928223 0.000000 2050.322510 0.000000 0.898566 0.000000 0.438838 0.197108 0.197108 0.197108
6198.872070 0.000000 2053.822754 0.000000 0.074397 0.000000 0.997229 0.190474 0.190474 0.190474
6198.526367 0.000000 2052.013672 0.000000 0.799736 0.000000 0.600351 0.195901 0.195901 0.195901
6331.648926 0.000000 2450.340820 0.000000 0.005942 0.000000 0.999982 0.175665 0.175665 0.175665
6336.315430 0.000000 2455.253662 0.000000 0.934052 0.000000 -0.357137 0.170588 0.170588 0.170588
6350.146973 0.000000 2450.681641 0.000000 0.904427 0.000000 -0.426629 0.168153 0.168153 0.168153
6346.276367 0.000000 2449.435547 0.000000 0.132919 0.000000 0.991127 0.157704 0.157704 0.157704
6366.227539 0.000000 2433.385498 0.000000 0.984884 0.000000 -0.173216 0.172942 0.172942 0.172942
6372.294922 0.000000 2432.484863 0.000000 0.942851 0.000000 0.333215 0.166250 0.166250 0.166250
6369.762695 0.000000 2440.196777 0.000000 0.997319 0.000000 0.073170 0.174941 0.174941 0.174941
6364.903809 0.000000 2435.449463 0.000000 0.982469 0.000000 -0.186428 0.174706 0.174706 0.174706
6359.989746 0.000000 2441.857910 0.000000 0.363046 0.000000 0.931771 0.171351 0.171351 0.171351
6351.288574 0.000000 2443.366211 0.000000 0.988378 0.000000 -0.152014 0.186898 0.186898 0.186898
6351.814941 0.000000 2449.460205 0.000000 0.034050 0.000000 0.999420 0.172634 0.172634 0.172634
6370.286621 0.000000 2432.455811 0.000000 0.965220 0.000000 0.261441 0.187761 0.187761 0.187761
6356.110352 0.000000 2442.465820 0.000000 0.865883 0.000000 -0.500247 0.203335 0.203335 0.203335
6353.973633 0.000000 2443.749512 0.000000 0.188792 0.000000 0.982017 0.191209 0.191209 0.191209
6366.455078 0.000000 2434.906738 0.000000 0.983269 0.000000 -0.182161 0.196095 0.196095 0.196095
6373.195312 0.000000 2437.420410 0.000000 0.955285 0.000000 0.295685 0.198089 0.198089 0.198089
6365.555176 0.000000 2436.801270 0.000000 0.999761 0.000000 0.021845 0.199861 0.199861 0.199861
6371.450684 0.000000 2437.488770 0.000000 0.839052 0.000000 -0.544051 0.203662 0.203662 0.203662
6369.012207 0.000000 2439.041260 0.000000 0.902147 0.000000 -0.431430 0.202840 0.202840 0.202840
6357.588379 0.000000 2447.372803 0.000000 0.632934 0.000000 0.774205 0.194363 0.194363 0.194363
6371.814453 0.000000 2439.999512 0.000000 0.376798 0.000000 0.926295 0.192460 0.192460 0.192460
6355.792969 0.000000 2445.495605 0.000000 0.111370 0.000000 0.993779 0.190710 0.190710 0.190710
6355.455566 0.000000 2447.928955 0.000000 0.961892 0.000000 -0.273431 0.201763 0.201763 0.201763
6354.167969 0.000000 2447.096191 0.000000 0.968415 0.000000 0.249343 0.198396 0.198396 0.198396
6368.083008 0.000000 2436.893066 0.000000 0.991506 0.000000 0.130064 0.199170 0.199170 0.199170
6819.373047 0.000000 2512.255859 0.000000 0.368955 0.000000 0.929447 0.163841 0.163841 0.163841
6827.534668 0.000000 2501.302246 0.000000 0.708975 0.000000 0.705234 0.172074 0.172074 0.172074
6827.536621 0.000000 2498.875488 0.000000 0.815233 0.000000 -0.579133 0.195364 0.195364 0.195364
6854.599121 0.000000 2538.413330 0.000000 0.497916 0.000000 0.867225 0.193318 0.193318 0.193318
6858.749023 0.000000 2527.505371 0.000000 0.931382 0.000000 0.364044 0.197628 0.197628 0.197628
6873.164062 0.000000 2541.171875 0.000000 0.844659 0.000000 -0.535305 0.197323 0.197323 0.197323
6860.244629 0.000000 2535.929199 0.000000 0.631503 0.000000 0.775374 0.172031 0.172031 0.172031
6864.405273 0.000000 2522.867676 0.000000 0.989246 0.000000 0.146262 0.185683 0.185683 0.185683
6863.784668 0.000000 2527.135254 0.000000 0.850690 0.000000 -0.525668 0.203524 0.203524 0.203524
6881.615234 0.000000 2539.408203 0.000000 0.797417 0.000000 0.603428 0.169540 0.169540 0.169540
6859.567871 0.000000 2525.465820 0.000000 0.940771 0.000000 0.339042 0.197798 0.197798 0.197798
6860.416504 0.000000 2527.230469 0.000000 0.904892 0.000000 -0.425641 0.202799 0.202799 0.202799
6874.534668 0.000000 2540.107910 0.000000 0.994849 0.000000 0.101372 0.199354 0.199354 0.199354
6859.621582 0.000000 2531.236084 0.000000 0.996452 0.000000 -0.084160 0.194357 0.194357 0.194357
6854.498535 0.000000 2539.855469 0.000000 0.776518 0.000000 0.630095 0.195660 0.195660 0.195660
6858.169922 0.000000 2525.886230 0.000000 0.300711 0.000000 0.953715 0.191944 0.191944 0.191944
6877.699219 0.000000 2540.916016 0.000000 0.994992 0.000000 0.099957 0.199363 0.199363 0.199363
6858.652832 0.000000 2524.378418 0.000000 0.081784 0.000000 0.996650 0.190521 0.190521 0.190521
6862.338867 0.000000 2527.133545 0.000000 0.669758 0.000000 0.742579 0.194672 0.194672 0.194672
6858.229004 0.000000 2529.580322 0.000000 0.155886 0.000000 0.987775 0.190996 0.190996 0.190996
6879.818848 0.000000 2541.297119 0.000000 0.982929 0.000000 0.183987 0.198822 0.198822 0.198822
6875.171875 0.000000 2541.272705 0.000000 0.870381 0.000000 -0.492378 0.203277 0.203277 0.203277
6874.840820 0.000000 2568.501221 0.000000 0.982695 0.000000 -0.185233 0.201186 0.201186 0.201186
6879.822266 0.000000 2567.857910 0.000000 0.853008 0.000000 0.521898 0.189349 0.189349 0.189349
6857.889160 0.000000 2597.062012 0.000000 0.993055 0.000000 -0.117655 0.200751 0.200751 0.200751
6875.115234 0.000000 2571.080566 0.000000 0.956901 0.000000 -0.290413 0.201876 0.201876 0.201876
6877.269531 0.000000 2543.956299 0.000000 0.978252 0.000000 -0.207422 0.197946 0.197946 0.197946
6877.193848 0.000000 2568.008057 0.000000 0.919730 0.000000 -0.392553 0.202568 0.202568 0.202568
6876.442383 0.000000 2541.814209 0.000000 0.096815 0.000000 0.995302 0.190617 0.190617 0.190617
6856.026367 0.000000 2596.251221 0.000000 0.897928 0.000000 0.440143 0.197099 0.197099 0.197099
6876.327637 0.000000 2569.615479 0.000000 0.120955 0.000000 0.992658 0.190772 0.190772 0.190772
6877.381836 0.000000 2572.392090 0.000000 0.047729 0.000000 0.998860 0.175911 0.175911 0.175911
6879.589355 0.000000 2571.842041 0.000000 0.038182 0.000000 0.999271 0.190243 0.190243 0.190243
6875.994141 0.000000 2566.830078 0.000000 0.459781 0.000000 0.888032 0.193041 0.193041 0.193041
6874.746094 0.000000 2541.823975 0.000000 0.568016 0.000000 0.823018 0.193846 0.193846 0.193846
6878.429688 0.000000 2566.971924 0.000000 0.886738 0.000000 -0.462271 0.195665 0.195665 0.195665
6878.747070 0.000000 2543.385010 0.000000 0.999348 0.000000 0.036104 0.199770 0.199770 0.199770
6874.272949 0.000000 2569.880371 0.000000 0.793565 0.000000 0.608486 0.195836 0.195836 0.195836
6856.569824 0.000000 2597.733887 0.000000 0.957364 0.000000 -0.288885 0.201866 0.201866 0.201866
6877.522949 0.000000 2569.600830 0.000000 0.850259 0.000000 -0.526364 0.203529 0.203529 0.203529
6876.055664 0.000000 2568.321777 0.000000 0.999078 0.000000 -0.042935 0.200273 0.200273 0.200273
6877.300293 0.000000 2566.711426 0.000000 0.343537 0.000000 0.939139 0.192233 0.192233 0.192233
6878.440430 0.000000 2571.860840 0.000000 0.932069 0.000000 -0.362280 0.202360 0.202360 0.202360
6879.106934 0.000000 2570.147461 0.000000 0.506921 0.000000 0.861992 0.193384 0.193384 0.193384
6878.740723 0.000000 2568.020996 0.000000 0.949598 0.000000 0.313472 0.197970 0.197970 0.197970
6875.330566 0.000000 2569.986572 0.000000 0.184829 0.000000 0.982771 0.191183 0.191183 0.191183
6879.713379 0.000000 2542.937256 0.000000 0.890899 0.000000 0.454201 0.196999 0.196999 0.196999
6898.281250 0.000000 2641.350342 0.000000 0.915774 0.000000 -0.401693 0.202632 0.202632 0.202632
6863.347656 0.000000 2598.565430 0.000000 0.934762 0.000000 -0.355276 0.160943 0.160943 0.160943
6906.133789 0.000000 2625.745605 0.000000 0.984578 0.000000 -0.174946 0.172952 0.172952 0.172952
6899.720703 0.000000 2636.153076 0.000000 0.838420 0.000000 -0.545025 0.184843 0.184843 0.184843
6896.887695 0.000000 2623.156738 0.000000 0.482454 0.000000 0.875921 0.193205 0.193205 0.193205
6896.763672 0.000000 2638.087646 0.000000 0.998834 0.000000 -0.048267 0.200307 0.200307 0.200307
6903.033203 0.000000 2636.729248 0.000000 0.826577 0.000000 0.562824 0.191248 0.191248 0.191248
6860.406250 0.000000 2599.229492 0.000000 0.934954 0.000000 -0.354768 0.202309 0.202309 0.202309
6901.008789 0.000000 2642.503174 0.000000 0.999969 0.000000 -0.007835 0.200050 0.200050 0.200050
6911.022949 0.000000 2652.446777 0.000000 0.982184 0.000000 -0.187920 0.201203 0.201203 0.201203
6894.967285 0.000000 2613.658203 0.000000 0.953741 0.000000 0.300630 0.198056 0.198056 0.198056
6910.298340 0.000000 2647.751953 0.000000 0.323108 0.000000 0.946362 0.188866 0.188866 0.188866
6891.536621 0.000000 2611.844238 0.000000 0.143782 0.000000 0.989609 0.181292 0.181292 0.181292
6897.177734 0.000000 2639.894531 0.000000 1.000000 0.000000 0.000272 0.199998 0.199998 0.199998
6899.333496 0.000000 2642.688965 0.000000 0.393259 0.000000 0.919428 0.192573 0.192573 0.192573
6861.791016 0.000000 2598.333984 0.000000 0.356253 0.000000 0.934389 0.192319 0.192319 0.192319
6898.837402 0.000000 2639.957520 0.000000 0.358895 0.000000 0.933378 0.192337 0.192337 0.192337
6910.566406 0.000000 2653.909912 0.000000 0.798558 0.000000 0.601918 0.195888 0.195888 0.195888
6898.095215 0.000000 2638.618164 0.000000 0.036961 0.000000 0.999317 0.190235 0.190235 0.190235
6896.564941 0.000000 2636.844238 0.000000 0.476053 0.000000 0.879417 0.193159 0.193159 0.193159
6899.778809 0.000000 2643.861816 0.000000 0.859806 0.000000 0.510620 0.196588 0.196588 0.196588
6897.295410 0.000000 2622.042236 0.000000 0.882803 0.000000 -0.469742 0.203113 0.203113 0.203113
6901.240234 0.000000 2640.524170 0.000000 0.027761 0.000000 0.999615 0.190177 0.190177 0.190177
6899.962891 0.000000 2641.765137 0.000000 0.908080 0.000000 0.418797 0.197249 0.197249 0.197249
6913.469238 0.000000 2652.829346 0.000000 0.998240 0.000000 0.059299 0.168309 0.168309 0.168309
7657.423340 0.000000 2913.125244 0.000000 0.966617 0.000000 0.256227 0.172793 0.172793 0.172793
7655.991211 0.000000 2913.594727 0.000000 0.220910 0.000000 0.975294 0.191418 0.191418 0.191418
"}
object={
	name="bush_02_generator_1_1"
	clamp_to_water_level=no
	render_under_water=no
	generated_content=yes
	layer="semidynamic_medium"
	pdxmesh="tree_bush_04_mesh"
	count=175
	transform="1775.754517 0.000000 2534.026611 0.000000 0.544312 0.000000 -0.838883 0.206336 0.206336 0.206336
1708.877319 0.000000 2632.068115 0.000000 0.513395 0.000000 -0.858152 0.190945 0.190945 0.190945
1713.605835 0.000000 2651.135010 0.000000 0.054562 0.000000 -0.998510 0.177940 0.177940 0.177940
1714.278564 0.000000 2628.990234 0.000000 0.389978 0.000000 -0.920824 0.178976 0.178976 0.178976
1697.210693 0.000000 2647.724121 0.000000 0.548662 0.000000 -0.836044 0.188388 0.188388 0.188388
1711.221924 0.000000 2631.579834 0.000000 0.090946 0.000000 -0.995856 0.204727 0.204727 0.204727
1716.417847 0.000000 2628.606201 0.000000 0.465368 0.000000 -0.885117 0.195326 0.195326 0.195326
1696.008667 0.000000 2648.765625 0.000000 0.632106 0.000000 -0.774882 0.205644 0.205644 0.205644
3010.304932 0.000000 3107.990479 0.000000 0.246798 0.000000 -0.969067 0.194985 0.194985 0.194985
2939.206543 0.000000 3193.105713 0.000000 0.796285 0.000000 -0.604922 0.204136 0.204136 0.204136
2929.258545 0.000000 3200.582031 0.000000 0.805585 0.000000 -0.592480 0.190320 0.190320 0.190320
2932.885254 0.000000 3271.360596 0.000000 0.664983 0.000000 -0.746858 0.205369 0.205369 0.205369
2954.323975 0.000000 3251.102783 0.000000 0.713107 0.000000 -0.701056 0.204946 0.204946 0.204946
2958.841064 0.000000 3247.403809 0.000000 0.683891 0.000000 -0.729584 0.205206 0.205206 0.205206
2938.134033 0.000000 3303.558105 0.000000 0.674716 0.000000 -0.738077 0.200110 0.200110 0.200110
2939.155518 0.000000 3304.543945 0.000000 0.771881 0.000000 -0.635768 0.204386 0.204386 0.204386
2953.163818 0.000000 3315.394531 0.000000 0.436380 0.000000 -0.899762 0.207125 0.207125 0.207125
2954.748779 0.000000 3318.286621 0.000000 0.796405 0.000000 -0.604764 0.204135 0.204135 0.204135
2967.931152 0.000000 3327.811035 0.000000 0.286554 0.000000 -0.958064 0.194740 0.194740 0.194740
2963.138916 0.000000 3323.757568 0.000000 0.801336 0.000000 -0.598215 0.190934 0.190934 0.190934
2970.549072 0.000000 3373.891113 0.000000 0.080645 0.000000 -0.996743 0.174278 0.174278 0.174278
2962.867188 0.000000 3375.541992 0.000000 0.237545 0.000000 -0.971377 0.174604 0.174604 0.174604
2965.228027 0.000000 3370.483154 0.000000 0.457448 0.000000 -0.889236 0.178567 0.178567 0.178567
2977.615479 0.000000 3386.673828 0.000000 0.767135 0.000000 -0.641486 0.192408 0.192408 0.192408
2956.076904 0.000000 3367.888672 0.000000 0.498575 0.000000 -0.866846 0.200888 0.200888 0.200888
2976.929688 0.000000 3389.055664 0.000000 0.600710 0.000000 -0.799467 0.205898 0.205898 0.205898
2957.010498 0.000000 3366.602295 0.000000 0.041208 0.000000 -0.999151 0.203863 0.203863 0.203863
2965.138184 0.000000 3388.394287 0.000000 0.455869 0.000000 -0.890047 0.206987 0.206987 0.206987
2977.773193 0.000000 3388.003418 0.000000 0.768076 0.000000 -0.640358 0.204424 0.204424 0.204424
2965.670898 0.000000 3359.662354 0.000000 0.392989 0.000000 -0.919543 0.207429 0.207429 0.207429
2974.227295 0.000000 3393.619873 0.000000 0.464619 0.000000 -0.885511 0.176784 0.176784 0.176784
2954.448242 0.000000 3392.667480 0.000000 0.711782 0.000000 -0.702401 0.204958 0.204958 0.204958
4672.668457 0.000000 808.551697 0.000000 0.098861 0.000000 -0.995101 0.204091 0.204091 0.204091
4673.541504 0.000000 811.945312 0.000000 0.545499 0.000000 -0.838112 0.206327 0.206327 0.206327
4675.585449 0.000000 810.374573 0.000000 0.756908 0.000000 -0.653521 0.204534 0.204534 0.204534
4666.133789 0.000000 931.214478 0.000000 0.043872 0.000000 -0.999037 0.182698 0.182698 0.182698
4645.443359 0.000000 923.552002 0.000000 0.131154 0.000000 -0.991362 0.172252 0.172252 0.172252
4650.478516 0.000000 929.487122 0.000000 0.529816 0.000000 -0.848112 0.206445 0.206445 0.206445
4657.818848 0.000000 930.497742 0.000000 0.768194 0.000000 -0.640218 0.188390 0.188390 0.188390
4660.948730 0.000000 930.476074 0.000000 0.195257 0.000000 -0.980752 0.202317 0.202317 0.202317
4645.219727 0.000000 927.329407 0.000000 0.702710 0.000000 -0.711476 0.205039 0.205039 0.205039
4649.059570 0.000000 927.067627 0.000000 0.471455 0.000000 -0.881890 0.206875 0.206875 0.206875
4854.872070 0.000000 1006.568787 0.000000 0.761911 0.000000 -0.647681 0.183865 0.183865 0.183865
4873.939941 0.000000 975.522827 0.000000 0.549085 0.000000 -0.835767 0.177406 0.177406 0.177406
4864.010254 0.000000 988.920654 0.000000 0.006334 0.000000 -0.999980 0.209960 0.209960 0.209960
4875.861328 0.000000 974.903931 0.000000 0.801702 0.000000 -0.597724 0.193217 0.193217 0.193217
4872.764648 0.000000 978.699951 0.000000 0.382696 0.000000 -0.923874 0.207500 0.207500 0.207500
4873.788574 0.000000 979.635254 0.000000 0.178000 0.000000 -0.984031 0.208861 0.208861 0.208861
5113.614258 0.000000 1012.615540 0.000000 0.553227 0.000000 -0.833030 0.171601 0.171601 0.171601
5118.612305 0.000000 1011.874634 0.000000 0.499534 0.000000 -0.866294 0.177146 0.177146 0.177146
5119.022949 0.000000 1014.399963 0.000000 0.016987 0.000000 -0.999856 0.209892 0.209892 0.209892
5115.743652 0.000000 1010.961914 0.000000 0.364219 0.000000 -0.931313 0.207627 0.207627 0.207627
5116.370605 0.000000 1006.131042 0.000000 0.673665 0.000000 -0.739037 0.179417 0.179417 0.179417
5138.736816 0.000000 1010.355408 0.000000 0.646183 0.000000 -0.763182 0.180772 0.180772 0.180772
5137.114746 0.000000 1014.794250 0.000000 0.406638 0.000000 -0.913589 0.181780 0.181780 0.181780
5137.040527 0.000000 1012.769836 0.000000 0.576042 0.000000 -0.817420 0.185887 0.185887 0.185887
5134.515625 0.000000 1010.181091 0.000000 0.483059 0.000000 -0.875588 0.198681 0.198681 0.198681
5140.950195 0.000000 1025.887939 0.000000 0.277547 0.000000 -0.960712 0.208210 0.208210 0.208210
5131.269531 0.000000 1026.048828 0.000000 0.635175 0.000000 -0.772368 0.183156 0.183156 0.183156
5122.492188 0.000000 1020.308350 0.000000 0.659565 0.000000 -0.751647 0.185852 0.185852 0.185852
5135.876465 0.000000 1025.166992 0.000000 0.288006 0.000000 -0.957629 0.208140 0.208140 0.208140
5141.351074 0.000000 1023.147888 0.000000 0.170766 0.000000 -0.985312 0.208908 0.208908 0.208908
4924.270508 0.000000 1968.802612 0.000000 0.720649 0.000000 -0.693300 0.204877 0.204877 0.204877
4921.729980 0.000000 1961.258301 0.000000 0.700248 0.000000 -0.713900 0.205061 0.205061 0.205061
4925.962402 0.000000 1966.256836 0.000000 0.234385 0.000000 -0.972144 0.208494 0.208494 0.208494
4920.508789 0.000000 1961.911499 0.000000 0.266893 0.000000 -0.963726 0.208280 0.208280 0.208280
4929.469238 0.000000 1975.016846 0.000000 0.316821 0.000000 -0.948485 0.189308 0.189308 0.189308
4931.898438 0.000000 1973.225342 0.000000 0.032335 0.000000 -0.999477 0.209794 0.209794 0.209794
4932.256348 0.000000 1975.984497 0.000000 0.148252 0.000000 -0.988950 0.209053 0.209053 0.209053
4930.854492 0.000000 1968.015747 0.000000 0.061523 0.000000 -0.998106 0.209608 0.209608 0.209608
4935.561523 0.000000 1971.442627 0.000000 0.339464 0.000000 -0.940619 0.207795 0.207795 0.207795
4933.476562 0.000000 1971.746948 0.000000 0.771701 0.000000 -0.635985 0.194655 0.194655 0.194655
4929.941895 0.000000 1973.096802 0.000000 0.696752 0.000000 -0.717312 0.205093 0.205093 0.205093
4928.004883 0.000000 1973.782837 0.000000 0.730307 0.000000 -0.683119 0.204788 0.204788 0.204788
4931.034668 0.000000 1974.627075 0.000000 0.208919 0.000000 -0.977933 0.208660 0.208660 0.208660
4935.945312 0.000000 1972.874756 0.000000 0.625437 0.000000 -0.780274 0.205698 0.205698 0.205698
4928.036621 0.000000 1967.063965 0.000000 0.513193 0.000000 -0.858273 0.206569 0.206569 0.206569
4932.023926 0.000000 1967.520020 0.000000 0.499991 0.000000 -0.866030 0.206667 0.206667 0.206667
4930.944824 0.000000 1975.935669 0.000000 0.130644 0.000000 -0.991429 0.209166 0.209166 0.209166
4934.643066 0.000000 1972.351440 0.000000 0.478345 0.000000 -0.878172 0.206825 0.206825 0.206825
4927.835938 0.000000 1981.437256 0.000000 0.571846 0.000000 -0.820361 0.206125 0.206125 0.206125
4931.834473 0.000000 1976.955688 0.000000 0.472375 0.000000 -0.881398 0.190643 0.190643 0.190643
4930.305176 0.000000 1978.302979 0.000000 0.718214 0.000000 -0.695823 0.204899 0.204899 0.204899
4929.465820 0.000000 1981.512573 0.000000 0.193470 0.000000 -0.981106 0.208760 0.208760 0.208760
4930.946289 0.000000 1979.398438 0.000000 0.123413 0.000000 -0.992355 0.209212 0.209212 0.209212
4929.383301 0.000000 1979.029419 0.000000 0.292018 0.000000 -0.956413 0.208113 0.208113 0.208113
5101.255371 0.000000 2596.672363 0.000000 0.299988 0.000000 -0.953943 0.208060 0.208060 0.208060
5106.569336 0.000000 2597.770752 0.000000 0.551324 0.000000 -0.834291 0.206282 0.206282 0.206282
5105.605957 0.000000 2594.650635 0.000000 0.337420 0.000000 -0.941354 0.193256 0.193256 0.193256
5098.936523 0.000000 2594.297119 0.000000 0.656633 0.000000 -0.754210 0.205440 0.205440 0.205440
5102.419434 0.000000 2597.510742 0.000000 0.681816 0.000000 -0.731523 0.205224 0.205224 0.205224
5109.852051 0.000000 2596.063232 0.000000 0.631192 0.000000 -0.775627 0.205651 0.205651 0.205651
5101.223145 0.000000 2597.883057 0.000000 0.457384 0.000000 -0.889269 0.206976 0.206976 0.206976
5110.803711 0.000000 2600.347412 0.000000 0.655678 0.000000 -0.755041 0.205448 0.205448 0.205448
5113.786621 0.000000 2602.806152 0.000000 0.612152 0.000000 -0.790740 0.205806 0.205806 0.205806
5114.815430 0.000000 2605.850342 0.000000 0.019926 0.000000 -0.999801 0.209873 0.209873 0.209873
5106.542480 0.000000 2604.079834 0.000000 0.009224 0.000000 -0.999957 0.209941 0.209941 0.209941
5103.681152 0.000000 2601.183105 0.000000 0.727229 0.000000 -0.686394 0.204816 0.204816 0.204816
5111.474609 0.000000 2603.351807 0.000000 0.420776 0.000000 -0.907164 0.207235 0.207235 0.207235
5110.278809 0.000000 2598.313232 0.000000 0.026907 0.000000 -0.999638 0.209829 0.209829 0.209829
5115.459473 0.000000 2607.641357 0.000000 0.784293 0.000000 -0.620390 0.204261 0.204261 0.204261
5101.450195 0.000000 2600.800781 0.000000 0.514526 0.000000 -0.857475 0.204824 0.204824 0.204824
5100.377930 0.000000 2598.777588 0.000000 0.149682 0.000000 -0.988734 0.209044 0.209044 0.209044
5110.518555 0.000000 2601.970215 0.000000 0.334337 0.000000 -0.942454 0.207830 0.207830 0.207830
5107.249023 0.000000 2602.691406 0.000000 0.527470 0.000000 -0.849574 0.206463 0.206463 0.206463
5110.014648 0.000000 2603.801270 0.000000 0.571056 0.000000 -0.820911 0.206131 0.206131 0.206131
5108.127930 0.000000 2603.766602 0.000000 0.729162 0.000000 -0.684342 0.204798 0.204798 0.204798
5118.576172 0.000000 2610.544678 0.000000 0.699415 0.000000 -0.714716 0.205069 0.205069 0.205069
5105.868164 0.000000 2602.722412 0.000000 0.675354 0.000000 -0.737494 0.205280 0.205280 0.205280
5117.779785 0.000000 2609.060303 0.000000 0.789315 0.000000 -0.613989 0.204209 0.204209 0.204209
5115.085449 0.000000 2608.798340 0.000000 0.414092 0.000000 -0.910235 0.207282 0.207282 0.207282
5118.685059 0.000000 2611.939209 0.000000 0.376888 0.000000 -0.926259 0.207540 0.207540 0.207540
6082.759766 0.000000 2099.036377 0.000000 0.045807 0.000000 -0.998950 0.180925 0.180925 0.180925
5124.256348 0.000000 2597.312500 0.000000 0.720072 0.000000 -0.693899 0.204882 0.204882 0.204882
5128.026367 0.000000 2596.251221 0.000000 0.273367 0.000000 -0.961910 0.208237 0.208237 0.208237
5128.569824 0.000000 2597.733887 0.000000 0.042555 0.000000 -0.999094 0.209729 0.209729 0.209729
5123.834473 0.000000 2598.283691 0.000000 0.043865 0.000000 -0.999037 0.188572 0.188572 0.188572
5125.568848 0.000000 2602.299072 0.000000 0.702209 0.000000 -0.711971 0.205044 0.205044 0.205044
5130.448242 0.000000 2601.886230 0.000000 0.743604 0.000000 -0.668621 0.204662 0.204662 0.204662
5126.297363 0.000000 2599.629395 0.000000 0.750295 0.000000 -0.661103 0.204598 0.204598 0.204598
5126.787598 0.000000 2603.172852 0.000000 0.586652 0.000000 -0.809839 0.206009 0.206009 0.206009
5125.604004 0.000000 2603.880371 0.000000 0.228706 0.000000 -0.973495 0.208531 0.208531 0.208531
5129.044434 0.000000 2601.482666 0.000000 0.644019 0.000000 -0.765009 0.205545 0.205545 0.205545
5125.392090 0.000000 2601.008545 0.000000 0.158008 0.000000 -0.987438 0.208990 0.208990 0.208990
5121.854492 0.000000 2613.724609 0.000000 0.765211 0.000000 -0.643780 0.204453 0.204453 0.204453
5124.526367 0.000000 2599.352051 0.000000 0.403804 0.000000 -0.914845 0.207354 0.207354 0.207354
5129.470215 0.000000 2600.320312 0.000000 0.081634 0.000000 -0.996662 0.209480 0.209480 0.209480
5126.658691 0.000000 2598.321289 0.000000 0.694952 0.000000 -0.719056 0.205109 0.205109 0.205109
6200.270996 0.000000 2053.947266 0.000000 0.190318 0.000000 -0.981722 0.190652 0.190652 0.190652
6201.789062 0.000000 2052.799316 0.000000 0.610896 0.000000 -0.791711 0.187944 0.187944 0.187944
6199.633301 0.000000 2052.155273 0.000000 0.294063 0.000000 -0.955786 0.208100 0.208100 0.208100
6333.359375 0.000000 2449.901611 0.000000 0.733100 0.000000 -0.680121 0.190422 0.190422 0.190422
6332.957031 0.000000 2453.593994 0.000000 0.720982 0.000000 -0.692953 0.200283 0.200283 0.200283
6359.342285 0.000000 2444.338867 0.000000 0.692255 0.000000 -0.721653 0.205132 0.205132 0.205132
6350.008789 0.000000 2448.573242 0.000000 0.489531 0.000000 -0.871986 0.187633 0.187633 0.187633
6368.706543 0.000000 2432.977295 0.000000 0.519425 0.000000 -0.854516 0.199002 0.199002 0.199002
6370.527344 0.000000 2435.935791 0.000000 0.193554 0.000000 -0.981090 0.208760 0.208760 0.208760
6359.098145 0.000000 2447.842529 0.000000 0.056452 0.000000 -0.998405 0.199658 0.199658 0.199658
6356.786621 0.000000 2446.164062 0.000000 0.390933 0.000000 -0.920419 0.207443 0.207443 0.207443
6352.534668 0.000000 2442.656006 0.000000 0.557106 0.000000 -0.830442 0.206238 0.206238 0.206238
6373.641113 0.000000 2435.954590 0.000000 0.038329 0.000000 -0.999265 0.209756 0.209756 0.209756
6353.163574 0.000000 2449.248779 0.000000 0.508820 0.000000 -0.860873 0.206602 0.206602 0.206602
6369.033203 0.000000 2434.945801 0.000000 0.359934 0.000000 -0.932978 0.207656 0.207656 0.207656
6352.371094 0.000000 2448.357666 0.000000 0.631154 0.000000 -0.775658 0.205652 0.205652 0.205652
6846.112305 0.000000 2529.231201 0.000000 0.016986 0.000000 -0.999856 0.196957 0.196957 0.196957
6834.278320 0.000000 2516.021484 0.000000 0.433728 0.000000 -0.901044 0.189157 0.189157 0.189157
6841.532715 0.000000 2500.287109 0.000000 0.062731 0.000000 -0.998030 0.194335 0.194335 0.194335
6841.361328 0.000000 2498.101807 0.000000 0.398872 0.000000 -0.917007 0.186475 0.186475 0.186475
6858.048340 0.000000 2530.812744 0.000000 0.020197 0.000000 -0.999796 0.203405 0.203405 0.203405
6857.424316 0.000000 2513.186279 0.000000 0.258498 0.000000 -0.966012 0.175072 0.175072 0.175072
6861.646484 0.000000 2526.058838 0.000000 0.069381 0.000000 -0.997590 0.209558 0.209558 0.209558
6857.306152 0.000000 2510.987061 0.000000 0.454447 0.000000 -0.890774 0.190762 0.190762 0.190762
6859.577637 0.000000 2529.333740 0.000000 0.598662 0.000000 -0.801002 0.205914 0.205914 0.205914
6885.990723 0.000000 2521.949951 0.000000 0.137134 0.000000 -0.990552 0.207367 0.207367 0.207367
6877.530273 0.000000 2539.485840 0.000000 0.061010 0.000000 -0.998137 0.194346 0.194346 0.194346
6872.941406 0.000000 2535.540283 0.000000 0.269158 0.000000 -0.963096 0.208265 0.208265 0.208265
6875.848633 0.000000 2538.971680 0.000000 0.553279 0.000000 -0.832996 0.206268 0.206268 0.206268
6873.668945 0.000000 2534.409180 0.000000 0.437067 0.000000 -0.899429 0.207120 0.207120 0.207120
6859.726562 0.000000 2528.191406 0.000000 0.228439 0.000000 -0.973558 0.208533 0.208533 0.208533
6859.498535 0.000000 2526.590820 0.000000 0.350388 0.000000 -0.936604 0.207721 0.207721 0.207721
6874.844238 0.000000 2543.514404 0.000000 0.557808 0.000000 -0.829970 0.206233 0.206233 0.206233
6878.089844 0.000000 2570.732178 0.000000 0.437788 0.000000 -0.899078 0.207115 0.207115 0.207115
6857.349609 0.000000 2594.352051 0.000000 0.565133 0.000000 -0.825000 0.185963 0.185963 0.185963
6878.632324 0.000000 2569.106934 0.000000 0.265368 0.000000 -0.964147 0.208290 0.208290 0.208290
6876.560059 0.000000 2571.073242 0.000000 0.793633 0.000000 -0.608397 0.204164 0.204164 0.204164
6874.844727 0.000000 2567.121582 0.000000 0.449208 0.000000 -0.893427 0.207034 0.207034 0.207034
6901.811523 0.000000 2639.580322 0.000000 0.228045 0.000000 -0.973651 0.175240 0.175240 0.175240
6899.473145 0.000000 2638.659180 0.000000 0.140651 0.000000 -0.990059 0.209102 0.209102 0.209102
6900.105469 0.000000 2640.672119 0.000000 0.081701 0.000000 -0.996657 0.209479 0.209479 0.209479
6896.736816 0.000000 2644.968018 0.000000 0.770895 0.000000 -0.636962 0.198098 0.198098 0.198098
6895.139160 0.000000 2612.199463 0.000000 0.061243 0.000000 -0.998123 0.209610 0.209610 0.209610
6901.717285 0.000000 2643.763672 0.000000 0.479004 0.000000 -0.877813 0.206820 0.206820 0.206820
6896.071777 0.000000 2622.041016 0.000000 0.178366 0.000000 -0.983964 0.208858 0.208858 0.208858
6898.104492 0.000000 2642.994873 0.000000 0.635367 0.000000 -0.772210 0.205617 0.205617 0.205617
7653.460449 0.000000 2912.038330 0.000000 0.316093 0.000000 -0.948728 0.207953 0.207953 0.207953
"}
