object={
	name="bush_dry_02_generator_2_0"
	clamp_to_water_level=no
	render_under_water=no
	generated_content=yes
	layer="semidynamic_high"
	pdxmesh="tree_bush_05_mesh"
	count=294
	transform="4594.278320 0.000000 765.005798 0.000000 0.995308 0.000000 0.096762 0.249153 0.249153 0.249153
4584.632324 0.000000 773.932007 0.000000 0.997256 0.000000 0.074031 0.249309 0.249309 0.249309
4594.737793 0.000000 767.794556 0.000000 0.766620 0.000000 0.642101 0.243081 0.243081 0.243081
4581.000000 0.000000 768.978394 0.000000 0.315166 0.000000 0.949036 0.238296 0.238296 0.238296
4588.297363 0.000000 766.349365 0.000000 0.966576 0.000000 0.256382 0.246650 0.246650 0.246650
4584.295898 0.000000 769.559570 0.000000 0.648581 0.000000 0.761146 0.238392 0.238392 0.238392
4581.083496 0.000000 770.326294 0.000000 0.403520 0.000000 0.914971 0.232512 0.232512 0.232512
4592.319336 0.000000 767.049438 0.000000 0.559988 0.000000 0.828501 0.234795 0.234795 0.234795
4467.006836 0.000000 855.710693 0.000000 0.832799 0.000000 0.553576 0.244892 0.244892 0.244892
4454.737793 0.000000 885.743530 0.000000 0.332681 0.000000 0.943039 0.239469 0.239469 0.239469
4466.542480 0.000000 853.064148 0.000000 0.968427 0.000000 0.249296 0.247791 0.247791 0.247791
4455.437012 0.000000 874.647522 0.000000 0.825490 0.000000 0.564417 0.244666 0.244666 0.244666
4456.581055 0.000000 877.530029 0.000000 0.845359 0.000000 0.534199 0.244917 0.244917 0.244917
4482.854492 0.000000 838.328186 0.000000 0.109224 0.000000 0.994017 0.236638 0.236638 0.236638
4480.164062 0.000000 847.120300 0.000000 0.483545 0.000000 0.875320 0.240452 0.240452 0.240452
4526.583984 0.000000 896.046204 0.000000 0.219818 0.000000 0.975541 0.237706 0.237706 0.237706
4540.194824 0.000000 882.854736 0.000000 0.670938 0.000000 0.741513 0.241815 0.241815 0.241815
4578.794434 0.000000 885.525085 0.000000 0.959093 0.000000 0.283091 0.247250 0.247250 0.247250
4561.197754 0.000000 854.058716 0.000000 0.746537 0.000000 0.665344 0.242526 0.242526 0.242526
4603.649902 0.000000 902.219421 0.000000 0.773592 0.000000 0.633684 0.242847 0.242847 0.242847
4565.351074 0.000000 853.694763 0.000000 0.502013 0.000000 0.864860 0.238848 0.238848 0.238848
4594.095215 0.000000 887.602539 0.000000 0.715321 0.000000 0.698796 0.241284 0.241284 0.241284
4587.855957 0.000000 886.839844 0.000000 0.914458 0.000000 0.404682 0.245215 0.245215 0.245215
4577.012207 0.000000 857.478882 0.000000 0.807617 0.000000 0.589707 0.242206 0.242206 0.242206
4585.666016 0.000000 894.398865 0.000000 0.338319 0.000000 0.941031 0.235924 0.235924 0.235924
4594.878418 0.000000 854.231934 0.000000 0.736270 0.000000 0.676687 0.240281 0.240281 0.240281
4599.350098 0.000000 903.337524 0.000000 0.926434 0.000000 0.376456 0.245327 0.245327 0.245327
4591.137695 0.000000 883.745178 0.000000 0.904559 0.000000 0.426349 0.244708 0.244708 0.244708
4560.322266 0.000000 897.435852 0.000000 0.639166 0.000000 0.769069 0.239130 0.239130 0.239130
4580.907227 0.000000 884.349731 0.000000 0.978741 0.000000 0.205099 0.247015 0.247015 0.247015
4572.669922 0.000000 859.490845 0.000000 0.998387 0.000000 0.056770 0.249151 0.249151 0.249151
4585.701660 0.000000 893.169556 0.000000 0.295598 0.000000 0.955312 0.231481 0.231481 0.231481
4582.974609 0.000000 883.354431 0.000000 0.516970 0.000000 0.856004 0.236020 0.236020 0.236020
4585.351074 0.000000 886.004700 0.000000 0.652679 0.000000 0.757634 0.238652 0.238652 0.238652
4578.780762 0.000000 858.935608 0.000000 0.999747 0.000000 0.022513 0.249677 0.249677 0.249677
4581.622070 0.000000 894.006531 0.000000 0.975692 0.000000 0.219145 0.247290 0.247290 0.247290
4574.072754 0.000000 854.313721 0.000000 0.451050 0.000000 0.892499 0.232688 0.232688 0.232688
4577.214844 0.000000 860.190002 0.000000 0.967740 0.000000 0.251950 0.246439 0.246439 0.246439
4575.150879 0.000000 855.966614 0.000000 0.427912 0.000000 0.903820 0.232284 0.232284 0.232284
4582.686035 0.000000 895.151978 0.000000 0.622768 0.000000 0.782406 0.236765 0.236765 0.236765
4585.318848 0.000000 882.282349 0.000000 0.825550 0.000000 0.564329 0.241318 0.241318 0.241318
4563.829102 0.000000 852.942078 0.000000 0.990294 0.000000 0.138987 0.247803 0.247803 0.247803
4564.319824 0.000000 850.079102 0.000000 0.416730 0.000000 0.909030 0.232803 0.232803 0.232803
4574.111328 0.000000 861.049500 0.000000 0.990689 0.000000 0.136146 0.248061 0.248061 0.248061
4579.124512 0.000000 860.633057 0.000000 0.671443 0.000000 0.741056 0.239321 0.239321 0.239321
4598.652344 0.000000 870.748413 0.000000 0.954640 0.000000 0.297762 0.245631 0.245631 0.245631
4588.776367 0.000000 886.569702 0.000000 0.887995 0.000000 0.459854 0.243230 0.243230 0.243230
4580.599609 0.000000 892.122070 0.000000 0.823856 0.000000 0.566800 0.241537 0.241537 0.241537
4588.435059 0.000000 862.966064 0.000000 0.039875 0.000000 0.999205 0.227976 0.227976 0.227976
4597.236328 0.000000 871.146362 0.000000 0.822487 0.000000 0.568784 0.240484 0.240484 0.240484
4578.677246 0.000000 856.451233 0.000000 0.966465 0.000000 0.256799 0.246426 0.246426 0.246426
4566.523438 0.000000 896.093811 0.000000 0.769267 0.000000 0.638927 0.240483 0.240483 0.240483
4587.347656 0.000000 888.381226 0.000000 0.614634 0.000000 0.788812 0.235960 0.235960 0.235960
4575.954590 0.000000 852.006042 0.000000 0.000648 0.000000 1.000000 0.226970 0.226970 0.226970
4578.106934 0.000000 882.203003 0.000000 0.830006 0.000000 0.557754 0.241673 0.241673 0.241673
4588.670898 0.000000 882.023438 0.000000 0.747155 0.000000 0.664650 0.238701 0.238701 0.238701
4564.721680 0.000000 851.485596 0.000000 0.831981 0.000000 0.554804 0.241135 0.241135 0.241135
4585.110840 0.000000 892.431335 0.000000 0.896787 0.000000 0.442462 0.243320 0.243320 0.243320
4578.447266 0.000000 858.094360 0.000000 0.593171 0.000000 0.805077 0.236596 0.236596 0.236596
4601.855469 0.000000 875.695740 0.000000 0.324865 0.000000 0.945760 0.230305 0.230305 0.230305
4572.137207 0.000000 858.834717 0.000000 0.313655 0.000000 0.949537 0.231289 0.231289 0.231289
4575.720215 0.000000 858.799744 0.000000 0.013584 0.000000 0.999908 0.225216 0.225216 0.225216
4575.016113 0.000000 854.000183 0.000000 0.799473 0.000000 0.600702 0.239885 0.239885 0.239885
4579.894531 0.000000 863.993103 0.000000 0.944394 0.000000 0.328816 0.244678 0.244678 0.244678
4565.011719 0.000000 848.582458 0.000000 0.801628 0.000000 0.597823 0.239802 0.239802 0.239802
4618.652832 0.000000 773.362671 0.000000 0.374958 0.000000 0.927042 0.237782 0.237782 0.237782
4623.300293 0.000000 777.385071 0.000000 0.384100 0.000000 0.923291 0.237002 0.237002 0.237002
4622.338867 0.000000 776.117981 0.000000 0.830508 0.000000 0.557006 0.243474 0.243474 0.243474
4619.498535 0.000000 775.575073 0.000000 0.389873 0.000000 0.920869 0.234296 0.234296 0.234296
4622.093750 0.000000 774.022339 0.000000 0.247999 0.000000 0.968760 0.231790 0.231790 0.231790
4624.365723 0.000000 777.491577 0.000000 0.025522 0.000000 0.999674 0.230759 0.230759 0.230759
4622.657227 0.000000 775.149902 0.000000 0.998521 0.000000 0.054372 0.249250 0.249250 0.249250
4618.018555 0.000000 775.864746 0.000000 0.999941 0.000000 0.010818 0.249855 0.249855 0.249855
4683.020996 0.000000 802.023499 0.000000 0.344205 0.000000 0.938894 0.238470 0.238470 0.238470
4680.331055 0.000000 807.580872 0.000000 0.639892 0.000000 0.768465 0.236434 0.236434 0.236434
4639.429199 0.000000 871.193787 0.000000 0.855016 0.000000 0.518602 0.244879 0.244879 0.244879
4645.990723 0.000000 883.902954 0.000000 0.316259 0.000000 0.948673 0.238385 0.238385 0.238385
4635.663086 0.000000 870.061279 0.000000 0.891640 0.000000 0.452745 0.244839 0.244839 0.244839
4613.528809 0.000000 876.603821 0.000000 0.828772 0.000000 0.559587 0.243328 0.243328 0.243328
4647.754395 0.000000 873.174133 0.000000 0.122602 0.000000 0.992456 0.235270 0.235270 0.235270
4617.120117 0.000000 871.540588 0.000000 0.549639 0.000000 0.835403 0.239415 0.239415 0.239415
4640.756836 0.000000 886.887634 0.000000 0.119156 0.000000 0.992876 0.234238 0.234238 0.234238
4615.816406 0.000000 877.728821 0.000000 0.815473 0.000000 0.578795 0.242526 0.242526 0.242526
4642.794922 0.000000 884.173462 0.000000 0.247281 0.000000 0.968944 0.235036 0.235036 0.235036
4646.902344 0.000000 875.871399 0.000000 0.930169 0.000000 0.367133 0.245695 0.245695 0.245695
4641.111816 0.000000 880.785217 0.000000 0.437868 0.000000 0.899039 0.237340 0.237340 0.237340
4649.059570 0.000000 870.583252 0.000000 0.718431 0.000000 0.695598 0.240158 0.240158 0.240158
4641.384277 0.000000 872.689026 0.000000 0.975073 0.000000 0.221883 0.247382 0.247382 0.247382
4644.921387 0.000000 865.756897 0.000000 0.802045 0.000000 0.597264 0.241571 0.241571 0.241571
4640.945312 0.000000 865.921082 0.000000 0.275755 0.000000 0.961228 0.232751 0.232751 0.232751
4640.156250 0.000000 868.054382 0.000000 0.041245 0.000000 0.999149 0.230334 0.230334 0.230334
4643.156738 0.000000 875.228760 0.000000 0.966090 0.000000 0.258206 0.246773 0.246773 0.246773
4617.617676 0.000000 873.945068 0.000000 0.898734 0.000000 0.438494 0.243895 0.243895 0.243895
4638.083984 0.000000 864.548096 0.000000 0.766439 0.000000 0.642317 0.240335 0.240335 0.240335
4637.677246 0.000000 865.855774 0.000000 0.297342 0.000000 0.954771 0.230320 0.230320 0.230320
4647.352051 0.000000 869.947754 0.000000 0.155623 0.000000 0.987817 0.227487 0.227487 0.227487
4641.089844 0.000000 868.549255 0.000000 0.772830 0.000000 0.634613 0.241161 0.241161 0.241161
4640.005859 0.000000 865.505493 0.000000 0.729093 0.000000 0.684414 0.239932 0.239932 0.239932
4649.009277 0.000000 868.298828 0.000000 0.085141 0.000000 0.996369 0.228489 0.228489 0.228489
4643.887695 0.000000 865.185852 0.000000 0.894469 0.000000 0.447130 0.243519 0.243519 0.243519
4646.073730 0.000000 866.331848 0.000000 0.852536 0.000000 0.522668 0.241247 0.241247 0.241247
4639.321777 0.000000 868.963745 0.000000 0.363266 0.000000 0.931686 0.230917 0.230917 0.230917
4619.486816 0.000000 874.033142 0.000000 0.246303 0.000000 0.969193 0.229951 0.229951 0.229951
4620.991211 0.000000 871.803406 0.000000 0.526466 0.000000 0.850196 0.236140 0.236140 0.236140
4644.628418 0.000000 874.057007 0.000000 0.250088 0.000000 0.968223 0.229023 0.229023 0.229023
4643.366211 0.000000 871.973755 0.000000 0.987888 0.000000 0.155171 0.247773 0.247773 0.247773
4645.188477 0.000000 867.974976 0.000000 0.699095 0.000000 0.715029 0.237321 0.237321 0.237321
4643.354004 0.000000 878.652832 0.000000 0.977925 0.000000 0.208958 0.246761 0.246761 0.246761
4646.289062 0.000000 867.289673 0.000000 0.998757 0.000000 0.049845 0.249206 0.249206 0.249206
4643.730957 0.000000 877.029114 0.000000 0.324731 0.000000 0.945806 0.230264 0.230264 0.230264
4642.484375 0.000000 883.387085 0.000000 0.999948 0.000000 0.010153 0.249838 0.249838 0.249838
4638.539551 0.000000 868.662292 0.000000 0.677092 0.000000 0.735899 0.236838 0.236838 0.236838
4618.321289 0.000000 875.258118 0.000000 0.288740 0.000000 0.957408 0.230619 0.230619 0.230619
4645.553223 0.000000 874.058228 0.000000 0.928091 0.000000 0.372354 0.243928 0.243928 0.243928
4645.986816 0.000000 873.022766 0.000000 0.999078 0.000000 0.042941 0.249316 0.249316 0.249316
4643.183594 0.000000 873.388000 0.000000 0.791035 0.000000 0.611770 0.239523 0.239523 0.239523
4645.462891 0.000000 877.416321 0.000000 0.361793 0.000000 0.932258 0.230892 0.230892 0.230892
4605.061035 0.000000 904.306335 0.000000 0.140326 0.000000 0.990105 0.237058 0.237058 0.237058
4561.373535 0.000000 903.856506 0.000000 0.661044 0.000000 0.750347 0.242161 0.242161 0.242161
4561.982910 0.000000 907.003723 0.000000 0.854869 0.000000 0.518844 0.244519 0.244519 0.244519
4559.104492 0.000000 908.602112 0.000000 0.297877 0.000000 0.954604 0.238007 0.238007 0.238007
4600.234863 0.000000 905.492920 0.000000 0.022666 0.000000 0.999743 0.232559 0.232559 0.232559
4563.355469 0.000000 903.783752 0.000000 0.391475 0.000000 0.920189 0.236288 0.236288 0.236288
4601.597656 0.000000 904.466736 0.000000 0.118805 0.000000 0.992918 0.233646 0.233646 0.233646
4527.049805 0.000000 989.444336 0.000000 0.056923 0.000000 0.998379 0.233890 0.233890 0.233890
4543.265137 0.000000 993.686340 0.000000 0.673253 0.000000 0.739412 0.240339 0.240339 0.240339
4540.552246 0.000000 989.653564 0.000000 0.417748 0.000000 0.908563 0.236483 0.236483 0.236483
4525.534668 0.000000 995.255859 0.000000 0.789919 0.000000 0.613211 0.241987 0.241987 0.241987
4542.371094 0.000000 991.524048 0.000000 0.659909 0.000000 0.751345 0.239468 0.239468 0.239468
4527.812988 0.000000 992.338867 0.000000 0.993535 0.000000 0.113528 0.248658 0.248658 0.248658
4522.333984 0.000000 987.328003 0.000000 0.294502 0.000000 0.955651 0.235235 0.235235 0.235235
4524.637695 0.000000 989.787537 0.000000 0.971283 0.000000 0.237927 0.246836 0.246836 0.246836
4540.154785 0.000000 1000.334106 0.000000 0.466824 0.000000 0.884350 0.236590 0.236590 0.236590
4541.826172 0.000000 1001.954224 0.000000 0.492135 0.000000 0.870519 0.236947 0.236947 0.236947
4543.198730 0.000000 1000.746765 0.000000 0.910383 0.000000 0.413768 0.244542 0.244542 0.244542
4524.375000 0.000000 988.519043 0.000000 0.054155 0.000000 0.998533 0.230027 0.230027 0.230027
4526.713867 0.000000 991.944885 0.000000 0.755913 0.000000 0.654672 0.240133 0.240133 0.240133
4525.105469 0.000000 991.320007 0.000000 0.991186 0.000000 0.132479 0.248142 0.248142 0.248142
4540.866699 0.000000 987.328857 0.000000 0.723832 0.000000 0.689977 0.239544 0.239544 0.239544
4526.016602 0.000000 991.313049 0.000000 0.453126 0.000000 0.891447 0.234786 0.234786 0.234786
4549.178223 0.000000 985.604431 0.000000 0.998234 0.000000 0.059398 0.249457 0.249457 0.249457
4546.786133 0.000000 995.135071 0.000000 0.334478 0.000000 0.942404 0.239139 0.239139 0.239139
4586.998047 0.000000 996.901306 0.000000 0.966620 0.000000 0.256214 0.247396 0.247396 0.247396
4584.266113 0.000000 988.997864 0.000000 0.575169 0.000000 0.818034 0.239238 0.239238 0.239238
4565.138184 0.000000 1016.050476 0.000000 0.352048 0.000000 0.935982 0.235525 0.235525 0.235525
4589.534668 0.000000 995.255859 0.000000 0.206767 0.000000 0.978390 0.233757 0.233757 0.233757
4597.027344 0.000000 991.751465 0.000000 0.164759 0.000000 0.986334 0.233248 0.233248 0.233248
4578.885254 0.000000 989.819092 0.000000 0.498426 0.000000 0.866932 0.236774 0.236774 0.236774
4597.814941 0.000000 990.609497 0.000000 0.512856 0.000000 0.858474 0.237694 0.237694 0.237694
4545.581055 0.000000 995.478210 0.000000 0.094694 0.000000 0.995506 0.231069 0.231069 0.231069
4588.637695 0.000000 989.787537 0.000000 0.174341 0.000000 0.984685 0.232536 0.232536 0.232536
4550.064453 0.000000 984.409302 0.000000 0.360660 0.000000 0.932697 0.235035 0.235035 0.235035
4580.714355 0.000000 989.912598 0.000000 0.176066 0.000000 0.984378 0.233906 0.233906 0.233906
4545.508301 0.000000 1003.522888 0.000000 0.315139 0.000000 0.949046 0.235526 0.235526 0.235526
4595.445801 0.000000 991.178894 0.000000 0.997890 0.000000 0.064925 0.249179 0.249179 0.249179
4593.625000 0.000000 993.657898 0.000000 0.300001 0.000000 0.953939 0.233050 0.233050 0.233050
4586.868164 0.000000 988.370422 0.000000 0.809111 0.000000 0.587655 0.240943 0.240943 0.240943
4579.156738 0.000000 988.197510 0.000000 0.058852 0.000000 0.998267 0.230938 0.230938 0.230938
4544.173828 0.000000 987.909912 0.000000 0.263449 0.000000 0.964673 0.229243 0.229243 0.229243
4586.467285 0.000000 989.258545 0.000000 0.072560 0.000000 0.997364 0.228400 0.228400 0.228400
4547.754395 0.000000 997.662903 0.000000 0.865545 0.000000 0.500831 0.242175 0.242175 0.242175
4545.319336 0.000000 986.795105 0.000000 0.422188 0.000000 0.906509 0.231937 0.231937 0.231937
4646.658203 0.000000 911.971008 0.000000 0.886873 0.000000 0.462013 0.245669 0.245669 0.245669
4663.597168 0.000000 910.666199 0.000000 0.853936 0.000000 0.520378 0.243612 0.243612 0.243612
4647.477539 0.000000 909.007812 0.000000 0.741798 0.000000 0.670624 0.242155 0.242155 0.242155
4609.383301 0.000000 905.826355 0.000000 0.941748 0.000000 0.336319 0.245119 0.245119 0.245119
4661.175781 0.000000 911.374756 0.000000 0.980964 0.000000 0.194188 0.247402 0.247402 0.247402
4663.001953 0.000000 995.269043 0.000000 0.829040 0.000000 0.559189 0.243056 0.243056 0.243056
4664.429688 0.000000 997.429810 0.000000 0.556142 0.000000 0.831088 0.237784 0.237784 0.237784
4666.465332 0.000000 997.766235 0.000000 0.482466 0.000000 0.875915 0.237576 0.237576 0.237576
4667.585938 0.000000 996.792358 0.000000 0.296718 0.000000 0.954965 0.235222 0.235222 0.235222
4665.517090 0.000000 997.137634 0.000000 0.464458 0.000000 0.885595 0.236456 0.236456 0.236456
4670.167480 0.000000 999.745239 0.000000 0.211757 0.000000 0.977322 0.229497 0.229497 0.229497
4671.631348 0.000000 998.813965 0.000000 0.693428 0.000000 0.720526 0.237848 0.237848 0.237848
4686.486328 0.000000 998.916199 0.000000 0.587931 0.000000 0.808911 0.240796 0.240796 0.240796
4672.129395 0.000000 992.278992 0.000000 0.959321 0.000000 0.282318 0.247088 0.247088 0.247088
4684.962891 0.000000 990.355042 0.000000 0.550902 0.000000 0.834570 0.238754 0.238754 0.238754
4684.118652 0.000000 991.567139 0.000000 0.363307 0.000000 0.931670 0.236343 0.236343 0.236343
4680.482910 0.000000 1000.584473 0.000000 0.884827 0.000000 0.465920 0.244585 0.244585 0.244585
4676.258301 0.000000 1003.756226 0.000000 0.374863 0.000000 0.927080 0.234300 0.234300 0.234300
4682.726562 0.000000 998.345459 0.000000 0.958690 0.000000 0.284455 0.245859 0.245859 0.245859
4679.034180 0.000000 1005.374207 0.000000 0.916864 0.000000 0.399200 0.244477 0.244477 0.244477
4687.676270 0.000000 990.879456 0.000000 0.803405 0.000000 0.595433 0.240287 0.240287 0.240287
4750.452148 0.000000 1015.829102 0.000000 0.681959 0.000000 0.731391 0.242653 0.242653 0.242653
4770.794434 0.000000 998.493835 0.000000 0.545324 0.000000 0.838225 0.240973 0.240973 0.240973
4774.151855 0.000000 1000.558167 0.000000 0.973112 0.000000 0.230333 0.247614 0.247614 0.247614
4791.086426 0.000000 996.850708 0.000000 0.132926 0.000000 0.991126 0.235690 0.235690 0.235690
4789.498535 0.000000 997.710571 0.000000 0.244426 0.000000 0.969668 0.235747 0.235747 0.235747
4763.020508 0.000000 1008.442566 0.000000 0.237119 0.000000 0.971481 0.235209 0.235209 0.235209
4777.330078 0.000000 1001.396057 0.000000 0.451335 0.000000 0.892355 0.238543 0.238543 0.238543
4786.969727 0.000000 1014.493042 0.000000 0.487462 0.000000 0.873144 0.238537 0.238537 0.238537
4776.332520 0.000000 998.437378 0.000000 0.866430 0.000000 0.499298 0.244453 0.244453 0.244453
4786.837402 0.000000 1001.910583 0.000000 0.999997 0.000000 0.002590 0.249969 0.249969 0.249969
4786.095215 0.000000 1000.571289 0.000000 0.158774 0.000000 0.987315 0.232955 0.232955 0.232955
4790.159668 0.000000 1010.881104 0.000000 0.161820 0.000000 0.986820 0.232817 0.232817 0.232817
4768.756836 0.000000 999.856384 0.000000 0.546674 0.000000 0.837346 0.238975 0.238975 0.238975
4792.508789 0.000000 1001.677063 0.000000 0.892023 0.000000 0.451990 0.244058 0.244058 0.244058
4787.655762 0.000000 999.427246 0.000000 0.781852 0.000000 0.623464 0.240568 0.240568 0.240568
4752.364258 0.000000 1013.805725 0.000000 0.854494 0.000000 0.519461 0.243659 0.243659 0.243659
4768.504395 0.000000 1003.581665 0.000000 0.997028 0.000000 0.077034 0.249095 0.249095 0.249095
4777.663086 0.000000 1003.828308 0.000000 0.745852 0.000000 0.666112 0.240718 0.240718 0.240718
4791.149902 0.000000 1010.332275 0.000000 0.741052 0.000000 0.671448 0.241017 0.241017 0.241017
4757.435547 0.000000 1006.241943 0.000000 0.062686 0.000000 0.998033 0.231928 0.231928 0.231928
4784.024902 0.000000 1001.966187 0.000000 0.214734 0.000000 0.976673 0.230220 0.230220 0.230220
4774.974609 0.000000 996.323181 0.000000 0.862172 0.000000 0.506615 0.241992 0.241992 0.241992
4756.768066 0.000000 1005.174194 0.000000 0.559285 0.000000 0.828976 0.235697 0.235697 0.235697
4788.449219 0.000000 1000.302490 0.000000 0.795705 0.000000 0.605685 0.240680 0.240680 0.240680
4784.431641 0.000000 1001.015747 0.000000 0.746572 0.000000 0.665304 0.239369 0.239369 0.239369
4791.944824 0.000000 1014.878906 0.000000 0.979236 0.000000 0.202723 0.246751 0.246751 0.246751
4791.210938 0.000000 1012.595703 0.000000 0.812264 0.000000 0.583290 0.240574 0.240574 0.240574
4754.612793 0.000000 1008.819397 0.000000 0.519177 0.000000 0.854667 0.235191 0.235191 0.235191
4775.616211 0.000000 999.071472 0.000000 0.982418 0.000000 0.186696 0.247011 0.247011 0.247011
4776.903320 0.000000 997.112610 0.000000 0.400363 0.000000 0.916357 0.231845 0.231845 0.231845
4786.026855 0.000000 998.281677 0.000000 0.649428 0.000000 0.760423 0.237894 0.237894 0.237894
4775.598145 0.000000 1003.781250 0.000000 0.598984 0.000000 0.800761 0.237134 0.237134 0.237134
4775.903320 0.000000 1002.911987 0.000000 0.941545 0.000000 0.336887 0.245239 0.245239 0.245239
4786.872559 0.000000 999.908142 0.000000 0.997342 0.000000 0.072857 0.248978 0.248978 0.248978
4756.889648 0.000000 1004.230469 0.000000 0.082100 0.000000 0.996624 0.228213 0.228213 0.228213
4757.726074 0.000000 1008.652161 0.000000 0.574651 0.000000 0.818399 0.234743 0.234743 0.234743
4785.989258 0.000000 1001.490479 0.000000 0.509464 0.000000 0.860492 0.234866 0.234866 0.234866
4757.038574 0.000000 1009.706787 0.000000 0.945924 0.000000 0.324388 0.244742 0.244742 0.244742
4790.583496 0.000000 1015.976562 0.000000 0.758246 0.000000 0.651969 0.238697 0.238697 0.238697
4791.652832 0.000000 1001.469421 0.000000 0.114625 0.000000 0.993409 0.226828 0.226828 0.226828
4788.429199 0.000000 999.305298 0.000000 0.401776 0.000000 0.915738 0.231580 0.231580 0.231580
4768.153320 0.000000 1001.351868 0.000000 0.433484 0.000000 0.901161 0.232136 0.232136 0.232136
4818.552246 0.000000 1014.385193 0.000000 0.121621 0.000000 0.992577 0.234943 0.234943 0.234943
4838.916016 0.000000 1016.182068 0.000000 0.710760 0.000000 0.703435 0.241454 0.241454 0.241454
4848.909180 0.000000 1003.281433 0.000000 0.860435 0.000000 0.509560 0.244060 0.244060 0.244060
4804.237305 0.000000 1011.768982 0.000000 0.990778 0.000000 0.135498 0.248486 0.248486 0.248486
4841.750000 0.000000 1013.382263 0.000000 0.802555 0.000000 0.596578 0.242120 0.242120 0.242120
4849.885254 0.000000 1007.255127 0.000000 0.408733 0.000000 0.912654 0.234644 0.234644 0.234644
4849.451660 0.000000 1005.929504 0.000000 0.999454 0.000000 0.033031 0.249625 0.249625 0.249625
4846.064453 0.000000 1005.257324 0.000000 0.999573 0.000000 0.029210 0.249586 0.249586 0.249586
4838.453613 0.000000 1015.084290 0.000000 0.957619 0.000000 0.288039 0.246553 0.246553 0.246553
4812.208496 0.000000 1014.335144 0.000000 0.111028 0.000000 0.993817 0.231417 0.231417 0.231417
4841.133789 0.000000 1012.173889 0.000000 0.658993 0.000000 0.752149 0.239506 0.239506 0.239506
4847.634277 0.000000 1000.117126 0.000000 0.514218 0.000000 0.857659 0.235043 0.235043 0.235043
4816.040527 0.000000 1012.588928 0.000000 0.952878 0.000000 0.303353 0.245095 0.245095 0.245095
4846.635742 0.000000 1000.291809 0.000000 0.581913 0.000000 0.813251 0.236218 0.236218 0.236218
4816.603027 0.000000 1011.772522 0.000000 0.987356 0.000000 0.158516 0.247466 0.247466 0.247466
4814.682129 0.000000 1011.147400 0.000000 0.241589 0.000000 0.970379 0.228883 0.228883 0.228883
4821.550781 0.000000 1012.514771 0.000000 0.869418 0.000000 0.494077 0.242678 0.242678 0.242678
4812.916992 0.000000 1011.559265 0.000000 0.185875 0.000000 0.982573 0.227976 0.227976 0.227976
4819.891113 0.000000 1012.539307 0.000000 0.783303 0.000000 0.621640 0.239323 0.239323 0.239323
4817.198730 0.000000 1013.888977 0.000000 0.244978 0.000000 0.969529 0.228939 0.228939 0.228939
4817.507324 0.000000 1011.800049 0.000000 0.992933 0.000000 0.118677 0.248107 0.248107 0.248107
4664.234863 0.000000 1018.461670 0.000000 0.598018 0.000000 0.801483 0.239729 0.239729 0.239729
4653.066406 0.000000 1022.317139 0.000000 0.929457 0.000000 0.368931 0.245955 0.245955 0.245955
4670.128906 0.000000 1023.579285 0.000000 0.777019 0.000000 0.629477 0.241798 0.241798 0.241798
4660.885742 0.000000 1025.664551 0.000000 0.998998 0.000000 0.044765 0.249322 0.249322 0.249322
4675.130371 0.000000 1027.037964 0.000000 0.242210 0.000000 0.970224 0.232494 0.232494 0.232494
4691.792969 0.000000 1033.386353 0.000000 0.971750 0.000000 0.236011 0.247011 0.247011 0.247011
4675.737793 0.000000 1027.973511 0.000000 0.627811 0.000000 0.778366 0.238224 0.238224 0.238224
4829.555176 0.000000 1024.692017 0.000000 0.947364 0.000000 0.320159 0.246288 0.246288 0.246288
4825.454590 0.000000 1025.827393 0.000000 0.968945 0.000000 0.247277 0.247045 0.247045 0.247045
4806.658691 0.000000 1016.758728 0.000000 0.032896 0.000000 0.999459 0.229987 0.229987 0.229987
4826.827148 0.000000 1027.787476 0.000000 0.956937 0.000000 0.290294 0.246002 0.246002 0.246002
4838.708008 0.000000 1019.144531 0.000000 0.919773 0.000000 0.392450 0.244853 0.244853 0.244853
4822.246094 0.000000 1026.841919 0.000000 0.628537 0.000000 0.777780 0.237903 0.237903 0.237903
4843.600586 0.000000 1017.785217 0.000000 0.306400 0.000000 0.951903 0.233533 0.233533 0.233533
4827.457520 0.000000 1026.720093 0.000000 0.449104 0.000000 0.893480 0.234999 0.234999 0.234999
4820.985352 0.000000 1028.242065 0.000000 0.835452 0.000000 0.549564 0.240740 0.240740 0.240740
4824.142090 0.000000 1026.098877 0.000000 0.832034 0.000000 0.554725 0.240641 0.240641 0.240641
4824.852539 0.000000 1027.765991 0.000000 0.962252 0.000000 0.272160 0.245613 0.245613 0.245613
4684.710449 0.000000 1166.421265 0.000000 0.794284 0.000000 0.607546 0.243153 0.243153 0.243153
4926.777344 0.000000 1940.896973 0.000000 0.127763 0.000000 0.991805 0.234828 0.234828 0.234828
4924.957031 0.000000 1945.234619 0.000000 0.580871 0.000000 0.813995 0.238930 0.238930 0.238930
4876.093750 0.000000 1928.556274 0.000000 0.573863 0.000000 0.818952 0.239459 0.239459 0.239459
4925.822754 0.000000 1944.435547 0.000000 0.723487 0.000000 0.690338 0.241131 0.241131 0.241131
4923.891113 0.000000 1939.119507 0.000000 0.488872 0.000000 0.872356 0.237033 0.237033 0.237033
4878.198242 0.000000 1929.181152 0.000000 0.629330 0.000000 0.777138 0.238472 0.238472 0.238472
4921.221680 0.000000 1943.296997 0.000000 0.994591 0.000000 0.103871 0.248448 0.248448 0.248448
4921.530273 0.000000 1942.363037 0.000000 0.876935 0.000000 0.480610 0.242521 0.242521 0.242521
4918.776855 0.000000 1943.007080 0.000000 0.860507 0.000000 0.509439 0.242160 0.242160 0.242160
4920.372559 0.000000 1943.309570 0.000000 0.910782 0.000000 0.412888 0.243651 0.243651 0.243651
4930.873047 0.000000 1946.759033 0.000000 0.440485 0.000000 0.897760 0.239878 0.239878 0.239878
4939.910645 0.000000 1948.151733 0.000000 0.216748 0.000000 0.976228 0.237930 0.237930 0.237930
4938.112305 0.000000 1938.622681 0.000000 0.627604 0.000000 0.778532 0.241841 0.241841 0.241841
4929.541504 0.000000 1941.632812 0.000000 0.657202 0.000000 0.753714 0.241661 0.241661 0.241661
4940.302734 0.000000 1940.867188 0.000000 0.656163 0.000000 0.754619 0.241621 0.241621 0.241621
4932.728516 0.000000 1940.715088 0.000000 0.757612 0.000000 0.652706 0.242321 0.242321 0.242321
4928.212402 0.000000 1944.108887 0.000000 0.963461 0.000000 0.267848 0.246217 0.246217 0.246217
4940.520508 0.000000 1947.102905 0.000000 0.961284 0.000000 0.275559 0.246672 0.246672 0.246672
4934.064453 0.000000 1944.643677 0.000000 0.999731 0.000000 0.023180 0.249682 0.249682 0.249682
4939.529297 0.000000 1943.621582 0.000000 0.800670 0.000000 0.599106 0.241260 0.241260 0.241260
4938.822754 0.000000 1942.195312 0.000000 0.770301 0.000000 0.637680 0.240592 0.240592 0.240592
4938.165039 0.000000 1945.400513 0.000000 0.802400 0.000000 0.596787 0.241419 0.241419 0.241419
4933.828613 0.000000 1942.225098 0.000000 0.846458 0.000000 0.532456 0.242535 0.242535 0.242535
4939.486816 0.000000 1947.236328 0.000000 0.933121 0.000000 0.359561 0.245191 0.245191 0.245191
4928.727051 0.000000 1945.950195 0.000000 0.947485 0.000000 0.319800 0.245459 0.245459 0.245459
4938.630859 0.000000 1943.281616 0.000000 0.661494 0.000000 0.749950 0.238462 0.238462 0.238462
4934.645996 0.000000 1942.921753 0.000000 0.135138 0.000000 0.990827 0.228635 0.228635 0.228635
4661.732422 0.000000 2258.452881 0.000000 0.914327 0.000000 0.404977 0.245511 0.245511 0.245511
4662.278809 0.000000 2259.406982 0.000000 0.788013 0.000000 0.615659 0.243398 0.243398 0.243398
"}
object={
	name="bush_dry_02_generator_2_1"
	clamp_to_water_level=no
	render_under_water=no
	generated_content=yes
	layer="semidynamic_high"
	pdxmesh="tree_bush_06_mesh"
	count=290
	transform="4573.381836 0.000000 708.407776 0.000000 0.999138 0.000000 -0.041516 0.250403 0.250403 0.250403
4591.226074 0.000000 775.241089 0.000000 0.609300 0.000000 -0.792940 0.259486 0.259486 0.259486
4586.998047 0.000000 770.963806 0.000000 0.661253 0.000000 -0.750163 0.258445 0.258445 0.258445
4589.321289 0.000000 772.779785 0.000000 0.054904 0.000000 -0.998492 0.266888 0.266888 0.266888
4586.089355 0.000000 767.910156 0.000000 0.278863 0.000000 -0.960331 0.263748 0.263748 0.263748
4582.864258 0.000000 771.674500 0.000000 0.571146 0.000000 -0.820849 0.262651 0.262651 0.262651
4582.974609 0.000000 770.385681 0.000000 0.699118 0.000000 -0.715007 0.260466 0.260466 0.260466
4589.612305 0.000000 767.280151 0.000000 0.136045 0.000000 -0.990703 0.268531 0.268531 0.268531
4585.318848 0.000000 769.313599 0.000000 0.120095 0.000000 -0.992762 0.269463 0.269463 0.269463
4582.279297 0.000000 768.771973 0.000000 0.283605 0.000000 -0.958941 0.270423 0.270423 0.270423
4584.903320 0.000000 771.175110 0.000000 0.998478 0.000000 -0.055157 0.250878 0.250878 0.250878
4583.982422 0.000000 768.758789 0.000000 0.999680 0.000000 -0.025285 0.250402 0.250402 0.250402
4466.317383 0.000000 850.456787 0.000000 0.631941 0.000000 -0.775016 0.257416 0.257416 0.257416
4451.373047 0.000000 874.208923 0.000000 0.657881 0.000000 -0.753122 0.257398 0.257398 0.257398
4455.131348 0.000000 882.244751 0.000000 0.998963 0.000000 -0.045519 0.250387 0.250387 0.250387
4456.221680 0.000000 867.708862 0.000000 0.822713 0.000000 -0.568456 0.255283 0.255283 0.255283
4454.985352 0.000000 879.130066 0.000000 0.445476 0.000000 -0.895294 0.259726 0.259726 0.259726
4486.599121 0.000000 843.882202 0.000000 0.613270 0.000000 -0.789873 0.257360 0.257360 0.257360
4524.424316 0.000000 899.811646 0.000000 0.547906 0.000000 -0.836540 0.258968 0.258968 0.258968
4482.305176 0.000000 848.615479 0.000000 0.964880 0.000000 -0.262690 0.252455 0.252455 0.252455
4538.464844 0.000000 883.553040 0.000000 0.934199 0.000000 -0.356752 0.253745 0.253745 0.253745
4559.150391 0.000000 900.876648 0.000000 0.846788 0.000000 -0.531931 0.255549 0.255549 0.255549
4594.636719 0.000000 857.719971 0.000000 0.668110 0.000000 -0.744063 0.258406 0.258406 0.258406
4563.362793 0.000000 855.577271 0.000000 0.995849 0.000000 -0.091023 0.250873 0.250873 0.250873
4564.698242 0.000000 852.449646 0.000000 0.345065 0.000000 -0.938579 0.263005 0.263005 0.263005
4585.330078 0.000000 888.427307 0.000000 0.097175 0.000000 -0.995267 0.266738 0.266738 0.266738
4586.445312 0.000000 886.121521 0.000000 0.997696 0.000000 -0.067850 0.250780 0.250780 0.250780
4591.751465 0.000000 884.825806 0.000000 0.046727 0.000000 -0.998908 0.266599 0.266599 0.266599
4584.332520 0.000000 885.468628 0.000000 0.810700 0.000000 -0.585462 0.257339 0.257339 0.257339
4559.857910 0.000000 902.555847 0.000000 0.796637 0.000000 -0.604458 0.257718 0.257718 0.257718
4562.552246 0.000000 901.416443 0.000000 0.809121 0.000000 -0.587642 0.257527 0.257527 0.257527
4565.857422 0.000000 896.852722 0.000000 0.618959 0.000000 -0.785424 0.261361 0.261361 0.261361
4595.655762 0.000000 886.458496 0.000000 0.955946 0.000000 -0.293543 0.253356 0.253356 0.253356
4599.950684 0.000000 873.244019 0.000000 0.276265 0.000000 -0.961081 0.265348 0.265348 0.265348
4584.295898 0.000000 882.528320 0.000000 0.228498 0.000000 -0.973544 0.269407 0.269407 0.269407
4573.687012 0.000000 860.120667 0.000000 0.991662 0.000000 -0.128866 0.251553 0.251553 0.251553
4585.663086 0.000000 890.859558 0.000000 0.799216 0.000000 -0.601044 0.257465 0.257465 0.257465
4567.848145 0.000000 897.316895 0.000000 0.622831 0.000000 -0.782356 0.262336 0.262336 0.262336
4591.433105 0.000000 858.640686 0.000000 0.631488 0.000000 -0.775386 0.262959 0.262959 0.262959
4583.874512 0.000000 894.365234 0.000000 0.161720 0.000000 -0.986837 0.270745 0.270745 0.270745
4585.787598 0.000000 887.055847 0.000000 0.992950 0.000000 -0.118530 0.251568 0.251568 0.251568
4586.433594 0.000000 888.708069 0.000000 0.998453 0.000000 -0.055608 0.250859 0.250859 0.250859
4575.077637 0.000000 861.559998 0.000000 0.601360 0.000000 -0.798978 0.263143 0.263143 0.263143
4581.004395 0.000000 859.672424 0.000000 0.988148 0.000000 -0.153503 0.251909 0.251909 0.251909
4575.259766 0.000000 857.013550 0.000000 0.991094 0.000000 -0.133161 0.252126 0.252126 0.252126
4576.608887 0.000000 883.175232 0.000000 0.263528 0.000000 -0.964652 0.267785 0.267785 0.267785
4577.091309 0.000000 862.179565 0.000000 0.673073 0.000000 -0.739576 0.263223 0.263223 0.263223
4600.862793 0.000000 877.729553 0.000000 0.967465 0.000000 -0.253005 0.253967 0.253967 0.253967
4575.095703 0.000000 852.353333 0.000000 0.480944 0.000000 -0.876751 0.265680 0.265680 0.265680
4586.238770 0.000000 883.235229 0.000000 0.053402 0.000000 -0.998573 0.273534 0.273534 0.273534
4575.367676 0.000000 859.541504 0.000000 0.524020 0.000000 -0.851706 0.266222 0.266222 0.266222
4577.744629 0.000000 855.053833 0.000000 0.890593 0.000000 -0.454800 0.257514 0.257514 0.257514
4576.908203 0.000000 855.852783 0.000000 0.949850 0.000000 -0.312705 0.255062 0.255062 0.255062
4592.653320 0.000000 854.919006 0.000000 0.262271 0.000000 -0.964994 0.270776 0.270776 0.270776
4607.527344 0.000000 902.880371 0.000000 0.565005 0.000000 -0.825088 0.264354 0.264354 0.264354
4579.053223 0.000000 862.592468 0.000000 0.988133 0.000000 -0.153599 0.252450 0.252450 0.252450
4565.816895 0.000000 850.164673 0.000000 0.954414 0.000000 -0.298487 0.254569 0.254569 0.254569
4581.705566 0.000000 892.875916 0.000000 0.418511 0.000000 -0.908212 0.265995 0.265995 0.265995
4574.411621 0.000000 855.467529 0.000000 0.524136 0.000000 -0.851635 0.265997 0.265997 0.265997
4579.953125 0.000000 862.222107 0.000000 0.042530 0.000000 -0.999095 0.274275 0.274275 0.274275
4601.245605 0.000000 902.156372 0.000000 0.779936 0.000000 -0.625859 0.260678 0.260678 0.260678
4565.473145 0.000000 851.956970 0.000000 0.735388 0.000000 -0.677647 0.261223 0.261223 0.261223
4588.662109 0.000000 887.431213 0.000000 0.987480 0.000000 -0.157741 0.252244 0.252244 0.252244
4583.350586 0.000000 892.173279 0.000000 0.821781 0.000000 -0.569804 0.259346 0.259346 0.259346
4583.698242 0.000000 884.906250 0.000000 0.079813 0.000000 -0.996810 0.273030 0.273030 0.273030
4579.143555 0.000000 863.682556 0.000000 0.491648 0.000000 -0.870794 0.266787 0.266787 0.266787
4601.489746 0.000000 877.126648 0.000000 0.427269 0.000000 -0.904125 0.267516 0.267516 0.267516
4577.655762 0.000000 862.834167 0.000000 0.102530 0.000000 -0.994730 0.273320 0.273320 0.273320
4600.170898 0.000000 877.282043 0.000000 0.992325 0.000000 -0.123657 0.251923 0.251923 0.251923
4574.761230 0.000000 858.481140 0.000000 0.194714 0.000000 -0.980860 0.271881 0.271881 0.271881
4600.386230 0.000000 875.951965 0.000000 0.988557 0.000000 -0.150848 0.252405 0.252405 0.252405
4562.436035 0.000000 852.768066 0.000000 0.643005 0.000000 -0.765862 0.263748 0.263748 0.263748
4563.291992 0.000000 853.517639 0.000000 0.890119 0.000000 -0.455729 0.257457 0.257457 0.257457
4563.476562 0.000000 848.068970 0.000000 0.998854 0.000000 -0.047871 0.250762 0.250762 0.250762
4682.491211 0.000000 807.668823 0.000000 0.707768 0.000000 -0.706445 0.259107 0.259107 0.259107
4680.898926 0.000000 805.676147 0.000000 0.793504 0.000000 -0.608565 0.259086 0.259086 0.259086
4679.818359 0.000000 805.392578 0.000000 0.776384 0.000000 -0.630260 0.258363 0.258363 0.258363
4681.736816 0.000000 804.967468 0.000000 0.110667 0.000000 -0.993858 0.270274 0.270274 0.270274
4681.038574 0.000000 806.642212 0.000000 0.855254 0.000000 -0.518209 0.258432 0.258432 0.258432
4681.986816 0.000000 806.973450 0.000000 0.377341 0.000000 -0.926074 0.268325 0.268325 0.268325
4636.530762 0.000000 888.940613 0.000000 0.846865 0.000000 -0.531807 0.255442 0.255442 0.255442
4638.384766 0.000000 888.860291 0.000000 0.494162 0.000000 -0.869370 0.260919 0.260919 0.260919
4642.022949 0.000000 869.301392 0.000000 0.190525 0.000000 -0.981682 0.264418 0.264418 0.264418
4609.867188 0.000000 903.468689 0.000000 0.979231 0.000000 -0.202747 0.252064 0.252064 0.252064
4641.168457 0.000000 867.557922 0.000000 0.870572 0.000000 -0.492042 0.254977 0.254977 0.254977
4639.070801 0.000000 867.922852 0.000000 0.802306 0.000000 -0.596913 0.256248 0.256248 0.256248
4622.941895 0.000000 872.906189 0.000000 0.512347 0.000000 -0.858778 0.260927 0.260927 0.260927
4634.288574 0.000000 867.098328 0.000000 0.360969 0.000000 -0.932578 0.263648 0.263648 0.263648
4640.286133 0.000000 872.143799 0.000000 0.606030 0.000000 -0.795442 0.260763 0.260763 0.260763
4641.640625 0.000000 864.417542 0.000000 0.691167 0.000000 -0.722696 0.260788 0.260788 0.260788
4642.155762 0.000000 866.818604 0.000000 0.888917 0.000000 -0.458068 0.256459 0.256459 0.256459
4635.909180 0.000000 864.761536 0.000000 0.996049 0.000000 -0.088810 0.251102 0.251102 0.251102
4649.674316 0.000000 871.564209 0.000000 0.853391 0.000000 -0.521271 0.257016 0.257016 0.257016
4649.406250 0.000000 869.174194 0.000000 0.902534 0.000000 -0.430619 0.256446 0.256446 0.256446
4619.079102 0.000000 875.621948 0.000000 0.165095 0.000000 -0.986278 0.271308 0.271308 0.271308
4639.778320 0.000000 886.528137 0.000000 0.435188 0.000000 -0.900339 0.266540 0.266540 0.266540
4640.608887 0.000000 883.175232 0.000000 0.796901 0.000000 -0.604110 0.258724 0.258724 0.258724
4639.373535 0.000000 864.632141 0.000000 0.233384 0.000000 -0.972385 0.268501 0.268501 0.268501
4621.374512 0.000000 873.383972 0.000000 0.866732 0.000000 -0.498773 0.258311 0.258311 0.258311
4645.557617 0.000000 864.476501 0.000000 0.996627 0.000000 -0.082069 0.251082 0.251082 0.251082
4643.929199 0.000000 871.204224 0.000000 0.478406 0.000000 -0.878139 0.265321 0.265321 0.265321
4645.773926 0.000000 868.694641 0.000000 0.063814 0.000000 -0.997962 0.273984 0.273984 0.273984
4642.604004 0.000000 870.210388 0.000000 0.881637 0.000000 -0.471928 0.257025 0.257025 0.257025
4638.477539 0.000000 887.805237 0.000000 0.487062 0.000000 -0.873367 0.265677 0.265677 0.265677
4642.769043 0.000000 877.838074 0.000000 0.572317 0.000000 -0.820033 0.265302 0.265302 0.265302
4645.202148 0.000000 880.982910 0.000000 0.530791 0.000000 -0.847503 0.264233 0.264233 0.264233
4642.829590 0.000000 866.137451 0.000000 0.671118 0.000000 -0.741350 0.261336 0.261336 0.261336
4642.414551 0.000000 873.536682 0.000000 0.870497 0.000000 -0.492174 0.258190 0.258190 0.258190
4620.539551 0.000000 868.588196 0.000000 0.692795 0.000000 -0.721135 0.261939 0.261939 0.261939
4637.716797 0.000000 870.032715 0.000000 0.896243 0.000000 -0.443564 0.257171 0.257171 0.257171
4618.630859 0.000000 870.078491 0.000000 0.240761 0.000000 -0.970585 0.271130 0.271130 0.271130
4644.836914 0.000000 877.913208 0.000000 0.719281 0.000000 -0.694719 0.262224 0.262224 0.262224
4621.483887 0.000000 870.621338 0.000000 0.643848 0.000000 -0.765153 0.261882 0.261882 0.261882
4642.106934 0.000000 882.203003 0.000000 0.664977 0.000000 -0.746864 0.263422 0.263422 0.263422
4619.904785 0.000000 873.195496 0.000000 0.620933 0.000000 -0.783863 0.264338 0.264338 0.264338
4644.620117 0.000000 866.616516 0.000000 0.630939 0.000000 -0.775832 0.264133 0.264133 0.264133
4647.345703 0.000000 867.542969 0.000000 0.762848 0.000000 -0.646577 0.261190 0.261190 0.261190
4644.404297 0.000000 869.570007 0.000000 0.348527 0.000000 -0.937299 0.269334 0.269334 0.269334
4637.777344 0.000000 869.035522 0.000000 0.109427 0.000000 -0.993995 0.272343 0.272343 0.272343
4618.180664 0.000000 873.301453 0.000000 0.858484 0.000000 -0.512840 0.258570 0.258570 0.258570
4636.741211 0.000000 866.975403 0.000000 0.975299 0.000000 -0.220887 0.253545 0.253545 0.253545
4642.760254 0.000000 880.441040 0.000000 0.371773 0.000000 -0.928324 0.268937 0.268937 0.268937
4642.902832 0.000000 876.036621 0.000000 0.101613 0.000000 -0.994824 0.273380 0.273380 0.273380
4645.026367 0.000000 879.359436 0.000000 0.202360 0.000000 -0.979311 0.271757 0.271757 0.271757
4643.067871 0.000000 881.836853 0.000000 0.548645 0.000000 -0.836056 0.265757 0.265757 0.265757
4636.105957 0.000000 868.201965 0.000000 0.193672 0.000000 -0.981066 0.271039 0.271039 0.271039
4616.657227 0.000000 874.834961 0.000000 0.702078 0.000000 -0.712100 0.262613 0.262613 0.262613
4646.932129 0.000000 869.016418 0.000000 0.964046 0.000000 -0.265734 0.254281 0.254281 0.254281
4538.382812 0.000000 995.111084 0.000000 0.374652 0.000000 -0.927166 0.262962 0.262962 0.262962
4541.635254 0.000000 988.856384 0.000000 0.685848 0.000000 -0.727745 0.259665 0.259665 0.259665
4540.814941 0.000000 994.951355 0.000000 0.208401 0.000000 -0.978043 0.268856 0.268856 0.268856
4527.753906 0.000000 990.123657 0.000000 0.999978 0.000000 -0.006625 0.250092 0.250092 0.250092
4527.074707 0.000000 994.486328 0.000000 0.808193 0.000000 -0.588918 0.258941 0.258941 0.258941
4526.706055 0.000000 990.353882 0.000000 0.308108 0.000000 -0.951352 0.267386 0.267386 0.267386
4546.422852 0.000000 988.633972 0.000000 0.991741 0.000000 -0.128257 0.251256 0.251256 0.251256
4581.382812 0.000000 987.816406 0.000000 0.956771 0.000000 -0.290844 0.252864 0.252864 0.252864
4594.737793 0.000000 993.732056 0.000000 0.734900 0.000000 -0.678176 0.257536 0.257536 0.257536
4589.740723 0.000000 990.443542 0.000000 0.961445 0.000000 -0.274996 0.253017 0.253017 0.253017
4544.129395 0.000000 992.278992 0.000000 0.976243 0.000000 -0.216678 0.252433 0.252433 0.252433
4595.138184 0.000000 992.246521 0.000000 0.976027 0.000000 -0.217647 0.252218 0.252218 0.252218
4544.003906 0.000000 1002.314270 0.000000 0.644137 0.000000 -0.764910 0.260083 0.260083 0.260083
4586.333984 0.000000 987.328003 0.000000 0.035859 0.000000 -0.999357 0.267963 0.267963 0.267963
4545.285645 0.000000 989.346375 0.000000 0.069803 0.000000 -0.997561 0.266300 0.266300 0.266300
4592.498535 0.000000 993.786987 0.000000 0.998000 0.000000 -0.063216 0.250847 0.250847 0.250847
4585.625977 0.000000 989.822327 0.000000 0.934216 0.000000 -0.356709 0.254098 0.254098 0.254098
4590.152832 0.000000 994.126770 0.000000 0.524005 0.000000 -0.851715 0.262373 0.262373 0.262373
4587.135742 0.000000 991.857422 0.000000 0.999114 0.000000 -0.042086 0.250470 0.250470 0.250470
4576.381836 0.000000 987.413574 0.000000 0.829247 0.000000 -0.558882 0.257014 0.257014 0.257014
4591.941406 0.000000 994.853760 0.000000 0.952234 0.000000 -0.305368 0.253767 0.253767 0.253767
4588.375000 0.000000 988.519043 0.000000 0.570870 0.000000 -0.821041 0.262054 0.262054 0.262054
4546.417969 0.000000 996.142151 0.000000 0.501226 0.000000 -0.865317 0.265600 0.265600 0.265600
4586.814453 0.000000 998.087830 0.000000 0.922478 0.000000 -0.386049 0.255269 0.255269 0.255269
4583.507324 0.000000 989.716980 0.000000 0.695056 0.000000 -0.718955 0.260941 0.260941 0.260941
4547.656738 0.000000 986.502502 0.000000 0.186970 0.000000 -0.982366 0.271791 0.271791 0.271791
4564.239746 0.000000 1017.870728 0.000000 0.819591 0.000000 -0.572949 0.257292 0.257292 0.257292
4565.606445 0.000000 1017.546387 0.000000 0.829702 0.000000 -0.558206 0.257078 0.257078 0.257078
4660.340820 0.000000 904.086060 0.000000 0.718027 0.000000 -0.696015 0.256583 0.256583 0.256583
4654.915039 0.000000 912.835754 0.000000 0.223089 0.000000 -0.974798 0.262810 0.262810 0.262810
4648.668945 0.000000 908.403320 0.000000 0.603356 0.000000 -0.797472 0.259852 0.259852 0.259852
4661.412598 0.000000 906.546021 0.000000 0.433545 0.000000 -0.901132 0.262014 0.262014 0.262014
4661.138184 0.000000 910.063110 0.000000 0.816677 0.000000 -0.577096 0.258178 0.258178 0.258178
4611.441895 0.000000 905.135620 0.000000 0.119641 0.000000 -0.992817 0.267341 0.267341 0.267341
4608.013672 0.000000 904.484863 0.000000 0.954816 0.000000 -0.297197 0.254294 0.254294 0.254294
4668.605469 0.000000 992.161011 0.000000 0.057130 0.000000 -0.998367 0.264454 0.264454 0.264454
4669.135254 0.000000 1002.960999 0.000000 0.590954 0.000000 -0.806705 0.260193 0.260193 0.260193
4667.111816 0.000000 1001.357422 0.000000 0.847467 0.000000 -0.530847 0.256584 0.256584 0.256584
4664.508789 0.000000 1001.677063 0.000000 0.996849 0.000000 -0.079321 0.250971 0.250971 0.250971
4660.749023 0.000000 998.543396 0.000000 0.987128 0.000000 -0.159931 0.252296 0.252296 0.252296
4661.956543 0.000000 998.769287 0.000000 0.999226 0.000000 -0.039333 0.250562 0.250562 0.250562
4670.278320 0.000000 993.721985 0.000000 0.077274 0.000000 -0.997010 0.271765 0.271765 0.271765
4670.689941 0.000000 992.335693 0.000000 0.806779 0.000000 -0.590853 0.259212 0.259212 0.259212
4671.947266 0.000000 993.105042 0.000000 0.999085 0.000000 -0.042779 0.250624 0.250624 0.250624
4673.116211 0.000000 996.733582 0.000000 0.283025 0.000000 -0.959113 0.261819 0.261819 0.261819
4678.216797 0.000000 1007.466309 0.000000 0.344719 0.000000 -0.938706 0.261982 0.261982 0.261982
4676.645020 0.000000 1004.848267 0.000000 0.624577 0.000000 -0.780963 0.260068 0.260068 0.260068
4675.614258 0.000000 1002.813293 0.000000 0.300093 0.000000 -0.953910 0.263670 0.263670 0.263670
4684.522461 0.000000 1000.966309 0.000000 0.491832 0.000000 -0.870690 0.263486 0.263486 0.263486
4676.587402 0.000000 1002.036133 0.000000 0.996286 0.000000 -0.086104 0.251141 0.251141 0.251141
4686.657227 0.000000 1001.087402 0.000000 0.687846 0.000000 -0.725857 0.262269 0.262269 0.262269
4679.129883 0.000000 1004.199890 0.000000 0.645231 0.000000 -0.763988 0.261695 0.261695 0.261695
4684.656738 0.000000 998.494995 0.000000 0.834906 0.000000 -0.550392 0.258603 0.258603 0.258603
4683.871094 0.000000 999.234253 0.000000 0.731821 0.000000 -0.681497 0.260764 0.260764 0.260764
4686.748535 0.000000 991.361755 0.000000 0.235269 0.000000 -0.971930 0.270305 0.270305 0.270305
4685.538574 0.000000 998.898743 0.000000 0.314349 0.000000 -0.949307 0.268466 0.268466 0.268466
4682.003906 0.000000 999.881470 0.000000 0.690627 0.000000 -0.723211 0.261605 0.261605 0.261605
4788.391602 0.000000 996.689392 0.000000 0.654354 0.000000 -0.756188 0.259232 0.259232 0.259232
4776.255371 0.000000 1005.121094 0.000000 0.561142 0.000000 -0.827720 0.260315 0.260315 0.260315
4759.770020 0.000000 1005.791992 0.000000 0.442501 0.000000 -0.896768 0.261977 0.261977 0.261977
4763.966309 0.000000 1009.503601 0.000000 0.970173 0.000000 -0.242415 0.252720 0.252720 0.252720
4789.066895 0.000000 1013.437256 0.000000 0.484371 0.000000 -0.874863 0.262299 0.262299 0.262299
4761.036621 0.000000 1004.469727 0.000000 0.384546 0.000000 -0.923106 0.264791 0.264791 0.264791
4773.766602 0.000000 998.041321 0.000000 0.415190 0.000000 -0.909735 0.265939 0.265939 0.265939
4776.979492 0.000000 1002.512695 0.000000 0.906914 0.000000 -0.421315 0.255537 0.255537 0.255537
4789.240234 0.000000 1002.477234 0.000000 0.925770 0.000000 -0.378087 0.255142 0.255142 0.255142
4774.864258 0.000000 997.612000 0.000000 0.948442 0.000000 -0.316950 0.254861 0.254861 0.254861
4793.721191 0.000000 1014.354553 0.000000 0.991285 0.000000 -0.131738 0.251690 0.251690 0.251690
4756.242188 0.000000 1007.927429 0.000000 0.798146 0.000000 -0.602464 0.257748 0.257748 0.257748
4790.354980 0.000000 1012.086426 0.000000 0.659406 0.000000 -0.751787 0.262877 0.262877 0.262877
4778.433594 0.000000 1001.676819 0.000000 0.104469 0.000000 -0.994528 0.268484 0.268484 0.268484
4793.582520 0.000000 1016.371216 0.000000 0.775162 0.000000 -0.631763 0.258408 0.258408 0.258408
4754.010254 0.000000 1008.066711 0.000000 0.118886 0.000000 -0.992908 0.270974 0.270974 0.270974
4791.548340 0.000000 999.560852 0.000000 0.128373 0.000000 -0.991726 0.268811 0.268811 0.268811
4761.893555 0.000000 1005.029114 0.000000 0.939441 0.000000 -0.342712 0.254399 0.254399 0.254399
4790.758301 0.000000 1001.088013 0.000000 0.587505 0.000000 -0.809220 0.265005 0.265005 0.265005
4789.460449 0.000000 1000.552856 0.000000 0.500729 0.000000 -0.865604 0.264988 0.264988 0.264988
4772.247070 0.000000 999.389282 0.000000 0.949434 0.000000 -0.313968 0.254455 0.254455 0.254455
4788.885254 0.000000 1003.397766 0.000000 0.811402 0.000000 -0.584488 0.258279 0.258279 0.258279
4760.784180 0.000000 1011.448242 0.000000 0.491452 0.000000 -0.870905 0.264019 0.264019 0.264019
4760.591797 0.000000 1009.630005 0.000000 0.785149 0.000000 -0.619308 0.260629 0.260629 0.260629
4787.015137 0.000000 998.637024 0.000000 0.817504 0.000000 -0.575923 0.258600 0.258600 0.258600
4774.516113 0.000000 999.585571 0.000000 0.987017 0.000000 -0.160614 0.252567 0.252567 0.252567
4788.903320 0.000000 1015.426147 0.000000 0.682833 0.000000 -0.730574 0.263037 0.263037 0.263037
4775.698242 0.000000 997.875000 0.000000 0.964471 0.000000 -0.264189 0.254030 0.254030 0.254030
4775.812012 0.000000 996.187744 0.000000 0.355369 0.000000 -0.934726 0.268200 0.268200 0.268200
4790.659668 0.000000 1014.407898 0.000000 0.625221 0.000000 -0.780448 0.264250 0.264250 0.264250
4756.096680 0.000000 1008.714783 0.000000 0.921025 0.000000 -0.389502 0.256368 0.256368 0.256368
4815.150391 0.000000 1013.845398 0.000000 0.905129 0.000000 -0.425136 0.254207 0.254207 0.254207
4819.981934 0.000000 1014.416565 0.000000 0.497493 0.000000 -0.867468 0.260912 0.260912 0.260912
4840.984863 0.000000 1014.457764 0.000000 0.875938 0.000000 -0.482424 0.256268 0.256268 0.256268
4837.203613 0.000000 1014.472778 0.000000 0.993582 0.000000 -0.113118 0.251461 0.251461 0.251461
4840.336914 0.000000 1015.940430 0.000000 0.724067 0.000000 -0.689729 0.259477 0.259477 0.259477
4853.240234 0.000000 1002.477234 0.000000 0.807438 0.000000 -0.589952 0.258526 0.258526 0.258526
4815.009277 0.000000 1008.722534 0.000000 0.997490 0.000000 -0.070802 0.250882 0.250882 0.250882
4851.962891 0.000000 1003.718384 0.000000 0.038798 0.000000 -0.999247 0.268502 0.268502 0.268502
4812.608887 0.000000 1008.246155 0.000000 0.867381 0.000000 -0.497644 0.258209 0.258209 0.258209
4821.477051 0.000000 1013.671814 0.000000 0.899050 0.000000 -0.437846 0.256421 0.256421 0.256421
4847.026367 0.000000 1006.834473 0.000000 0.952270 0.000000 -0.305258 0.254046 0.254046 0.254046
4817.692871 0.000000 1010.131958 0.000000 0.079418 0.000000 -0.996841 0.273735 0.273735 0.273735
4852.885254 0.000000 1003.397766 0.000000 0.987613 0.000000 -0.156912 0.252129 0.252129 0.252129
4817.961426 0.000000 1012.473633 0.000000 0.631406 0.000000 -0.775453 0.264124 0.264124 0.264124
4820.631836 0.000000 1012.033447 0.000000 0.913232 0.000000 -0.407441 0.255946 0.255946 0.255946
4815.484375 0.000000 1010.062927 0.000000 0.053101 0.000000 -0.998589 0.274154 0.274154 0.274154
4851.694824 0.000000 1001.641785 0.000000 0.685841 0.000000 -0.727752 0.261573 0.261573 0.261573
4847.983887 0.000000 1005.069092 0.000000 0.999802 0.000000 -0.019876 0.250282 0.250282 0.250282
4819.876465 0.000000 1013.536377 0.000000 0.715820 0.000000 -0.698284 0.262303 0.262303 0.262303
4813.827148 0.000000 1010.859070 0.000000 0.935503 0.000000 -0.353318 0.255747 0.255747 0.255747
4813.952148 0.000000 1009.569885 0.000000 0.243908 0.000000 -0.969798 0.270872 0.270872 0.270872
4819.175293 0.000000 1012.120300 0.000000 0.534151 0.000000 -0.845389 0.266032 0.266032 0.266032
4813.229492 0.000000 1009.161743 0.000000 0.975161 0.000000 -0.221499 0.253520 0.253520 0.253520
4813.405273 0.000000 1008.032959 0.000000 0.796349 0.000000 -0.604838 0.260237 0.260237 0.260237
4656.601562 0.000000 1021.561035 0.000000 0.150193 0.000000 -0.988657 0.262940 0.262940 0.262940
4668.870605 0.000000 1024.111206 0.000000 0.162469 0.000000 -0.986714 0.263134 0.263134 0.263134
4670.061523 0.000000 1024.906860 0.000000 0.282186 0.000000 -0.959360 0.264954 0.264954 0.264954
4665.597656 0.000000 1017.435486 0.000000 0.954682 0.000000 -0.297628 0.253508 0.253508 0.253508
4656.730957 0.000000 1022.871826 0.000000 0.999927 0.000000 -0.012105 0.250137 0.250137 0.250137
4661.175781 0.000000 1024.343506 0.000000 0.910679 0.000000 -0.413115 0.256446 0.256446 0.256446
4668.750488 0.000000 1023.020996 0.000000 0.260327 0.000000 -0.965520 0.269952 0.269952 0.269952
4651.332031 0.000000 1022.582153 0.000000 0.469878 0.000000 -0.882731 0.264042 0.264042 0.264042
4675.807617 0.000000 1024.520630 0.000000 0.054439 0.000000 -0.998517 0.264858 0.264858 0.264858
4674.113770 0.000000 1026.675903 0.000000 0.931013 0.000000 -0.364985 0.254932 0.254932 0.254932
4792.234863 0.000000 1018.461670 0.000000 0.967105 0.000000 -0.254379 0.252922 0.252922 0.252922
4793.597656 0.000000 1017.435486 0.000000 0.982012 0.000000 -0.188816 0.252336 0.252336 0.252336
4790.398438 0.000000 1017.909058 0.000000 0.272019 0.000000 -0.962292 0.270615 0.270615 0.270615
4820.123047 0.000000 1027.260864 0.000000 0.968883 0.000000 -0.247520 0.253302 0.253302 0.253302
4843.149414 0.000000 1016.939270 0.000000 0.997695 0.000000 -0.067864 0.250888 0.250888 0.250888
4823.499023 0.000000 1026.727051 0.000000 0.602583 0.000000 -0.798056 0.262544 0.262544 0.262544
4825.502930 0.000000 1027.292236 0.000000 0.998161 0.000000 -0.060621 0.250965 0.250965 0.250965
4687.784668 0.000000 1171.510132 0.000000 0.952949 0.000000 -0.303132 0.252768 0.252768 0.252768
4687.300293 0.000000 1172.775635 0.000000 0.909779 0.000000 -0.415093 0.254729 0.254729 0.254729
4689.638672 0.000000 1170.985962 0.000000 0.767554 0.000000 -0.640984 0.257708 0.257708 0.257708
4877.243652 0.000000 1927.709839 0.000000 0.870661 0.000000 -0.491884 0.254477 0.254477 0.254477
4877.156250 0.000000 1929.405151 0.000000 0.999581 0.000000 -0.028961 0.250318 0.250318 0.250318
4880.744141 0.000000 1930.063477 0.000000 0.406853 0.000000 -0.913494 0.262113 0.262113 0.262113
4896.928711 0.000000 1936.459961 0.000000 0.015885 0.000000 -0.999874 0.266401 0.266401 0.266401
4923.732422 0.000000 1943.170898 0.000000 0.999015 0.000000 -0.044384 0.250579 0.250579 0.250579
4926.953125 0.000000 1945.626343 0.000000 0.176954 0.000000 -0.984219 0.269430 0.269430 0.269430
4903.576660 0.000000 1938.855225 0.000000 0.822626 0.000000 -0.568583 0.257776 0.257776 0.257776
4924.821777 0.000000 1942.508301 0.000000 0.698358 0.000000 -0.715748 0.259808 0.259808 0.259808
4926.343750 0.000000 1942.073120 0.000000 0.785918 0.000000 -0.618330 0.259299 0.259299 0.259299
4927.271973 0.000000 1943.389526 0.000000 0.959706 0.000000 -0.281006 0.253973 0.253973 0.253973
4922.651855 0.000000 1942.051392 0.000000 0.685200 0.000000 -0.728355 0.260643 0.260643 0.260643
4918.652344 0.000000 1943.951538 0.000000 0.879615 0.000000 -0.475687 0.257271 0.257271 0.257271
4930.422852 0.000000 1948.868408 0.000000 0.942819 0.000000 -0.333306 0.253160 0.253160 0.253160
4928.520996 0.000000 1940.238770 0.000000 0.292524 0.000000 -0.956258 0.262443 0.262443 0.262443
4931.273438 0.000000 1945.302002 0.000000 0.187014 0.000000 -0.982357 0.265879 0.265879 0.265879
4929.273926 0.000000 1947.988525 0.000000 0.367350 0.000000 -0.930083 0.262936 0.262936 0.262936
4929.633789 0.000000 1946.199341 0.000000 0.147643 0.000000 -0.989041 0.265405 0.265405 0.265405
4930.951172 0.000000 1942.569580 0.000000 0.106176 0.000000 -0.994347 0.266406 0.266406 0.266406
4937.029297 0.000000 1941.071045 0.000000 0.908059 0.000000 -0.418842 0.255543 0.255543 0.255543
4941.813477 0.000000 1945.509766 0.000000 0.994712 0.000000 -0.102704 0.251249 0.251249 0.251249
4934.992676 0.000000 1940.535767 0.000000 0.188746 0.000000 -0.982026 0.266893 0.266893 0.266893
4930.538086 0.000000 1944.286743 0.000000 0.802786 0.000000 -0.596267 0.257337 0.257337 0.257337
4935.842285 0.000000 1941.333496 0.000000 0.933660 0.000000 -0.358160 0.254481 0.254481 0.254481
4934.690918 0.000000 1943.860352 0.000000 0.996902 0.000000 -0.078655 0.251172 0.251172 0.251172
4929.188965 0.000000 1942.571533 0.000000 0.447201 0.000000 -0.894434 0.264477 0.264477 0.264477
4937.310547 0.000000 1942.000488 0.000000 0.974960 0.000000 -0.222382 0.253415 0.253415 0.253415
4937.565430 0.000000 1943.760132 0.000000 0.674354 0.000000 -0.738408 0.262651 0.262651 0.262651
4660.032715 0.000000 2258.654053 0.000000 0.999507 0.000000 -0.031389 0.250338 0.250338 0.250338
4658.757324 0.000000 2260.723145 0.000000 0.475435 0.000000 -0.879751 0.261443 0.261443 0.261443
4661.412598 0.000000 2262.170898 0.000000 0.018455 0.000000 -0.999830 0.266519 0.266519 0.266519
"}
