object={
	name="bush_dry_02_generator_1_0"
	clamp_to_water_level=no
	render_under_water=no
	generated_content=yes
	layer="semidynamic_medium"
	pdxmesh="tree_bush_05_mesh"
	count=362
	transform="4574.841309 0.000000 709.444641 0.000000 0.410063 0.000000 0.912057 0.239357 0.239357 0.239357
4573.201660 0.000000 710.479126 0.000000 0.262007 0.000000 0.965066 0.234435 0.234435 0.234435
4585.605957 0.000000 771.778381 0.000000 0.450036 0.000000 0.893010 0.232429 0.232429 0.232429
4583.131348 0.000000 769.276001 0.000000 0.845255 0.000000 0.534363 0.241028 0.241028 0.241028
4586.452148 0.000000 769.231018 0.000000 0.965224 0.000000 0.261423 0.247516 0.247516 0.247516
4587.248535 0.000000 767.122925 0.000000 0.813640 0.000000 0.581369 0.243379 0.243379 0.243379
4591.125977 0.000000 773.213989 0.000000 0.749090 0.000000 0.662468 0.241684 0.241684 0.241684
4584.804199 0.000000 768.421204 0.000000 0.049036 0.000000 0.998797 0.229580 0.229580 0.229580
4585.198730 0.000000 770.304932 0.000000 0.032150 0.000000 0.999483 0.225512 0.225512 0.225512
4592.498535 0.000000 767.849487 0.000000 0.996686 0.000000 0.081349 0.248732 0.248732 0.248732
4583.327637 0.000000 768.141785 0.000000 0.344442 0.000000 0.938808 0.230597 0.230597 0.230597
4580.907227 0.000000 771.380981 0.000000 0.526938 0.000000 0.849904 0.234626 0.234626 0.234626
4468.600586 0.000000 870.479431 0.000000 0.911137 0.000000 0.412104 0.246593 0.246593 0.246593
4457.423340 0.000000 879.687866 0.000000 0.835597 0.000000 0.549342 0.244918 0.244918 0.244918
4467.915527 0.000000 859.306946 0.000000 0.998378 0.000000 0.056942 0.249532 0.249532 0.249532
4461.791016 0.000000 860.603760 0.000000 0.995677 0.000000 0.092887 0.249225 0.249225 0.249225
4465.916504 0.000000 865.055603 0.000000 0.814803 0.000000 0.579739 0.244847 0.244847 0.244847
4442.548828 0.000000 888.578674 0.000000 0.800932 0.000000 0.598755 0.244631 0.244631 0.244631
4469.757812 0.000000 866.630371 0.000000 0.891356 0.000000 0.453304 0.245918 0.245918 0.245918
4445.565918 0.000000 890.564392 0.000000 0.722476 0.000000 0.691396 0.243305 0.243305 0.243305
4480.354004 0.000000 838.749146 0.000000 0.726478 0.000000 0.687190 0.243475 0.243475 0.243475
4483.834473 0.000000 847.268127 0.000000 0.999628 0.000000 0.027261 0.249762 0.249762 0.249762
4525.255371 0.000000 902.141113 0.000000 0.645253 0.000000 0.763969 0.241616 0.241616 0.241616
4539.742676 0.000000 884.942627 0.000000 0.147067 0.000000 0.989127 0.237520 0.237520 0.237520
4522.622559 0.000000 901.290710 0.000000 0.284666 0.000000 0.958627 0.237316 0.237316 0.237316
4537.397461 0.000000 885.415955 0.000000 0.990000 0.000000 0.141067 0.248626 0.248626 0.248626
4524.263184 0.000000 897.440735 0.000000 0.994068 0.000000 0.108761 0.248956 0.248956 0.248956
4596.600586 0.000000 870.479431 0.000000 0.999903 0.000000 0.013936 0.249781 0.249781 0.249781
4562.736816 0.000000 897.386658 0.000000 0.772652 0.000000 0.634829 0.243518 0.243518 0.243518
4583.866699 0.000000 888.969177 0.000000 0.113145 0.000000 0.993578 0.236810 0.236810 0.236810
4580.049805 0.000000 883.555176 0.000000 0.671380 0.000000 0.741113 0.242628 0.242628 0.242628
4561.626465 0.000000 852.475098 0.000000 0.409575 0.000000 0.912276 0.237990 0.237990 0.237990
4567.427734 0.000000 896.260986 0.000000 0.734639 0.000000 0.678459 0.239761 0.239761 0.239761
4574.227539 0.000000 851.822998 0.000000 0.545583 0.000000 0.838057 0.240263 0.240263 0.240263
4599.010742 0.000000 902.218567 0.000000 0.988365 0.000000 0.152102 0.248151 0.248151 0.248151
4577.456543 0.000000 861.190491 0.000000 0.982125 0.000000 0.188231 0.247353 0.247353 0.247353
4592.763672 0.000000 887.072083 0.000000 0.800651 0.000000 0.599132 0.242622 0.242622 0.242622
4595.006836 0.000000 855.710693 0.000000 0.851685 0.000000 0.524053 0.242787 0.242787 0.242787
4586.699707 0.000000 887.644409 0.000000 0.932237 0.000000 0.361849 0.245748 0.245748 0.245748
4582.737793 0.000000 885.743530 0.000000 0.775522 0.000000 0.631320 0.239445 0.239445 0.239445
4577.860352 0.000000 856.006775 0.000000 0.325842 0.000000 0.945424 0.234690 0.234690 0.234690
4563.100098 0.000000 900.012573 0.000000 0.957220 0.000000 0.289362 0.246482 0.246482 0.246482
4599.542480 0.000000 870.395386 0.000000 0.255526 0.000000 0.966802 0.231037 0.231037 0.231037
4563.922852 0.000000 851.065063 0.000000 0.547668 0.000000 0.836696 0.240782 0.240782 0.240782
4558.452148 0.000000 902.860352 0.000000 0.406664 0.000000 0.913578 0.236303 0.236303 0.236303
4595.473145 0.000000 887.643494 0.000000 0.950050 0.000000 0.312096 0.246424 0.246424 0.246424
4593.258789 0.000000 884.722595 0.000000 0.709074 0.000000 0.705134 0.241916 0.241916 0.241916
4563.281738 0.000000 902.920044 0.000000 0.774550 0.000000 0.632513 0.241965 0.241965 0.241965
4578.304199 0.000000 863.365479 0.000000 0.945426 0.000000 0.325836 0.244728 0.244728 0.244728
4586.151367 0.000000 889.777222 0.000000 0.812277 0.000000 0.583272 0.240380 0.240380 0.240380
4575.953125 0.000000 852.940796 0.000000 0.091798 0.000000 0.995778 0.228309 0.228309 0.228309
4593.047363 0.000000 856.090088 0.000000 0.724992 0.000000 0.688758 0.237908 0.237908 0.237908
4583.873535 0.000000 884.053101 0.000000 0.856204 0.000000 0.516637 0.241613 0.241613 0.241613
4579.248535 0.000000 861.627014 0.000000 0.594166 0.000000 0.804343 0.238042 0.238042 0.238042
4580.653320 0.000000 885.530518 0.000000 0.595601 0.000000 0.803281 0.236522 0.236522 0.236522
4598.093750 0.000000 871.533020 0.000000 0.989685 0.000000 0.143262 0.247923 0.247923 0.247923
4574.270508 0.000000 856.542419 0.000000 0.967820 0.000000 0.251645 0.245951 0.245951 0.245951
4584.504883 0.000000 890.659241 0.000000 0.013307 0.000000 0.999911 0.231968 0.231968 0.231968
4581.573730 0.000000 858.769897 0.000000 0.319108 0.000000 0.947718 0.234563 0.234563 0.234563
4594.333496 0.000000 886.202209 0.000000 0.997671 0.000000 0.068208 0.249231 0.249231 0.249231
4561.633301 0.000000 896.094482 0.000000 0.921673 0.000000 0.387967 0.245064 0.245064 0.245064
4578.940430 0.000000 857.351990 0.000000 0.990644 0.000000 0.136472 0.248116 0.248116 0.248116
4585.198730 0.000000 883.273682 0.000000 0.807110 0.000000 0.590401 0.240855 0.240855 0.240855
4574.455078 0.000000 853.344177 0.000000 0.985812 0.000000 0.167852 0.247526 0.247526 0.247526
4581.666016 0.000000 895.101440 0.000000 0.873788 0.000000 0.486307 0.243771 0.243771 0.243771
4579.868164 0.000000 863.106506 0.000000 0.977484 0.000000 0.211008 0.246623 0.246623 0.246623
4588.925781 0.000000 863.833008 0.000000 0.590135 0.000000 0.807305 0.236483 0.236483 0.236483
4584.255371 0.000000 892.152344 0.000000 0.561230 0.000000 0.827660 0.235792 0.235792 0.235792
4601.877930 0.000000 877.846924 0.000000 0.873041 0.000000 0.487646 0.242099 0.242099 0.242099
4606.566406 0.000000 902.894287 0.000000 0.737516 0.000000 0.675330 0.239033 0.239033 0.239033
4562.493652 0.000000 853.564941 0.000000 0.543750 0.000000 0.839248 0.234305 0.234305 0.234305
4577.198730 0.000000 882.116699 0.000000 0.568059 0.000000 0.822988 0.236817 0.236817 0.236817
4587.522461 0.000000 889.369446 0.000000 0.863213 0.000000 0.504840 0.241825 0.241825 0.241825
4589.534668 0.000000 882.287109 0.000000 0.853827 0.000000 0.520557 0.241491 0.241491 0.241491
4600.776367 0.000000 874.108826 0.000000 0.963532 0.000000 0.267593 0.245697 0.245697 0.245697
4582.615234 0.000000 892.642700 0.000000 0.999878 0.000000 0.015605 0.249759 0.249759 0.249759
4590.689453 0.000000 859.565186 0.000000 0.919863 0.000000 0.392241 0.244113 0.244113 0.244113
4575.837402 0.000000 854.074036 0.000000 0.388632 0.000000 0.921393 0.231609 0.231609 0.231609
4583.603027 0.000000 893.267456 0.000000 0.998262 0.000000 0.058929 0.249091 0.249091 0.249091
4588.707520 0.000000 861.323181 0.000000 0.325630 0.000000 0.945497 0.230279 0.230279 0.230279
4593.943848 0.000000 855.461548 0.000000 0.997957 0.000000 0.063884 0.248983 0.248983 0.248983
4601.582520 0.000000 903.402466 0.000000 0.939250 0.000000 0.343235 0.244468 0.244468 0.244468
4576.083008 0.000000 855.330688 0.000000 0.354807 0.000000 0.934940 0.230773 0.230773 0.230773
4592.215332 0.000000 856.812744 0.000000 0.964421 0.000000 0.264371 0.245742 0.245742 0.245742
4621.646484 0.000000 775.043091 0.000000 0.328378 0.000000 0.944546 0.235687 0.235687 0.235687
4619.567871 0.000000 774.450195 0.000000 0.682038 0.000000 0.731317 0.238993 0.238993 0.238993
4623.409668 0.000000 774.457092 0.000000 0.947610 0.000000 0.319431 0.245515 0.245515 0.245515
4682.587402 0.000000 804.061584 0.000000 0.907572 0.000000 0.419896 0.243293 0.243293 0.243293
4681.291016 0.000000 807.574524 0.000000 0.069236 0.000000 0.997600 0.226759 0.226759 0.226759
4644.049805 0.000000 883.555176 0.000000 0.788782 0.000000 0.614673 0.243844 0.243844 0.243844
4645.993652 0.000000 876.828979 0.000000 0.158750 0.000000 0.987319 0.227537 0.227537 0.227537
4617.424316 0.000000 875.139404 0.000000 0.994460 0.000000 0.105118 0.248324 0.248324 0.248324
4620.652344 0.000000 872.692444 0.000000 0.582240 0.000000 0.813017 0.234891 0.234891 0.234891
4642.040527 0.000000 865.570557 0.000000 0.066674 0.000000 0.997775 0.228972 0.228972 0.228972
4624.310547 0.000000 872.060242 0.000000 0.997458 0.000000 0.071251 0.249295 0.249295 0.249295
4637.234863 0.000000 870.974426 0.000000 0.609284 0.000000 0.792952 0.235713 0.235713 0.235713
4637.536621 0.000000 887.278748 0.000000 0.220756 0.000000 0.975329 0.236957 0.236957 0.236957
4648.221680 0.000000 867.708862 0.000000 0.560751 0.000000 0.827984 0.240685 0.240685 0.240685
4634.616211 0.000000 871.348022 0.000000 0.713069 0.000000 0.701094 0.241466 0.241466 0.241466
4647.437012 0.000000 874.647522 0.000000 0.805564 0.000000 0.592508 0.242737 0.242737 0.242737
4643.024414 0.000000 867.837769 0.000000 0.708705 0.000000 0.705505 0.239369 0.239369 0.239369
4642.794434 0.000000 885.525085 0.000000 0.990164 0.000000 0.139910 0.248410 0.248410 0.248410
4641.651855 0.000000 883.463074 0.000000 0.506245 0.000000 0.862390 0.236012 0.236012 0.236012
4619.910645 0.000000 874.948608 0.000000 0.580268 0.000000 0.814426 0.235565 0.235565 0.235565
4641.958496 0.000000 887.494568 0.000000 0.518369 0.000000 0.855157 0.238859 0.238859 0.238859
4645.382812 0.000000 874.847656 0.000000 0.999995 0.000000 0.003096 0.249951 0.249951 0.249951
4643.914551 0.000000 876.024719 0.000000 0.151012 0.000000 0.988532 0.227413 0.227413 0.227413
4640.410645 0.000000 864.635132 0.000000 0.482720 0.000000 0.875775 0.235748 0.235748 0.235748
4644.762207 0.000000 868.770752 0.000000 0.616475 0.000000 0.787374 0.235572 0.235572 0.235572
4649.984863 0.000000 868.202271 0.000000 0.638363 0.000000 0.769736 0.237280 0.237280 0.237280
4648.327148 0.000000 869.537476 0.000000 0.791974 0.000000 0.610555 0.240490 0.240490 0.240490
4619.004883 0.000000 873.085571 0.000000 0.576195 0.000000 0.817312 0.234773 0.234773 0.234773
4634.808105 0.000000 864.271484 0.000000 0.591365 0.000000 0.806404 0.238378 0.238378 0.238378
4640.099609 0.000000 884.085205 0.000000 0.958385 0.000000 0.285480 0.246052 0.246052 0.246052
4614.455566 0.000000 875.170837 0.000000 0.974264 0.000000 0.225410 0.247034 0.247034 0.247034
4646.613281 0.000000 868.136414 0.000000 0.377196 0.000000 0.926133 0.231156 0.231156 0.231156
4638.551758 0.000000 882.020447 0.000000 0.784830 0.000000 0.619711 0.240864 0.240864 0.240864
4641.198730 0.000000 882.116699 0.000000 0.801809 0.000000 0.597580 0.241385 0.241385 0.241385
4641.452148 0.000000 884.809387 0.000000 0.786514 0.000000 0.617572 0.240922 0.240922 0.240922
4619.571777 0.000000 871.804626 0.000000 0.958179 0.000000 0.286169 0.245381 0.245381 0.245381
4643.771973 0.000000 881.422485 0.000000 0.463833 0.000000 0.885922 0.232676 0.232676 0.232676
4642.885254 0.000000 876.850342 0.000000 0.141436 0.000000 0.989947 0.227259 0.227259 0.227259
4636.418945 0.000000 866.152100 0.000000 0.950062 0.000000 0.312062 0.244949 0.244949 0.244949
4638.751465 0.000000 886.857239 0.000000 0.940538 0.000000 0.339688 0.244884 0.244884 0.244884
4637.867188 0.000000 868.123291 0.000000 0.857800 0.000000 0.513984 0.241745 0.241745 0.241745
4621.813477 0.000000 872.306580 0.000000 0.704978 0.000000 0.709229 0.237452 0.237452 0.237452
4621.407227 0.000000 868.146912 0.000000 0.082240 0.000000 0.996613 0.227936 0.227936 0.227936
4621.162109 0.000000 869.760010 0.000000 0.722869 0.000000 0.690985 0.238692 0.238692 0.238692
4619.529297 0.000000 870.418396 0.000000 0.768042 0.000000 0.640399 0.238938 0.238938 0.238938
4644.053711 0.000000 873.307861 0.000000 0.970098 0.000000 0.242715 0.246098 0.246098 0.246098
4647.639160 0.000000 868.675354 0.000000 0.082052 0.000000 0.996628 0.226307 0.226307 0.226307
4643.633789 0.000000 880.339417 0.000000 0.983379 0.000000 0.181564 0.247094 0.247094 0.247094
4639.581055 0.000000 869.983948 0.000000 0.019723 0.000000 0.999806 0.225314 0.225314 0.225314
4523.597168 0.000000 905.774475 0.000000 0.996053 0.000000 0.088763 0.249099 0.249099 0.249099
4601.683105 0.000000 905.905762 0.000000 0.341091 0.000000 0.940030 0.236225 0.236225 0.236225
4527.365234 0.000000 991.038025 0.000000 0.122612 0.000000 0.992455 0.229984 0.229984 0.229984
4543.097656 0.000000 999.623596 0.000000 0.937227 0.000000 0.348721 0.246988 0.246988 0.246988
4524.877441 0.000000 994.021362 0.000000 0.982504 0.000000 0.186242 0.247726 0.247726 0.247726
4525.452148 0.000000 988.804199 0.000000 0.898166 0.000000 0.439655 0.244005 0.244005 0.244005
4519.437012 0.000000 987.616272 0.000000 0.923624 0.000000 0.383300 0.246096 0.246096 0.246096
4540.546387 0.000000 988.174072 0.000000 0.047720 0.000000 0.998861 0.231939 0.231939 0.231939
4527.221680 0.000000 993.533020 0.000000 0.871043 0.000000 0.491208 0.243943 0.243943 0.243943
4526.922852 0.000000 995.555664 0.000000 0.233281 0.000000 0.972409 0.231039 0.231039 0.231039
4540.194824 0.000000 995.823486 0.000000 0.352535 0.000000 0.935799 0.233227 0.233227 0.233227
4523.705078 0.000000 987.622131 0.000000 0.614581 0.000000 0.788854 0.239448 0.239448 0.239448
4541.048828 0.000000 999.499695 0.000000 0.928848 0.000000 0.370461 0.245819 0.245819 0.245819
4539.123047 0.000000 999.660583 0.000000 0.942449 0.000000 0.334349 0.245723 0.245723 0.245723
4525.740723 0.000000 990.443542 0.000000 0.363900 0.000000 0.931438 0.233246 0.233246 0.233246
4540.396973 0.000000 986.522339 0.000000 0.773994 0.000000 0.633193 0.240585 0.240585 0.240585
4542.039551 0.000000 1000.694641 0.000000 0.438550 0.000000 0.898707 0.235711 0.235711 0.235711
4541.805664 0.000000 995.880798 0.000000 0.698369 0.000000 0.715738 0.238947 0.238947 0.238947
4541.768066 0.000000 987.432556 0.000000 0.853247 0.000000 0.521507 0.242467 0.242467 0.242467
4526.152832 0.000000 994.126770 0.000000 0.563713 0.000000 0.825971 0.236200 0.236200 0.236200
4544.315430 0.000000 986.659973 0.000000 0.705200 0.000000 0.709009 0.237457 0.237457 0.237457
4585.605957 0.000000 997.715881 0.000000 0.862017 0.000000 0.506879 0.243116 0.243116 0.243116
4544.390625 0.000000 1003.784485 0.000000 0.244478 0.000000 0.969655 0.234673 0.234673 0.234673
4594.278320 0.000000 990.943298 0.000000 0.999963 0.000000 0.008568 0.249892 0.249892 0.249892
4544.956543 0.000000 1001.354248 0.000000 0.559567 0.000000 0.828785 0.240031 0.240031 0.240031
4584.581055 0.000000 990.498779 0.000000 0.348295 0.000000 0.937385 0.238094 0.238094 0.238094
4593.077637 0.000000 992.622314 0.000000 0.999307 0.000000 0.037214 0.249502 0.249502 0.249502
4590.922852 0.000000 995.555664 0.000000 0.189048 0.000000 0.981968 0.233240 0.233240 0.233240
4587.705078 0.000000 987.622131 0.000000 0.121493 0.000000 0.992592 0.233043 0.233043 0.233043
4577.556152 0.000000 986.908691 0.000000 0.819002 0.000000 0.573790 0.242772 0.242772 0.242772
4587.434082 0.000000 989.324402 0.000000 0.983739 0.000000 0.179602 0.247396 0.247396 0.247396
4586.445312 0.000000 999.090271 0.000000 0.505796 0.000000 0.862653 0.236168 0.236168 0.236168
4544.011719 0.000000 985.087463 0.000000 0.774058 0.000000 0.633115 0.241143 0.241143 0.241143
4587.855957 0.000000 999.808594 0.000000 0.468651 0.000000 0.883383 0.235602 0.235602 0.235602
4545.603027 0.000000 994.187744 0.000000 0.952787 0.000000 0.303641 0.246043 0.246043 0.246043
4547.393555 0.000000 987.733032 0.000000 0.660746 0.000000 0.750609 0.236620 0.236620 0.236620
4546.320312 0.000000 997.281616 0.000000 0.984968 0.000000 0.172736 0.247410 0.247410 0.247410
4611.834473 0.000000 903.752502 0.000000 0.715471 0.000000 0.698643 0.243724 0.243724 0.243724
4662.803711 0.000000 905.816162 0.000000 0.899332 0.000000 0.437267 0.246314 0.246314 0.246314
4662.117188 0.000000 910.771423 0.000000 0.934395 0.000000 0.356239 0.245749 0.245749 0.245749
4608.173340 0.000000 905.574646 0.000000 0.366966 0.000000 0.930234 0.232994 0.232994 0.232994
4660.969238 0.000000 908.107849 0.000000 0.757919 0.000000 0.652348 0.240486 0.240486 0.240486
4648.628906 0.000000 909.890259 0.000000 0.237018 0.000000 0.971505 0.235789 0.235789 0.235789
4660.201660 0.000000 910.697998 0.000000 0.999982 0.000000 0.006029 0.249920 0.249920 0.249920
4659.249023 0.000000 908.160217 0.000000 0.801903 0.000000 0.597455 0.242467 0.242467 0.242467
4662.014648 0.000000 909.270081 0.000000 0.999623 0.000000 0.027475 0.249672 0.249672 0.249672
4660.449707 0.000000 992.994873 0.000000 0.743128 0.000000 0.669150 0.239774 0.239774 0.239774
4665.729980 0.000000 1001.023865 0.000000 0.962841 0.000000 0.270070 0.246655 0.246655 0.246655
4659.720703 0.000000 998.106140 0.000000 0.960786 0.000000 0.277291 0.247659 0.247659 0.247659
4667.206543 0.000000 990.215149 0.000000 0.732797 0.000000 0.680447 0.243087 0.243087 0.243087
4667.060547 0.000000 1002.826660 0.000000 0.531855 0.000000 0.846836 0.239630 0.239630 0.239630
4663.657227 0.000000 1000.608154 0.000000 0.975897 0.000000 0.218232 0.247473 0.247473 0.247473
4665.096680 0.000000 994.299316 0.000000 0.444384 0.000000 0.895836 0.238011 0.238011 0.238011
4671.265137 0.000000 993.686340 0.000000 0.779662 0.000000 0.626200 0.240138 0.240138 0.240138
4670.782227 0.000000 998.254456 0.000000 0.997913 0.000000 0.064571 0.249024 0.249024 0.249024
4661.738770 0.000000 992.859497 0.000000 0.837977 0.000000 0.545705 0.241948 0.241948 0.241948
4685.646484 0.000000 1000.980591 0.000000 0.257963 0.000000 0.966155 0.233281 0.233281 0.233281
4689.216309 0.000000 1000.115662 0.000000 0.434684 0.000000 0.900583 0.238350 0.238350 0.238350
4690.867188 0.000000 1003.198303 0.000000 0.998273 0.000000 0.058750 0.249347 0.249347 0.249347
4683.713867 0.000000 998.237488 0.000000 0.279998 0.000000 0.960001 0.231525 0.231525 0.231525
4678.227051 0.000000 1004.809326 0.000000 0.441547 0.000000 0.897238 0.235024 0.235024 0.235024
4674.240723 0.000000 1002.551819 0.000000 0.943556 0.000000 0.331214 0.246355 0.246355 0.246355
4687.409668 0.000000 1000.394592 0.000000 0.309960 0.000000 0.950749 0.231035 0.231035 0.231035
4689.260742 0.000000 1002.798706 0.000000 0.927666 0.000000 0.373412 0.245331 0.245331 0.245331
4679.856445 0.000000 1004.916077 0.000000 0.861616 0.000000 0.507561 0.242840 0.242840 0.242840
4689.981934 0.000000 990.146606 0.000000 0.988802 0.000000 0.149234 0.248083 0.248083 0.248083
4682.652832 0.000000 999.300171 0.000000 0.077372 0.000000 0.997002 0.228563 0.228563 0.228563
4685.509277 0.000000 998.010620 0.000000 0.925408 0.000000 0.378972 0.244263 0.244263 0.244263
4775.866699 0.000000 1001.937927 0.000000 0.638094 0.000000 0.769959 0.240978 0.240978 0.240978
4793.729980 0.000000 1001.023865 0.000000 0.746843 0.000000 0.665001 0.240783 0.240783 0.240783
4768.909180 0.000000 1002.477661 0.000000 0.321515 0.000000 0.946905 0.235409 0.235409 0.235409
4787.720703 0.000000 998.106140 0.000000 0.831808 0.000000 0.555064 0.241755 0.241755 0.241755
4759.427734 0.000000 1009.229736 0.000000 0.435194 0.000000 0.900337 0.239754 0.239754 0.239754
4768.344727 0.000000 998.552002 0.000000 0.445565 0.000000 0.895250 0.237680 0.237680 0.237680
4772.219727 0.000000 1000.391846 0.000000 0.827454 0.000000 0.561534 0.244157 0.244157 0.244157
4777.927734 0.000000 1004.967651 0.000000 0.997486 0.000000 0.070859 0.249250 0.249250 0.249250
4791.033203 0.000000 998.682312 0.000000 0.579612 0.000000 0.814892 0.237575 0.237575 0.237575
4791.879395 0.000000 1003.429199 0.000000 0.950198 0.000000 0.311646 0.246044 0.246044 0.246044
4773.593262 0.000000 1002.445068 0.000000 0.433047 0.000000 0.901371 0.238506 0.238506 0.238506
4761.195312 0.000000 1005.810181 0.000000 0.099398 0.000000 0.995048 0.231497 0.231497 0.231497
4753.040527 0.000000 1012.769836 0.000000 0.976552 0.000000 0.215284 0.247481 0.247481 0.247481
4775.873535 0.000000 997.021851 0.000000 0.991968 0.000000 0.126487 0.248088 0.248088 0.248088
4772.653320 0.000000 998.499268 0.000000 0.977765 0.000000 0.209705 0.247053 0.247053 0.247053
4792.590820 0.000000 1014.145081 0.000000 0.565736 0.000000 0.824587 0.237596 0.237596 0.237596
4776.504883 0.000000 1003.627991 0.000000 1.000000 0.000000 0.000197 0.249997 0.249997 0.249997
4776.804199 0.000000 994.358704 0.000000 0.581209 0.000000 0.813754 0.239528 0.239528 0.239528
4756.010742 0.000000 1004.443726 0.000000 0.405504 0.000000 0.914093 0.233121 0.233121 0.233121
4778.998047 0.000000 996.901306 0.000000 0.997743 0.000000 0.067141 0.249191 0.249191 0.249191
4761.614258 0.000000 1011.970032 0.000000 0.873194 0.000000 0.487373 0.243248 0.243248 0.243248
4777.198730 0.000000 996.242432 0.000000 0.695806 0.000000 0.718230 0.237448 0.237448 0.237448
4791.190918 0.000000 1002.124939 0.000000 0.562551 0.000000 0.826763 0.237850 0.237850 0.237850
4774.914062 0.000000 1003.016541 0.000000 0.796654 0.000000 0.604435 0.241007 0.241007 0.241007
4788.032715 0.000000 1015.997864 0.000000 0.084591 0.000000 0.996416 0.226348 0.226348 0.226348
4757.857422 0.000000 1009.821472 0.000000 0.993486 0.000000 0.113955 0.248182 0.248182 0.248182
4755.485352 0.000000 1009.203918 0.000000 0.235558 0.000000 0.971860 0.230740 0.230740 0.230740
4789.852051 0.000000 1014.500732 0.000000 0.948380 0.000000 0.317136 0.244864 0.244864 0.244864
4768.915527 0.000000 1001.149841 0.000000 0.356155 0.000000 0.934427 0.230796 0.230796 0.230796
4773.650391 0.000000 999.386780 0.000000 0.903763 0.000000 0.428033 0.243830 0.243830 0.243830
4769.949219 0.000000 1001.840088 0.000000 0.120083 0.000000 0.992764 0.226916 0.226916 0.226916
4760.739746 0.000000 1006.966248 0.000000 0.886062 0.000000 0.463566 0.242900 0.242900 0.242900
4788.749023 0.000000 998.543396 0.000000 0.678655 0.000000 0.734457 0.236872 0.236872 0.236872
4789.956543 0.000000 998.769287 0.000000 0.935373 0.000000 0.353663 0.244247 0.244247 0.244247
4850.281250 0.000000 1003.303589 0.000000 0.495681 0.000000 0.868504 0.237293 0.237293 0.237293
4818.736816 0.000000 1010.355408 0.000000 0.848488 0.000000 0.529215 0.245475 0.245475 0.245475
4844.186523 0.000000 1007.942566 0.000000 0.997606 0.000000 0.069150 0.249397 0.249397 0.249397
4839.675293 0.000000 1015.008240 0.000000 0.975091 0.000000 0.221805 0.247362 0.247362 0.247362
4813.883301 0.000000 1008.730591 0.000000 0.028255 0.000000 0.999601 0.225690 0.225690 0.225690
4817.114746 0.000000 1014.794250 0.000000 0.526996 0.000000 0.849868 0.238589 0.238589 0.238589
4847.152344 0.000000 1005.705078 0.000000 0.882662 0.000000 0.470007 0.243068 0.243068 0.243068
4848.763672 0.000000 1000.040833 0.000000 0.998434 0.000000 0.055951 0.249362 0.249362 0.249362
4806.827637 0.000000 1016.233215 0.000000 0.980541 0.000000 0.196316 0.247429 0.247429 0.247429
4812.244629 0.000000 1010.851013 0.000000 0.977843 0.000000 0.209339 0.246643 0.246643 0.246643
4845.602051 0.000000 1000.159363 0.000000 0.671335 0.000000 0.741154 0.238928 0.238928 0.238928
4819.281738 0.000000 1015.888794 0.000000 0.929804 0.000000 0.368054 0.246083 0.246083 0.246083
4837.505371 0.000000 1015.922058 0.000000 0.964916 0.000000 0.262560 0.246576 0.246576 0.246576
4843.937012 0.000000 1016.661926 0.000000 0.985938 0.000000 0.167110 0.247805 0.247805 0.247805
4813.842285 0.000000 1011.712158 0.000000 0.650427 0.000000 0.759569 0.236271 0.236271 0.236271
4846.145508 0.000000 1004.057434 0.000000 0.950294 0.000000 0.311354 0.245514 0.245514 0.245514
4844.260742 0.000000 1001.167725 0.000000 0.847591 0.000000 0.530650 0.242581 0.242581 0.242581
4820.687500 0.000000 1012.937500 0.000000 0.911328 0.000000 0.411682 0.243989 0.243989 0.243989
4814.515625 0.000000 1010.181091 0.000000 0.668288 0.000000 0.743902 0.236649 0.236649 0.236649
4850.095215 0.000000 1000.571289 0.000000 0.550893 0.000000 0.834576 0.235980 0.235980 0.235980
4816.364258 0.000000 1013.805725 0.000000 0.980809 0.000000 0.194972 0.246877 0.246877 0.246877
4813.262207 0.000000 1010.184875 0.000000 0.179162 0.000000 0.983820 0.227867 0.227867 0.227867
4816.322266 0.000000 1010.404602 0.000000 0.998552 0.000000 0.053797 0.249143 0.249143 0.249143
4817.929199 0.000000 1013.449829 0.000000 0.258707 0.000000 0.965956 0.229165 0.229165 0.229165
4649.206543 0.000000 1025.262451 0.000000 0.947105 0.000000 0.320924 0.245463 0.245463 0.245463
4662.803711 0.000000 1018.784912 0.000000 0.871991 0.000000 0.489522 0.243567 0.243567 0.243567
4655.844727 0.000000 1023.829224 0.000000 0.959598 0.000000 0.281373 0.246635 0.246635 0.246635
4662.117188 0.000000 1023.740173 0.000000 0.885701 0.000000 0.464256 0.245872 0.245872 0.245872
4653.457031 0.000000 1020.932312 0.000000 0.759322 0.000000 0.650716 0.243765 0.243765 0.243765
4664.373535 0.000000 1016.857178 0.000000 0.620585 0.000000 0.784140 0.239537 0.239537 0.239537
4648.628906 0.000000 1022.859009 0.000000 0.190779 0.000000 0.981633 0.234897 0.234897 0.234897
4663.474609 0.000000 1021.789429 0.000000 0.813974 0.000000 0.580901 0.242108 0.242108 0.242108
4665.683105 0.000000 1018.874512 0.000000 0.439892 0.000000 0.898051 0.237679 0.237679 0.237679
4654.857422 0.000000 1022.222595 0.000000 0.515755 0.000000 0.856736 0.237863 0.237863 0.237863
4688.764160 0.000000 1032.670776 0.000000 0.243478 0.000000 0.969906 0.233297 0.233297 0.233297
4674.759766 0.000000 1025.833374 0.000000 0.412598 0.000000 0.910913 0.238775 0.238775 0.238775
4691.875488 0.000000 1032.167603 0.000000 0.791016 0.000000 0.611796 0.241741 0.241741 0.241741
4676.386230 0.000000 1027.135742 0.000000 0.990843 0.000000 0.135023 0.248567 0.248567 0.248567
4690.442871 0.000000 1033.097900 0.000000 0.955054 0.000000 0.296432 0.246224 0.246224 0.246224
4790.803711 0.000000 1018.784912 0.000000 0.943796 0.000000 0.330529 0.247130 0.247130 0.247130
4791.307129 0.000000 1017.564270 0.000000 0.272199 0.000000 0.962241 0.229388 0.229388 0.229388
4809.437988 0.000000 1017.536438 0.000000 0.933173 0.000000 0.359428 0.246237 0.246237 0.246237
4841.896973 0.000000 1016.747131 0.000000 0.690805 0.000000 0.723041 0.241400 0.241400 0.241400
4820.109863 0.000000 1028.408447 0.000000 0.889550 0.000000 0.456838 0.242449 0.242449 0.242449
4828.903809 0.000000 1023.340149 0.000000 0.144494 0.000000 0.989506 0.232647 0.232647 0.232647
4823.989746 0.000000 1029.748535 0.000000 0.131092 0.000000 0.991370 0.234818 0.234818 0.234818
4839.709473 0.000000 1016.721008 0.000000 0.943259 0.000000 0.332056 0.246292 0.246292 0.246292
4824.543945 0.000000 1026.896240 0.000000 0.721501 0.000000 0.692414 0.237827 0.237827 0.237827
4821.721191 0.000000 1028.891479 0.000000 0.989440 0.000000 0.144944 0.247685 0.247685 0.247685
4821.329102 0.000000 1027.343140 0.000000 0.757505 0.000000 0.652830 0.240610 0.240610 0.240610
4839.698242 0.000000 1018.676941 0.000000 0.717750 0.000000 0.696301 0.240169 0.240169 0.240169
4842.488281 0.000000 1017.966919 0.000000 0.999653 0.000000 0.026360 0.249655 0.249655 0.249655
4685.152832 0.000000 1174.918579 0.000000 0.754899 0.000000 0.655841 0.243594 0.243594 0.243594
4685.897461 0.000000 1172.795410 0.000000 0.616254 0.000000 0.787547 0.240944 0.240944 0.240944
4687.107910 0.000000 1164.882446 0.000000 0.893002 0.000000 0.450052 0.244100 0.244100 0.244100
4927.419434 0.000000 1942.340820 0.000000 0.327904 0.000000 0.944711 0.232749 0.232749 0.232749
4878.716309 0.000000 1930.202393 0.000000 0.645426 0.000000 0.763822 0.239882 0.239882 0.239882
4923.669434 0.000000 1940.173584 0.000000 0.500957 0.000000 0.865472 0.238378 0.238378 0.238378
4918.075195 0.000000 1942.013794 0.000000 0.029524 0.000000 0.999564 0.227394 0.227394 0.227394
4926.998535 0.000000 1944.450317 0.000000 0.581850 0.000000 0.813296 0.236751 0.236751 0.236751
4921.789062 0.000000 1939.830566 0.000000 0.712478 0.000000 0.701694 0.241626 0.241626 0.241626
4896.410645 0.000000 1937.838257 0.000000 0.957908 0.000000 0.287075 0.246929 0.246929 0.246929
4902.039062 0.000000 1938.570435 0.000000 0.952651 0.000000 0.304065 0.246028 0.246028 0.246028
4879.876465 0.000000 1928.916992 0.000000 0.775559 0.000000 0.631274 0.241152 0.241152 0.241152
4879.744141 0.000000 1931.429077 0.000000 0.076488 0.000000 0.997070 0.232607 0.232607 0.232607
4926.222168 0.000000 1943.180420 0.000000 0.565463 0.000000 0.824774 0.236472 0.236472 0.236472
4919.306152 0.000000 1942.292358 0.000000 0.978959 0.000000 0.204058 0.246986 0.246986 0.246986
4935.674805 0.000000 1944.414795 0.000000 0.951594 0.000000 0.307358 0.245720 0.245720 0.245720
4942.146973 0.000000 1942.322266 0.000000 0.046489 0.000000 0.998919 0.237157 0.237157 0.237157
4932.861816 0.000000 1948.423340 0.000000 0.287650 0.000000 0.957736 0.234473 0.234473 0.234473
4931.605469 0.000000 1943.745361 0.000000 0.793226 0.000000 0.608927 0.242665 0.242665 0.242665
4938.276367 0.000000 1941.076172 0.000000 0.310980 0.000000 0.950416 0.234574 0.234574 0.234574
4933.963867 0.000000 1941.167725 0.000000 0.725756 0.000000 0.687952 0.241808 0.241808 0.241808
4928.205078 0.000000 1942.887451 0.000000 0.507958 0.000000 0.861382 0.236428 0.236428 0.236428
4938.422852 0.000000 1944.216309 0.000000 0.788160 0.000000 0.615471 0.241103 0.241103 0.241103
4933.178223 0.000000 1945.838745 0.000000 0.649034 0.000000 0.760759 0.238804 0.238804 0.238804
4935.324707 0.000000 1947.078735 0.000000 0.431224 0.000000 0.902245 0.239222 0.239222 0.239222
4929.439453 0.000000 1944.848145 0.000000 0.936617 0.000000 0.350356 0.245007 0.245007 0.245007
4936.162109 0.000000 1940.189575 0.000000 0.315110 0.000000 0.949055 0.233965 0.233965 0.233965
4937.306152 0.000000 1946.143311 0.000000 0.886685 0.000000 0.462373 0.244975 0.244975 0.244975
4936.383301 0.000000 1942.332520 0.000000 0.721848 0.000000 0.692051 0.238360 0.238360 0.238360
4939.945801 0.000000 1942.537231 0.000000 0.030435 0.000000 0.999537 0.229042 0.229042 0.229042
4933.852539 0.000000 1943.314331 0.000000 0.485993 0.000000 0.873963 0.235864 0.235864 0.235864
4941.989746 0.000000 1947.383179 0.000000 0.771303 0.000000 0.636469 0.241776 0.241776 0.241776
4940.623047 0.000000 1944.100342 0.000000 0.998774 0.000000 0.049507 0.249399 0.249399 0.249399
4929.897461 0.000000 1943.260254 0.000000 0.803917 0.000000 0.594742 0.241672 0.241672 0.241672
4937.808594 0.000000 1942.827026 0.000000 0.181461 0.000000 0.983398 0.228857 0.228857 0.228857
4934.676758 0.000000 1945.718872 0.000000 0.102934 0.000000 0.994688 0.229893 0.229893 0.229893
4937.120117 0.000000 1944.743652 0.000000 0.122737 0.000000 0.992439 0.230663 0.230663 0.230663
4932.866211 0.000000 1944.427246 0.000000 0.681455 0.000000 0.731860 0.239367 0.239367 0.239367
4935.009277 0.000000 1942.108643 0.000000 0.999296 0.000000 0.037529 0.249441 0.249441 0.249441
4932.648926 0.000000 1942.578735 0.000000 0.514516 0.000000 0.857481 0.236302 0.236302 0.236302
4938.621582 0.000000 1947.684937 0.000000 0.147251 0.000000 0.989099 0.231393 0.231393 0.231393
4936.040039 0.000000 1945.712646 0.000000 0.084847 0.000000 0.996394 0.230154 0.230154 0.230154
4662.803711 0.000000 2261.441162 0.000000 0.103696 0.000000 0.994609 0.234344 0.234344 0.234344
4660.340820 0.000000 2259.711182 0.000000 0.885118 0.000000 0.465367 0.244789 0.244789 0.244789
4660.116699 0.000000 2261.705811 0.000000 0.790589 0.000000 0.612347 0.241177 0.241177 0.241177
4661.482910 0.000000 2260.697266 0.000000 0.270811 0.000000 0.962632 0.232642 0.232642 0.232642
6330.133789 0.000000 2456.292480 0.000000 0.079506 0.000000 0.996834 0.237528 0.237528 0.237528
6330.165039 0.000000 2451.378906 0.000000 0.463546 0.000000 0.886073 0.240656 0.240656 0.240656
6343.674805 0.000000 2452.774170 0.000000 0.990954 0.000000 0.134203 0.248677 0.248677 0.248677
6355.921875 0.000000 2453.153564 0.000000 0.852776 0.000000 0.522277 0.245404 0.245404 0.245404
6367.430176 0.000000 2439.600098 0.000000 0.874539 0.000000 0.484956 0.244754 0.244754 0.244754
6349.467773 0.000000 2444.383301 0.000000 0.399135 0.000000 0.916892 0.239391 0.239391 0.239391
6374.270996 0.000000 2430.235107 0.000000 0.822245 0.000000 0.569133 0.244974 0.244974 0.244974
6338.164551 0.000000 2448.199707 0.000000 0.943913 0.000000 0.330194 0.247060 0.247060 0.247060
6362.616699 0.000000 2435.037598 0.000000 0.163976 0.000000 0.986464 0.238416 0.238416 0.238416
6355.298340 0.000000 2446.775391 0.000000 0.515825 0.000000 0.856694 0.239886 0.239886 0.239886
6381.791016 0.000000 2442.166260 0.000000 0.745938 0.000000 0.666015 0.243518 0.243518 0.243518
6370.074219 0.000000 2434.347900 0.000000 0.939436 0.000000 0.342726 0.246670 0.246670 0.246670
6372.590332 0.000000 2438.834717 0.000000 0.618783 0.000000 0.785562 0.241258 0.241258 0.241258
6358.596680 0.000000 2449.359375 0.000000 0.540123 0.000000 0.841586 0.241167 0.241167 0.241167
6380.817383 0.000000 2438.354004 0.000000 0.999433 0.000000 0.033676 0.249698 0.249698 0.249698
6364.683105 0.000000 2442.261963 0.000000 0.979357 0.000000 0.202139 0.248044 0.248044 0.248044
6336.205078 0.000000 2451.246826 0.000000 0.044062 0.000000 0.999029 0.235469 0.235469 0.235469
6367.085938 0.000000 2436.457031 0.000000 0.288016 0.000000 0.957626 0.237072 0.237072 0.237072
6348.424805 0.000000 2447.247803 0.000000 0.813423 0.000000 0.581672 0.244285 0.244285 0.244285
6369.860352 0.000000 2437.569336 0.000000 0.793196 0.000000 0.608966 0.243564 0.243564 0.243564
6352.764160 0.000000 2444.780029 0.000000 0.398672 0.000000 0.917094 0.238590 0.238590 0.238590
6378.549316 0.000000 2439.939453 0.000000 0.849140 0.000000 0.528168 0.244877 0.244877 0.244877
6371.895020 0.000000 2441.341797 0.000000 0.784796 0.000000 0.619754 0.243429 0.243429 0.243429
6372.193359 0.000000 2436.287109 0.000000 0.692628 0.000000 0.721295 0.242332 0.242332 0.242332
6355.875488 0.000000 2444.276855 0.000000 0.690141 0.000000 0.723675 0.242046 0.242046 0.242046
6343.324707 0.000000 2455.438232 0.000000 0.970748 0.000000 0.240099 0.247616 0.247616 0.247616
6345.306152 0.000000 2454.502686 0.000000 0.362036 0.000000 0.932164 0.238200 0.238200 0.238200
6344.383301 0.000000 2450.691895 0.000000 0.335305 0.000000 0.942110 0.237383 0.237383 0.237383
6347.945801 0.000000 2450.896729 0.000000 0.428897 0.000000 0.903353 0.238318 0.238318 0.238318
"}
object={
	name="bush_dry_02_generator_1_1"
	clamp_to_water_level=no
	render_under_water=no
	generated_content=yes
	layer="semidynamic_medium"
	pdxmesh="tree_bush_06_mesh"
	count=376
	transform="4590.271484 0.000000 771.585388 0.000000 0.968854 0.000000 -0.247634 0.252085 0.252085 0.252085
4580.049805 0.000000 770.586426 0.000000 0.305783 0.000000 -0.952101 0.269071 0.269071 0.269071
4599.033203 0.000000 772.744812 0.000000 0.319063 0.000000 -0.947734 0.261199 0.261199 0.261199
4601.397461 0.000000 772.447205 0.000000 0.705628 0.000000 -0.708582 0.258011 0.258011 0.258011
4591.221680 0.000000 767.595520 0.000000 0.813177 0.000000 -0.582016 0.256010 0.256010 0.256010
4593.077637 0.000000 766.684814 0.000000 0.999095 0.000000 -0.042545 0.250663 0.250663 0.250663
4589.660156 0.000000 766.247192 0.000000 0.330531 0.000000 -0.943795 0.265942 0.265942 0.265942
4581.990723 0.000000 770.934204 0.000000 0.668905 0.000000 -0.743348 0.262684 0.262684 0.262684
4583.873535 0.000000 771.084351 0.000000 0.141465 0.000000 -0.989943 0.268772 0.268772 0.268772
4593.625000 0.000000 767.720398 0.000000 0.319648 0.000000 -0.947536 0.269394 0.269394 0.269394
4458.581543 0.000000 866.070435 0.000000 0.921514 0.000000 -0.388345 0.253423 0.253423 0.253423
4455.866699 0.000000 888.969177 0.000000 0.492099 0.000000 -0.870539 0.258538 0.258538 0.258538
4443.221680 0.000000 893.294189 0.000000 0.115107 0.000000 -0.993353 0.261764 0.261764 0.261764
4448.909180 0.000000 889.508911 0.000000 0.508202 0.000000 -0.861238 0.258582 0.258582 0.258582
4454.465332 0.000000 872.363342 0.000000 0.910274 0.000000 -0.414006 0.253650 0.253650 0.253650
4452.049805 0.000000 883.555176 0.000000 0.402457 0.000000 -0.915439 0.259926 0.259926 0.259926
4453.993652 0.000000 876.828979 0.000000 0.738530 0.000000 -0.674221 0.256535 0.256535 0.256535
4457.764648 0.000000 875.589844 0.000000 0.124222 0.000000 -0.992254 0.262818 0.262818 0.262818
4483.856934 0.000000 840.853210 0.000000 0.852778 0.000000 -0.522273 0.254939 0.254939 0.254939
4541.733887 0.000000 881.475830 0.000000 0.998323 0.000000 -0.057883 0.250511 0.250511 0.250511
4536.634766 0.000000 883.054199 0.000000 0.941518 0.000000 -0.336963 0.253421 0.253421 0.253421
4522.064453 0.000000 898.589417 0.000000 0.596952 0.000000 -0.802277 0.259095 0.259095 0.259095
4535.033203 0.000000 885.713562 0.000000 0.264114 0.000000 -0.964491 0.261634 0.261634 0.261634
4538.988770 0.000000 880.899719 0.000000 0.600685 0.000000 -0.799486 0.258442 0.258442 0.258442
4566.797363 0.000000 848.240234 0.000000 0.999320 0.000000 -0.036867 0.250364 0.250364 0.250364
4590.271484 0.000000 884.554138 0.000000 0.897582 0.000000 -0.440849 0.254972 0.254972 0.254972
4605.041992 0.000000 902.923767 0.000000 0.999731 0.000000 -0.023181 0.250207 0.250207 0.250207
4591.844727 0.000000 854.376099 0.000000 0.944081 0.000000 -0.329713 0.252883 0.252883 0.252883
4557.066406 0.000000 900.481812 0.000000 0.720177 0.000000 -0.693791 0.256436 0.256436 0.256436
4589.060059 0.000000 889.657410 0.000000 0.585430 0.000000 -0.810723 0.258320 0.258320 0.258320
4595.720703 0.000000 885.137390 0.000000 0.365429 0.000000 -0.930839 0.261353 0.261353 0.261353
4585.605957 0.000000 884.747131 0.000000 0.199873 0.000000 -0.979822 0.266070 0.266070 0.266070
4585.927734 0.000000 891.998901 0.000000 0.427512 0.000000 -0.904010 0.263072 0.263072 0.263072
4598.755859 0.000000 873.361023 0.000000 0.875079 0.000000 -0.483981 0.256007 0.256007 0.256007
4583.131348 0.000000 882.244751 0.000000 0.822888 0.000000 -0.568204 0.258223 0.258223 0.258223
4585.246582 0.000000 895.577393 0.000000 0.219282 0.000000 -0.975662 0.265500 0.265500 0.265500
4580.101074 0.000000 895.126953 0.000000 0.026191 0.000000 -0.999657 0.268943 0.268943 0.268943
4586.452148 0.000000 882.199768 0.000000 0.142735 0.000000 -0.989761 0.272141 0.272141 0.272141
4589.602051 0.000000 887.190613 0.000000 0.793493 0.000000 -0.608580 0.259270 0.259270 0.259270
4577.651855 0.000000 883.463074 0.000000 0.379497 0.000000 -0.925193 0.266113 0.266113 0.266113
4588.435059 0.000000 883.240784 0.000000 0.384178 0.000000 -0.923259 0.268284 0.268284 0.268284
4600.713379 0.000000 876.688599 0.000000 0.790225 0.000000 -0.612817 0.260231 0.260231 0.260231
4584.632324 0.000000 886.900757 0.000000 0.126403 0.000000 -0.991979 0.269062 0.269062 0.269062
4574.946777 0.000000 860.504578 0.000000 0.486166 0.000000 -0.873867 0.265095 0.265095 0.265095
4590.326660 0.000000 858.383728 0.000000 0.880844 0.000000 -0.473407 0.257202 0.257202 0.257202
4590.922852 0.000000 882.586914 0.000000 0.952605 0.000000 -0.304209 0.253714 0.253714 0.253714
4584.666504 0.000000 893.588135 0.000000 0.032359 0.000000 -0.999476 0.272420 0.272420 0.272420
4580.845703 0.000000 893.245483 0.000000 0.344033 0.000000 -0.938958 0.267127 0.267127 0.267127
4591.881836 0.000000 859.998169 0.000000 0.576698 0.000000 -0.816957 0.263964 0.263964 0.263964
4599.775879 0.000000 874.990601 0.000000 0.011504 0.000000 -0.999934 0.268734 0.268734 0.268734
4576.870605 0.000000 854.511169 0.000000 0.144436 0.000000 -0.989514 0.272693 0.272693 0.272693
4589.137695 0.000000 862.325745 0.000000 0.970576 0.000000 -0.240794 0.253499 0.253499 0.253499
4576.125000 0.000000 856.407654 0.000000 0.720076 0.000000 -0.693896 0.259477 0.259477 0.259477
4593.566406 0.000000 854.448242 0.000000 0.297170 0.000000 -0.954825 0.270198 0.270198 0.270198
4563.981934 0.000000 901.447815 0.000000 0.995374 0.000000 -0.096075 0.251153 0.251153 0.251153
4586.998047 0.000000 883.932556 0.000000 0.926257 0.000000 -0.376893 0.255994 0.255994 0.255994
4566.839355 0.000000 897.830505 0.000000 0.436684 0.000000 -0.899615 0.265363 0.265363 0.265363
4583.682617 0.000000 895.516602 0.000000 0.215341 0.000000 -0.976539 0.269940 0.269940 0.269940
4600.531250 0.000000 902.726562 0.000000 0.638128 0.000000 -0.769930 0.263876 0.263876 0.263876
4565.480469 0.000000 851.023682 0.000000 0.227458 0.000000 -0.973788 0.270218 0.270218 0.270218
4598.250977 0.000000 875.028931 0.000000 0.689824 0.000000 -0.723977 0.259726 0.259726 0.259726
4578.394043 0.000000 859.958679 0.000000 0.597243 0.000000 -0.802060 0.263332 0.263332 0.263332
4599.532715 0.000000 871.875488 0.000000 0.851666 0.000000 -0.524086 0.257971 0.257971 0.257971
4563.069824 0.000000 852.294006 0.000000 0.812309 0.000000 -0.583228 0.259813 0.259813 0.259813
4578.905762 0.000000 882.646606 0.000000 0.042016 0.000000 -0.999117 0.271516 0.271516 0.271516
4564.429199 0.000000 897.288269 0.000000 0.534964 0.000000 -0.844875 0.262656 0.262656 0.262656
4582.914062 0.000000 890.047791 0.000000 0.227430 0.000000 -0.973795 0.267455 0.267455 0.267455
4576.928711 0.000000 863.256836 0.000000 0.076673 0.000000 -0.997056 0.273732 0.273732 0.273732
4574.441895 0.000000 859.229675 0.000000 0.841225 0.000000 -0.540685 0.259092 0.259092 0.259092
4579.814453 0.000000 858.436951 0.000000 0.153276 0.000000 -0.988183 0.270296 0.270296 0.270296
4601.029297 0.000000 875.413757 0.000000 0.711460 0.000000 -0.702726 0.262377 0.262377 0.262377
4576.142090 0.000000 860.983582 0.000000 0.930568 0.000000 -0.366120 0.255240 0.255240 0.255240
4597.912598 0.000000 870.044373 0.000000 0.774519 0.000000 -0.632551 0.260771 0.260771 0.260771
4564.239746 0.000000 848.417603 0.000000 0.606332 0.000000 -0.795211 0.264632 0.264632 0.264632
4589.685059 0.000000 883.485291 0.000000 0.954489 0.000000 -0.298247 0.254707 0.254707 0.254707
4565.606445 0.000000 848.093262 0.000000 0.398280 0.000000 -0.917264 0.268480 0.268480 0.268480
4588.617676 0.000000 860.241821 0.000000 0.746866 0.000000 -0.664975 0.261578 0.261578 0.261578
4578.137695 0.000000 862.168762 0.000000 0.761192 0.000000 -0.648526 0.261209 0.261209 0.261209
4589.942383 0.000000 863.219299 0.000000 0.999805 0.000000 -0.019743 0.250284 0.250284 0.250284
4581.766602 0.000000 885.072571 0.000000 0.953104 0.000000 -0.302641 0.254442 0.254442 0.254442
4574.290527 0.000000 857.836548 0.000000 0.838539 0.000000 -0.544842 0.259171 0.259171 0.259171
4582.864258 0.000000 884.643250 0.000000 0.964981 0.000000 -0.262320 0.254100 0.254100 0.254100
4593.219727 0.000000 857.277466 0.000000 0.177885 0.000000 -0.984051 0.272154 0.272154 0.272154
4587.296875 0.000000 882.886902 0.000000 0.995931 0.000000 -0.090122 0.251400 0.251400 0.251400
4625.216309 0.000000 774.178162 0.000000 0.886179 0.000000 -0.463344 0.254345 0.254345 0.254345
4619.713867 0.000000 772.299988 0.000000 0.783791 0.000000 -0.621025 0.256900 0.256900 0.256900
4623.784668 0.000000 776.119568 0.000000 0.754956 0.000000 -0.655776 0.257901 0.257901 0.257901
4625.260742 0.000000 776.861206 0.000000 0.966279 0.000000 -0.257498 0.253243 0.253243 0.253243
4618.169922 0.000000 774.870605 0.000000 0.976681 0.000000 -0.214694 0.252904 0.252904 0.252904
4678.798828 0.000000 805.048218 0.000000 0.429964 0.000000 -0.902846 0.263814 0.263814 0.263814
4681.939941 0.000000 806.069702 0.000000 0.562411 0.000000 -0.826858 0.265068 0.265068 0.265068
4683.631836 0.000000 807.297546 0.000000 0.614125 0.000000 -0.789209 0.260559 0.260559 0.260559
4680.084473 0.000000 806.416199 0.000000 0.980749 0.000000 -0.195272 0.253042 0.253042 0.253042
4680.607910 0.000000 804.616699 0.000000 0.894421 0.000000 -0.447226 0.256439 0.256439 0.256439
4683.861328 0.000000 805.450806 0.000000 0.630549 0.000000 -0.776149 0.263753 0.263753 0.263753
4680.764648 0.000000 809.246826 0.000000 0.332669 0.000000 -0.943044 0.268104 0.268104 0.268104
4682.729004 0.000000 805.201111 0.000000 0.578378 0.000000 -0.815769 0.264767 0.264767 0.264767
4683.736328 0.000000 804.324158 0.000000 0.602463 0.000000 -0.798147 0.264306 0.264306 0.264306
4646.465332 0.000000 872.363342 0.000000 0.874820 0.000000 -0.484448 0.255145 0.255145 0.255145
4634.661621 0.000000 868.703308 0.000000 0.590400 0.000000 -0.807111 0.260229 0.260229 0.260229
4645.443359 0.000000 867.067627 0.000000 0.746713 0.000000 -0.665146 0.261582 0.261582 0.261582
4612.861816 0.000000 875.220154 0.000000 0.812910 0.000000 -0.582389 0.255762 0.255762 0.255762
4640.344727 0.000000 885.583252 0.000000 0.546356 0.000000 -0.837553 0.263539 0.263539 0.263539
4644.675781 0.000000 880.107666 0.000000 0.867291 0.000000 -0.497801 0.257334 0.257334 0.257334
4643.373047 0.000000 874.208923 0.000000 0.992256 0.000000 -0.124206 0.251539 0.251539 0.251539
4635.116211 0.000000 865.740845 0.000000 0.774672 0.000000 -0.632363 0.258482 0.258482 0.258482
4618.422852 0.000000 871.013184 0.000000 0.956169 0.000000 -0.292817 0.254730 0.254730 0.254730
4646.386719 0.000000 869.613708 0.000000 0.460609 0.000000 -0.887603 0.267382 0.267382 0.267382
4615.173340 0.000000 876.472351 0.000000 0.427362 0.000000 -0.904081 0.263673 0.263673 0.263673
4641.496582 0.000000 871.496399 0.000000 0.957807 0.000000 -0.287411 0.253048 0.253048 0.253048
4642.441895 0.000000 881.228943 0.000000 0.301819 0.000000 -0.953365 0.270120 0.270120 0.270120
4644.534668 0.000000 864.443665 0.000000 0.127501 0.000000 -0.991839 0.269003 0.269003 0.269003
4638.667969 0.000000 883.646973 0.000000 0.977627 0.000000 -0.210344 0.252897 0.252897 0.252897
4639.885254 0.000000 866.455688 0.000000 0.644818 0.000000 -0.764337 0.258498 0.258498 0.258498
4643.886719 0.000000 877.890137 0.000000 0.314784 0.000000 -0.949163 0.269903 0.269903 0.269903
4617.306152 0.000000 872.940247 0.000000 0.109420 0.000000 -0.993996 0.269653 0.269653 0.269653
4608.164062 0.000000 903.604675 0.000000 0.752651 0.000000 -0.658420 0.257267 0.257267 0.257267
4639.716309 0.000000 887.716248 0.000000 0.898458 0.000000 -0.439060 0.256710 0.256710 0.256710
4619.945801 0.000000 869.334167 0.000000 0.488477 0.000000 -0.872577 0.261020 0.261020 0.261020
4636.897949 0.000000 868.904541 0.000000 0.982184 0.000000 -0.187923 0.252891 0.252891 0.252891
4644.267090 0.000000 872.156372 0.000000 0.984408 0.000000 -0.175903 0.252814 0.252814 0.252814
4622.324707 0.000000 871.153564 0.000000 0.460808 0.000000 -0.887500 0.261892 0.261892 0.261892
4637.062500 0.000000 864.941895 0.000000 0.993885 0.000000 -0.110416 0.251716 0.251716 0.251716
4645.000000 0.000000 881.947144 0.000000 0.764336 0.000000 -0.644818 0.259863 0.259863 0.259863
4643.805176 0.000000 866.179993 0.000000 0.936615 0.000000 -0.350361 0.254859 0.254859 0.254859
4641.556152 0.000000 873.939941 0.000000 0.336399 0.000000 -0.941720 0.264367 0.264367 0.264367
4642.170410 0.000000 875.622925 0.000000 0.800312 0.000000 -0.599584 0.257946 0.257946 0.257946
4642.989746 0.000000 879.480042 0.000000 0.147689 0.000000 -0.989034 0.271886 0.271886 0.271886
4638.555664 0.000000 869.603088 0.000000 0.481273 0.000000 -0.876571 0.267009 0.267009 0.267009
4635.871582 0.000000 867.333069 0.000000 0.166410 0.000000 -0.986057 0.265944 0.265944 0.265944
4620.623047 0.000000 870.897217 0.000000 0.721278 0.000000 -0.692645 0.260435 0.260435 0.260435
4642.717285 0.000000 872.628662 0.000000 0.362656 0.000000 -0.931923 0.269093 0.269093 0.269093
4647.006836 0.000000 866.669373 0.000000 0.971900 0.000000 -0.235395 0.253782 0.253782 0.253782
4645.460449 0.000000 878.600891 0.000000 0.879519 0.000000 -0.475863 0.257893 0.257893 0.257893
4638.637207 0.000000 865.434509 0.000000 0.573349 0.000000 -0.819311 0.263305 0.263305 0.263305
4615.944824 0.000000 875.203979 0.000000 0.946471 0.000000 -0.322790 0.254287 0.254287 0.254287
4645.208008 0.000000 873.304932 0.000000 0.646618 0.000000 -0.762814 0.263809 0.263809 0.263809
4642.905762 0.000000 882.646606 0.000000 0.999860 0.000000 -0.016703 0.250266 0.250266 0.250266
4643.134277 0.000000 864.567261 0.000000 0.797313 0.000000 -0.603567 0.259059 0.259059 0.259059
4618.621582 0.000000 874.481812 0.000000 0.974704 0.000000 -0.223498 0.253419 0.253419 0.253419
4616.040039 0.000000 872.509460 0.000000 0.371640 0.000000 -0.928377 0.266006 0.266006 0.266006
4642.804199 0.000000 871.247803 0.000000 0.994502 0.000000 -0.104719 0.251499 0.251499 0.251499
4639.658691 0.000000 882.799316 0.000000 0.588987 0.000000 -0.808142 0.262862 0.262862 0.262862
4642.075684 0.000000 878.526917 0.000000 0.606561 0.000000 -0.795037 0.264140 0.264140 0.264140
4616.591797 0.000000 874.024719 0.000000 0.953341 0.000000 -0.301897 0.254881 0.254881 0.254881
4644.226562 0.000000 867.417542 0.000000 0.064732 0.000000 -0.997903 0.273969 0.273969 0.273969
4620.520508 0.000000 873.899719 0.000000 0.417596 0.000000 -0.908633 0.268144 0.268144 0.268144
4644.714355 0.000000 876.943848 0.000000 0.936247 0.000000 -0.351344 0.255714 0.255714 0.255714
4644.230469 0.000000 879.028625 0.000000 0.453058 0.000000 -0.891481 0.267517 0.267517 0.267517
4618.165039 0.000000 872.197449 0.000000 0.220023 0.000000 -0.975495 0.271469 0.271469 0.271469
4645.796387 0.000000 879.708557 0.000000 0.654391 0.000000 -0.756157 0.263646 0.263646 0.263646
4636.152344 0.000000 871.190491 0.000000 0.168291 0.000000 -0.985737 0.271871 0.271871 0.271871
4645.254883 0.000000 875.979370 0.000000 0.926748 0.000000 -0.375684 0.256130 0.256130 0.256130
4645.259277 0.000000 869.734497 0.000000 0.492132 0.000000 -0.870520 0.266811 0.266811 0.266811
4644.245605 0.000000 874.896423 0.000000 0.979707 0.000000 -0.200434 0.253212 0.253212 0.253212
4645.345215 0.000000 872.016846 0.000000 0.739723 0.000000 -0.672911 0.261748 0.261748 0.261748
4636.754395 0.000000 870.004944 0.000000 0.584588 0.000000 -0.811330 0.264767 0.264767 0.264767
4636.840820 0.000000 867.819214 0.000000 0.405628 0.000000 -0.914038 0.268353 0.268353 0.268353
4525.901367 0.000000 904.704407 0.000000 0.039366 0.000000 -0.999225 0.267444 0.267444 0.267444
4524.377930 0.000000 904.246277 0.000000 0.902475 0.000000 -0.430742 0.255072 0.255072 0.255072
4598.803711 0.000000 905.816162 0.000000 0.752770 0.000000 -0.658284 0.256099 0.256099 0.256099
4557.333984 0.000000 908.079346 0.000000 0.988336 0.000000 -0.152288 0.251312 0.251312 0.251312
4598.278809 0.000000 903.781921 0.000000 0.933609 0.000000 -0.358293 0.254437 0.254437 0.254437
4560.782227 0.000000 905.458984 0.000000 0.999099 0.000000 -0.042445 0.250477 0.250477 0.250477
4602.833496 0.000000 907.015503 0.000000 0.922904 0.000000 -0.385030 0.254761 0.254761 0.254761
4541.733887 0.000000 994.444580 0.000000 0.994299 0.000000 -0.106628 0.251480 0.251480 0.251480
4525.233887 0.000000 986.131653 0.000000 0.752714 0.000000 -0.658348 0.256414 0.256414 0.256414
4543.545410 0.000000 992.193481 0.000000 0.999982 0.000000 -0.005920 0.250069 0.250069 0.250069
4525.660156 0.000000 992.184692 0.000000 0.448444 0.000000 -0.893811 0.261560 0.261560 0.261560
4543.198730 0.000000 995.254456 0.000000 0.654353 0.000000 -0.756189 0.261185 0.261185 0.261185
4543.537598 0.000000 990.500732 0.000000 0.776084 0.000000 -0.630630 0.258454 0.258454 0.258454
4527.941406 0.000000 994.853760 0.000000 0.999108 0.000000 -0.042216 0.250600 0.250600 0.250600
4551.674805 0.000000 984.180420 0.000000 0.769254 0.000000 -0.638943 0.258630 0.258630 0.258630
4544.290527 0.000000 994.599548 0.000000 0.283381 0.000000 -0.959007 0.266462 0.266462 0.266462
4588.877441 0.000000 994.021362 0.000000 0.630149 0.000000 -0.776474 0.260598 0.260598 0.260598
4603.206543 0.000000 990.215149 0.000000 0.999729 0.000000 -0.023265 0.250218 0.250218 0.250218
4546.873047 0.000000 986.524597 0.000000 0.289466 0.000000 -0.957188 0.270127 0.270127 0.270127
4587.827148 0.000000 998.421143 0.000000 0.061273 0.000000 -0.998121 0.270067 0.270067 0.270067
4545.439453 0.000000 984.613770 0.000000 0.163816 0.000000 -0.986491 0.268168 0.268168 0.268168
4544.010254 0.000000 988.920654 0.000000 0.680706 0.000000 -0.732557 0.258928 0.258928 0.258928
4545.729980 0.000000 992.826660 0.000000 0.200752 0.000000 -0.979642 0.265248 0.265248 0.265248
4596.417969 0.000000 990.559387 0.000000 0.855831 0.000000 -0.517256 0.256481 0.256481 0.256481
4576.249023 0.000000 988.610107 0.000000 0.224647 0.000000 -0.974440 0.263633 0.263633 0.263633
4578.170410 0.000000 988.591675 0.000000 0.117120 0.000000 -0.993118 0.268324 0.268324 0.268324
4586.288086 0.000000 990.916626 0.000000 0.875859 0.000000 -0.482567 0.255626 0.255626 0.255626
4547.459473 0.000000 996.750610 0.000000 0.293738 0.000000 -0.955886 0.268984 0.268984 0.268984
4585.198730 0.000000 996.242432 0.000000 0.988507 0.000000 -0.151174 0.251965 0.251965 0.251965
4550.676758 0.000000 985.484558 0.000000 0.097603 0.000000 -0.995225 0.268342 0.268342 0.268342
4545.273926 0.000000 987.754150 0.000000 0.863267 0.000000 -0.504748 0.258421 0.258421 0.258421
4544.022461 0.000000 995.941162 0.000000 0.853276 0.000000 -0.521460 0.257036 0.257036 0.257036
4545.633789 0.000000 985.964966 0.000000 0.456657 0.000000 -0.889643 0.264167 0.264167 0.264167
4582.902344 0.000000 988.840149 0.000000 0.128285 0.000000 -0.991737 0.269667 0.269667 0.269667
4546.333008 0.000000 987.524292 0.000000 0.763942 0.000000 -0.645285 0.261054 0.261054 0.261054
4655.844727 0.000000 910.860474 0.000000 0.989535 0.000000 -0.144292 0.251247 0.251247 0.251247
4658.317383 0.000000 906.941162 0.000000 0.966467 0.000000 -0.256789 0.252553 0.252553 0.252553
4658.542480 0.000000 909.548523 0.000000 0.702296 0.000000 -0.711885 0.259320 0.259320 0.259320
4663.474609 0.000000 908.820679 0.000000 0.923276 0.000000 -0.384136 0.254700 0.254700 0.254700
4610.305176 0.000000 905.099854 0.000000 0.956811 0.000000 -0.290709 0.253526 0.253526 0.253526
4660.116699 0.000000 906.080872 0.000000 0.246039 0.000000 -0.969260 0.264153 0.264153 0.264153
4608.976074 0.000000 904.270325 0.000000 0.174557 0.000000 -0.984647 0.269856 0.269856 0.269856
4660.127930 0.000000 909.235352 0.000000 0.389737 0.000000 -0.920926 0.265670 0.265670 0.265670
4668.718750 0.000000 1001.465820 0.000000 0.122400 0.000000 -0.992481 0.265636 0.265636 0.265636
4671.545410 0.000000 992.193481 0.000000 0.306905 0.000000 -0.951740 0.268346 0.268346 0.268346
4666.464844 0.000000 996.521790 0.000000 0.960075 0.000000 -0.279744 0.253300 0.253300 0.253300
4686.124512 0.000000 989.243164 0.000000 0.992039 0.000000 -0.125929 0.251221 0.251221 0.251221
4681.163574 0.000000 999.535156 0.000000 0.614478 0.000000 -0.788934 0.257745 0.257745 0.257745
4679.626953 0.000000 1006.584595 0.000000 0.962342 0.000000 -0.271841 0.252706 0.252706 0.252706
4688.434082 0.000000 990.295532 0.000000 0.914993 0.000000 -0.403469 0.255314 0.255314 0.255314
4685.917480 0.000000 991.680603 0.000000 0.718819 0.000000 -0.695197 0.258756 0.258756 0.258756
4673.729980 0.000000 992.826660 0.000000 0.352200 0.000000 -0.935925 0.262319 0.262319 0.262319
4681.040527 0.000000 1001.758972 0.000000 0.841451 0.000000 -0.540333 0.256377 0.256377 0.256377
4687.572266 0.000000 991.834229 0.000000 0.666022 0.000000 -0.745933 0.262822 0.262822 0.262822
4684.826172 0.000000 999.420471 0.000000 0.957331 0.000000 -0.288995 0.254328 0.254328 0.254328
4686.922852 0.000000 990.455017 0.000000 0.337643 0.000000 -0.941274 0.268677 0.268677 0.268677
4689.384766 0.000000 991.439758 0.000000 0.864180 0.000000 -0.503182 0.256746 0.256746 0.256746
4786.281250 0.000000 1003.303589 0.000000 0.889096 0.000000 -0.457720 0.253932 0.253932 0.253932
4763.221680 0.000000 1006.262939 0.000000 0.997667 0.000000 -0.068267 0.250708 0.250708 0.250708
4788.885254 0.000000 1011.985474 0.000000 0.824286 0.000000 -0.566174 0.255090 0.255090 0.255090
4772.049805 0.000000 996.523926 0.000000 0.148233 0.000000 -0.988952 0.265842 0.265842 0.265842
4777.605957 0.000000 997.715881 0.000000 0.755400 0.000000 -0.655264 0.261194 0.261194 0.261194
4756.194824 0.000000 1006.147217 0.000000 0.140629 0.000000 -0.990062 0.267133 0.267133 0.267133
4753.114746 0.000000 1014.794250 0.000000 0.965163 0.000000 -0.261651 0.253205 0.253205 0.253205
4759.759277 0.000000 1004.360168 0.000000 0.909480 0.000000 -0.415748 0.254616 0.254616 0.254616
4789.811523 0.000000 1001.533447 0.000000 0.897778 0.000000 -0.440448 0.256533 0.256533 0.256533
4791.010742 0.000000 1015.187317 0.000000 0.945107 0.000000 -0.326762 0.255298 0.255298 0.255298
4784.763672 0.000000 1000.040833 0.000000 0.987326 0.000000 -0.158703 0.252328 0.252328 0.252328
4778.699707 0.000000 1000.613159 0.000000 0.888906 0.000000 -0.458090 0.255999 0.255999 0.255999
4774.737793 0.000000 998.712280 0.000000 0.822364 0.000000 -0.568961 0.259633 0.259633 0.259633
4778.452148 0.000000 995.168518 0.000000 0.840082 0.000000 -0.542459 0.255332 0.255332 0.255332
4755.100098 0.000000 1012.981323 0.000000 0.817849 0.000000 -0.575433 0.256238 0.256238 0.256238
4756.862305 0.000000 1008.901428 0.000000 0.978965 0.000000 -0.204028 0.253270 0.253270 0.253270
4787.473145 0.000000 1000.612244 0.000000 0.998679 0.000000 -0.051375 0.250621 0.250621 0.250621
4788.503418 0.000000 1014.651978 0.000000 0.995986 0.000000 -0.089507 0.251426 0.251426 0.251426
4791.341309 0.000000 1011.526367 0.000000 0.848236 0.000000 -0.529619 0.256810 0.256810 0.256810
4761.450195 0.000000 1007.931213 0.000000 0.888495 0.000000 -0.458886 0.257022 0.257022 0.257022
4776.632324 0.000000 999.869507 0.000000 0.137824 0.000000 -0.990457 0.265200 0.265200 0.265200
4769.958496 0.000000 1000.463318 0.000000 0.941712 0.000000 -0.336419 0.255461 0.255461 0.255461
4791.657227 0.000000 1000.608154 0.000000 0.966298 0.000000 -0.257425 0.254144 0.254144 0.254144
4789.193359 0.000000 999.569336 0.000000 0.715697 0.000000 -0.698411 0.262305 0.262305 0.262305
4773.990723 0.000000 996.871704 0.000000 0.993575 0.000000 -0.113180 0.251264 0.251264 0.251264
4788.105469 0.000000 1002.625366 0.000000 0.389936 0.000000 -0.920842 0.265521 0.265521 0.265521
4790.407227 0.000000 1013.270020 0.000000 0.990278 0.000000 -0.139101 0.252112 0.252112 0.252112
4785.177734 0.000000 1001.847595 0.000000 0.958207 0.000000 -0.286075 0.254237 0.254237 0.254237
4760.941406 0.000000 1010.462036 0.000000 0.704486 0.000000 -0.709718 0.260466 0.260466 0.260466
4757.837891 0.000000 1005.181641 0.000000 0.711522 0.000000 -0.702664 0.261403 0.261403 0.261403
4786.333496 0.000000 999.170959 0.000000 0.088352 0.000000 -0.996089 0.270770 0.270770 0.270770
4793.390625 0.000000 1002.641541 0.000000 0.970591 0.000000 -0.240736 0.252876 0.252876 0.252876
4790.213379 0.000000 1003.239685 0.000000 0.514392 0.000000 -0.857555 0.262863 0.262863 0.262863
4769.783691 0.000000 1003.798523 0.000000 0.928486 0.000000 -0.371367 0.254464 0.254464 0.254464
4757.261719 0.000000 1007.395203 0.000000 0.929722 0.000000 -0.368262 0.254519 0.254519 0.254519
4792.531250 0.000000 1015.695312 0.000000 0.999359 0.000000 -0.035800 0.250458 0.250458 0.250458
4789.732422 0.000000 1015.796692 0.000000 0.230150 0.000000 -0.973155 0.271304 0.271304 0.271304
4790.485352 0.000000 999.937317 0.000000 0.995615 0.000000 -0.093545 0.251222 0.251222 0.251222
4761.668945 0.000000 1009.331177 0.000000 0.393057 0.000000 -0.919514 0.268571 0.268571 0.268571
4775.334473 0.000000 999.992676 0.000000 0.861833 0.000000 -0.507193 0.258466 0.258466 0.258466
4788.551758 0.000000 1001.362732 0.000000 0.145420 0.000000 -0.989370 0.270410 0.270410 0.270410
4760.553223 0.000000 1008.707886 0.000000 0.266435 0.000000 -0.963853 0.270708 0.270708 0.270708
4791.320801 0.000000 1013.979919 0.000000 0.070459 0.000000 -0.997515 0.272707 0.272707 0.272707
4791.350098 0.000000 1016.306274 0.000000 0.766187 0.000000 -0.642618 0.261108 0.261108 0.261108
4806.599121 0.000000 1013.335327 0.000000 0.057876 0.000000 -0.998324 0.263125 0.263125 0.263125
4845.060059 0.000000 1002.626160 0.000000 0.762359 0.000000 -0.647154 0.257073 0.257073 0.257073
4821.636230 0.000000 1014.736633 0.000000 0.641987 0.000000 -0.766715 0.260061 0.260061 0.260061
4853.811523 0.000000 1001.533447 0.000000 0.951693 0.000000 -0.307051 0.253048 0.253048 0.253048
4815.660156 0.000000 1011.399658 0.000000 0.389827 0.000000 -0.920888 0.268627 0.268627 0.268627
4809.349609 0.000000 1012.789429 0.000000 0.590761 0.000000 -0.806847 0.260430 0.260430 0.260430
4842.622559 0.000000 1014.259460 0.000000 0.371598 0.000000 -0.928394 0.261513 0.261513 0.261513
4819.100098 0.000000 1012.981323 0.000000 0.992718 0.000000 -0.120458 0.251922 0.251922 0.251922
4847.560547 0.000000 1002.998047 0.000000 0.704112 0.000000 -0.710089 0.257590 0.257590 0.257590
4851.473145 0.000000 1000.612244 0.000000 0.602892 0.000000 -0.797823 0.263115 0.263115 0.263115
4812.277832 0.000000 1015.490601 0.000000 0.609978 0.000000 -0.792418 0.261647 0.261647 0.261647
4840.552734 0.000000 1013.085510 0.000000 0.307832 0.000000 -0.951441 0.265506 0.265506 0.265506
4815.977051 0.000000 1009.301453 0.000000 0.416276 0.000000 -0.909238 0.264213 0.264213 0.264213
4805.476562 0.000000 1011.512573 0.000000 0.988229 0.000000 -0.152979 0.251711 0.251711 0.251711
4811.119141 0.000000 1013.853577 0.000000 0.647652 0.000000 -0.761936 0.260192 0.260192 0.260192
4841.461914 0.000000 1015.834045 0.000000 0.999955 0.000000 -0.009493 0.250118 0.250118 0.250118
4817.040527 0.000000 1012.769836 0.000000 0.820781 0.000000 -0.571243 0.259677 0.259677 0.259677
4852.105469 0.000000 1002.625366 0.000000 0.789262 0.000000 -0.614056 0.258934 0.258934 0.258934
4848.863770 0.000000 1004.710388 0.000000 0.772274 0.000000 -0.635289 0.257820 0.257820 0.257820
4848.736816 0.000000 1006.921204 0.000000 0.784159 0.000000 -0.620560 0.258942 0.258942 0.258942
4849.177734 0.000000 1001.847595 0.000000 0.033206 0.000000 -0.999449 0.267514 0.267514 0.267514
4847.226074 0.000000 1001.178589 0.000000 0.873291 0.000000 -0.487198 0.257384 0.257384 0.257384
4817.270508 0.000000 1011.052002 0.000000 0.043875 0.000000 -0.999037 0.274301 0.274301 0.274301
4836.175781 0.000000 1015.149109 0.000000 0.999997 0.000000 -0.002536 0.250033 0.250033 0.250033
4847.481934 0.000000 1007.792419 0.000000 0.838182 0.000000 -0.545391 0.257525 0.257525 0.257525
4812.418457 0.000000 1009.310303 0.000000 0.953977 0.000000 -0.299881 0.254800 0.254800 0.254800
4850.837402 0.000000 1001.910583 0.000000 0.357345 0.000000 -0.933973 0.267115 0.267115 0.267115
4813.528320 0.000000 1014.752808 0.000000 0.932044 0.000000 -0.362346 0.254721 0.254721 0.254721
4847.430664 0.000000 1004.369507 0.000000 0.919558 0.000000 -0.392953 0.255722 0.255722 0.255722
4845.920898 0.000000 1001.558350 0.000000 0.332986 0.000000 -0.942932 0.266331 0.266331 0.266331
4669.524414 0.000000 1022.232178 0.000000 0.754404 0.000000 -0.656411 0.260927 0.260927 0.260927
4666.875000 0.000000 1016.873230 0.000000 0.840559 0.000000 -0.541719 0.255806 0.255806 0.255806
4656.446289 0.000000 1027.549561 0.000000 0.500128 0.000000 -0.865952 0.259705 0.259705 0.259705
4651.550781 0.000000 1023.518555 0.000000 0.837360 0.000000 -0.546652 0.257508 0.257508 0.257508
4671.450684 0.000000 1024.648071 0.000000 0.619319 0.000000 -0.785139 0.260510 0.260510 0.260510
4653.664062 0.000000 1023.714355 0.000000 0.596966 0.000000 -0.802267 0.259966 0.259966 0.259966
4671.180664 0.000000 1022.820190 0.000000 0.977757 0.000000 -0.209742 0.252545 0.252545 0.252545
4657.566406 0.000000 1023.901367 0.000000 0.735152 0.000000 -0.677903 0.258415 0.258415 0.258415
4661.819336 0.000000 1025.344482 0.000000 0.998951 0.000000 -0.045791 0.250693 0.250693 0.250693
4666.833496 0.000000 1019.984253 0.000000 0.874940 0.000000 -0.484232 0.256105 0.256105 0.256105
4662.518555 0.000000 1020.407837 0.000000 0.206208 0.000000 -0.978508 0.267356 0.267356 0.267356
4650.243164 0.000000 1022.603699 0.000000 0.005645 0.000000 -0.999984 0.270319 0.270319 0.270319
4667.157715 0.000000 1018.470520 0.000000 0.114890 0.000000 -0.993378 0.267580 0.267580 0.267580
4660.297363 0.000000 1024.972656 0.000000 0.317655 0.000000 -0.948206 0.268882 0.268882 0.268882
4691.958008 0.000000 1023.431335 0.000000 0.504587 0.000000 -0.863361 0.260730 0.260730 0.260730
4674.093750 0.000000 1027.785156 0.000000 0.393174 0.000000 -0.919464 0.265401 0.265401 0.265401
4792.373535 0.000000 1016.857178 0.000000 0.223630 0.000000 -0.974674 0.266541 0.266541 0.266541
4793.683105 0.000000 1018.874512 0.000000 0.202588 0.000000 -0.979264 0.265526 0.265526 0.265526
4790.278809 0.000000 1016.750671 0.000000 0.815503 0.000000 -0.578753 0.259823 0.259823 0.259823
4838.270996 0.000000 1018.125671 0.000000 0.821908 0.000000 -0.569620 0.257735 0.257735 0.257735
4826.616699 0.000000 1022.928162 0.000000 0.178402 0.000000 -0.983958 0.262245 0.262245 0.262245
4824.357910 0.000000 1025.229736 0.000000 0.865713 0.000000 -0.500541 0.256200 0.256200 0.256200
4822.909180 0.000000 1027.718628 0.000000 0.996431 0.000000 -0.084410 0.251147 0.251147 0.251147
4826.396484 0.000000 1026.756470 0.000000 0.878411 0.000000 -0.477907 0.256764 0.256764 0.256764
4807.773438 0.000000 1017.265747 0.000000 0.314120 0.000000 -0.949383 0.266283 0.266283 0.266283
4827.985840 0.000000 1027.476807 0.000000 0.546863 0.000000 -0.837222 0.263469 0.263469 0.263469
4820.728516 0.000000 1029.417236 0.000000 0.999995 0.000000 -0.003307 0.250053 0.250053 0.250053
4686.189453 0.000000 1166.131226 0.000000 0.954058 0.000000 -0.299622 0.252915 0.252915 0.252915
4689.216309 0.000000 1169.568726 0.000000 0.996255 0.000000 -0.086466 0.250843 0.250843 0.250843
4686.569336 0.000000 1163.456299 0.000000 0.987949 0.000000 -0.154779 0.251499 0.251499 0.251499
4686.486328 0.000000 1168.369263 0.000000 0.169051 0.000000 -0.985607 0.266482 0.266482 0.266482
4687.409668 0.000000 1169.847656 0.000000 0.772709 0.000000 -0.634760 0.258091 0.258091 0.258091
4894.773926 0.000000 1936.940430 0.000000 0.635652 0.000000 -0.771976 0.258009 0.258009 0.258009
4922.165039 0.000000 1943.019409 0.000000 0.562394 0.000000 -0.826869 0.262699 0.262699 0.262699
4926.018555 0.000000 1946.363892 0.000000 0.867341 0.000000 -0.497715 0.255398 0.255398 0.255398
4881.653320 0.000000 1928.938110 0.000000 0.219338 0.000000 -0.975649 0.262088 0.262088 0.262088
4924.880859 0.000000 1943.698486 0.000000 0.429116 0.000000 -0.903250 0.263861 0.263861 0.263861
4879.212891 0.000000 1932.922119 0.000000 0.034380 0.000000 -0.999409 0.264768 0.264768 0.264768
4920.270996 0.000000 1940.978516 0.000000 0.825588 0.000000 -0.564273 0.255688 0.255688 0.255688
4919.542480 0.000000 1943.598511 0.000000 0.967153 0.000000 -0.254194 0.253770 0.253770 0.253770
4923.279297 0.000000 1945.670288 0.000000 0.046235 0.000000 -0.998931 0.264796 0.264796 0.264796
4881.307129 0.000000 1931.414673 0.000000 0.540519 0.000000 -0.841332 0.260514 0.260514 0.260514
4923.648926 0.000000 1941.981445 0.000000 0.176868 0.000000 -0.984235 0.265476 0.265476 0.265476
4922.962891 0.000000 1938.607422 0.000000 0.480001 0.000000 -0.877268 0.263091 0.263091 0.263091
4903.006836 0.000000 1939.872559 0.000000 0.277785 0.000000 -0.960643 0.266577 0.266577 0.266577
4878.208008 0.000000 1931.717285 0.000000 0.464770 0.000000 -0.885432 0.262658 0.262658 0.262658
4920.549805 0.000000 1942.444580 0.000000 0.936496 0.000000 -0.350679 0.255345 0.255345 0.255345
4878.587891 0.000000 1928.237549 0.000000 0.814747 0.000000 -0.579817 0.258010 0.258010 0.258010
4928.315430 0.000000 1946.894287 0.000000 0.962834 0.000000 -0.270092 0.252962 0.252962 0.252962
4940.652344 0.000000 1945.895630 0.000000 0.787483 0.000000 -0.616336 0.258062 0.258062 0.258062
4935.173340 0.000000 1949.675415 0.000000 0.277039 0.000000 -0.960859 0.262843 0.262843 0.262843
4939.004883 0.000000 1946.288696 0.000000 0.899069 0.000000 -0.437807 0.255925 0.255925 0.255925
4933.528809 0.000000 1949.806885 0.000000 0.275674 0.000000 -0.961251 0.265678 0.265678 0.265678
4928.011719 0.000000 1945.321899 0.000000 0.735527 0.000000 -0.677496 0.260383 0.260383 0.260383
4939.571777 0.000000 1945.007812 0.000000 0.840214 0.000000 -0.542254 0.257691 0.257691 0.257691
4936.640625 0.000000 1943.568481 0.000000 0.356702 0.000000 -0.934218 0.268367 0.268367 0.268367
4935.500000 0.000000 1943.190796 0.000000 0.623053 0.000000 -0.782179 0.263370 0.263370 0.263370
4658.569336 0.000000 2258.864502 0.000000 0.515850 0.000000 -0.856679 0.259182 0.259182 0.259182
4658.317383 0.000000 2262.566162 0.000000 0.962912 0.000000 -0.269815 0.252643 0.252643 0.252643
4660.969238 0.000000 2263.732910 0.000000 0.051569 0.000000 -0.998669 0.266167 0.266167 0.266167
6335.419434 0.000000 2450.700195 0.000000 0.616743 0.000000 -0.787165 0.258371 0.258371 0.258371
6334.018555 0.000000 2454.723145 0.000000 0.653691 0.000000 -0.756762 0.258089 0.258089 0.258089
6377.206543 0.000000 2437.371826 0.000000 0.890531 0.000000 -0.454922 0.254348 0.254348 0.254348
6378.581543 0.000000 2447.633057 0.000000 0.819015 0.000000 -0.573773 0.255225 0.255225 0.255225
6361.268555 0.000000 2445.237305 0.000000 0.925693 0.000000 -0.378275 0.253390 0.253390 0.253390
6373.084961 0.000000 2443.625732 0.000000 0.719351 0.000000 -0.694647 0.257165 0.257165 0.257165
6366.773926 0.000000 2445.299805 0.000000 0.561349 0.000000 -0.827579 0.258883 0.258883 0.258883
6361.550293 0.000000 2440.429443 0.000000 0.743111 0.000000 -0.669168 0.256749 0.256749 0.256749
6340.861816 0.000000 2456.782715 0.000000 0.548910 0.000000 -0.835881 0.259328 0.259328 0.259328
6353.893555 0.000000 2442.142822 0.000000 0.579060 0.000000 -0.815285 0.259103 0.259103 0.259103
6377.396484 0.000000 2442.586914 0.000000 0.230889 0.000000 -0.972980 0.262316 0.262316 0.262316
6358.003418 0.000000 2442.530518 0.000000 0.166994 0.000000 -0.985958 0.262259 0.262259 0.262259
6374.192871 0.000000 2434.534912 0.000000 0.371553 0.000000 -0.928412 0.260956 0.260956 0.260956
6339.605469 0.000000 2452.104736 0.000000 0.999069 0.000000 -0.043134 0.250415 0.250415 0.250415
6348.652344 0.000000 2454.254883 0.000000 0.851596 0.000000 -0.524199 0.255338 0.255338 0.255338
6369.456543 0.000000 2442.752930 0.000000 0.817706 0.000000 -0.575635 0.256049 0.256049 0.256049
6352.310547 0.000000 2453.622803 0.000000 0.877875 0.000000 -0.478890 0.254535 0.254535 0.254535
6351.712891 0.000000 2447.442383 0.000000 0.190495 0.000000 -0.981688 0.263471 0.263471 0.263471
6341.963867 0.000000 2449.527100 0.000000 0.335519 0.000000 -0.942034 0.261043 0.261043 0.261043
6353.983398 0.000000 2450.196289 0.000000 0.628559 0.000000 -0.777762 0.258454 0.258454 0.258454
6364.263672 0.000000 2438.124268 0.000000 0.249287 0.000000 -0.968430 0.262965 0.262965 0.262965
6375.443848 0.000000 2440.117432 0.000000 0.143163 0.000000 -0.989699 0.263138 0.263138 0.263138
6346.422852 0.000000 2452.575684 0.000000 0.435155 0.000000 -0.900355 0.261575 0.261575 0.261575
6341.178223 0.000000 2454.198242 0.000000 0.310487 0.000000 -0.950577 0.262338 0.262338 0.262338
6338.873047 0.000000 2455.118408 0.000000 0.916540 0.000000 -0.399942 0.253942 0.253942 0.253942
6337.439453 0.000000 2453.207520 0.000000 0.526392 0.000000 -0.850242 0.259992 0.259992 0.259992
6344.162109 0.000000 2448.548828 0.000000 0.956186 0.000000 -0.292760 0.252948 0.252948 0.252948
"}
