object={
	name="cypress_mediterranean_sparse_generator_1_0"
	clamp_to_water_level=no
	render_under_water=no
	generated_content=yes
	layer="semidynamic"
	pdxmesh="tree_cypress_mediterranean_02_mesh"
	count=648
	transform="3986.736816 0.000000 2478.949219 0.000000 0.892750 0.000000 -0.450552 0.262587 0.262587 0.262587
3993.924805 0.000000 2482.068604 0.000000 0.408506 0.000000 0.912756 0.279272 0.279272 0.279272
3998.600098 0.000000 2478.531738 0.000000 0.929512 0.000000 -0.368793 0.273732 0.273732 0.273732
3977.597900 0.000000 2478.703613 0.000000 0.922995 0.000000 0.384813 0.206721 0.206721 0.206721
3974.656738 0.000000 2477.645996 0.000000 0.946525 0.000000 0.322629 0.252839 0.252839 0.252839
3993.163818 0.000000 2484.687500 0.000000 0.922819 0.000000 -0.385235 0.235506 0.235506 0.235506
3975.561523 0.000000 2479.802002 0.000000 0.218094 0.000000 0.975928 0.229692 0.229692 0.229692
3995.270508 0.000000 2480.574463 0.000000 0.830147 0.000000 -0.557544 0.303556 0.303556 0.303556
3996.806396 0.000000 2479.191162 0.000000 0.618624 0.000000 0.785687 0.246300 0.246300 0.246300
3995.848389 0.000000 2482.487305 0.000000 0.408051 0.000000 0.912959 0.278028 0.278028 0.278028
3994.534668 0.000000 2483.623535 0.000000 0.940656 0.000000 0.339362 0.293387 0.293387 0.293387
3954.281250 0.000000 2528.381592 0.000000 0.872802 0.000000 -0.488074 0.243083 0.243083 0.243083
3951.844482 0.000000 2492.422852 0.000000 0.629577 0.000000 0.776938 0.255593 0.255593 0.255593
3955.720459 0.000000 2523.184326 0.000000 0.909177 0.000000 0.416409 0.207532 0.207532 0.207532
3960.634766 0.000000 2521.101074 0.000000 0.623129 0.000000 0.782119 0.283084 0.283084 0.283084
3967.097656 0.000000 2524.701660 0.000000 0.864937 0.000000 0.501880 0.206236 0.206236 0.206236
3966.127197 0.000000 2502.752441 0.000000 0.234680 0.000000 0.972073 0.192410 0.192410 0.192410
3951.152100 0.000000 2530.783203 0.000000 0.999171 0.000000 0.040705 0.215069 0.215069 0.215069
3952.763672 0.000000 2525.118896 0.000000 0.898387 0.000000 -0.439206 0.216844 0.216844 0.216844
3959.033203 0.000000 2523.760498 0.000000 0.659759 0.000000 0.751478 0.285321 0.285321 0.285321
3962.989014 0.000000 2518.946533 0.000000 0.835633 0.000000 0.549288 0.243949 0.243949 0.243949
3921.306885 0.000000 2496.258301 0.000000 0.974767 0.000000 -0.223223 0.231559 0.231559 0.231559
3961.397217 0.000000 2523.462891 0.000000 0.226807 0.000000 0.973940 0.234636 0.234636 0.234636
3963.533691 0.000000 2490.887207 0.000000 0.054011 0.000000 0.998540 0.234037 0.234037 0.234037
3952.864014 0.000000 2529.788574 0.000000 0.904382 0.000000 0.426725 0.283411 0.283411 0.283411
3953.177734 0.000000 2526.925781 0.000000 0.713805 0.000000 0.700344 0.279565 0.279565 0.279565
3959.086426 0.000000 2521.928711 0.000000 0.901364 0.000000 0.433063 0.292251 0.292251 0.292251
3957.498779 0.000000 2522.788818 0.000000 0.999672 0.000000 -0.025610 0.275154 0.275154 0.275154
3954.333252 0.000000 2524.249023 0.000000 0.922706 0.000000 -0.385505 0.291540 0.291540 0.291540
3966.576172 0.000000 2497.575928 0.000000 0.364927 0.000000 0.931036 0.277224 0.277224 0.277224
3988.950195 0.000000 2494.481689 0.000000 0.234168 0.000000 0.972196 0.275214 0.275214 0.275214
4028.270508 0.000000 2533.646240 0.000000 0.350503 0.000000 0.936562 0.218842 0.218842 0.218842
3984.020752 0.000000 2529.540771 0.000000 0.923615 0.000000 0.383322 0.197338 0.197338 0.197338
3982.716309 0.000000 2495.046143 0.000000 0.996269 0.000000 0.086306 0.209130 0.209130 0.209130
4024.634766 0.000000 2521.101074 0.000000 0.997635 0.000000 0.068735 0.203697 0.203697 0.203697
3993.550537 0.000000 2496.913818 0.000000 0.839009 0.000000 0.544118 0.268714 0.268714 0.268714
3968.110596 0.000000 2495.677002 0.000000 0.987948 0.000000 -0.154787 0.230894 0.230894 0.230894
3979.269287 0.000000 2494.642578 0.000000 0.665830 0.000000 0.746103 0.285366 0.285366 0.285366
3985.116211 0.000000 2532.560059 0.000000 0.962889 0.000000 -0.269896 0.217669 0.217669 0.217669
3981.152832 0.000000 2530.543457 0.000000 0.947647 0.000000 0.319321 0.215981 0.215981 0.215981
4018.278564 0.000000 2516.021484 0.000000 0.997666 0.000000 -0.068280 0.254314 0.254314 0.254314
3976.260498 0.000000 2494.318115 0.000000 0.996935 0.000000 -0.078240 0.282685 0.282685 0.282685
3981.243652 0.000000 2492.553711 0.000000 0.878454 0.000000 0.477827 0.217709 0.217709 0.217709
4030.830811 0.000000 2532.547607 0.000000 0.448224 0.000000 0.893921 0.255157 0.255157 0.255157
3988.109619 0.000000 2497.002197 0.000000 0.767429 0.000000 0.641134 0.287907 0.287907 0.287907
4028.341309 0.000000 2538.480225 0.000000 0.416719 0.000000 0.909035 0.241408 0.241408 0.241408
4015.560791 0.000000 2528.076172 0.000000 0.077397 0.000000 0.997000 0.213239 0.213239 0.213239
4031.022949 0.000000 2539.478027 0.000000 0.819040 0.000000 0.573737 0.246756 0.246756 0.246756
3994.002197 0.000000 2499.347900 0.000000 0.881048 0.000000 -0.473027 0.276467 0.276467 0.276467
3993.026123 0.000000 2485.560303 0.000000 0.957179 0.000000 -0.289498 0.234515 0.234515 0.234515
4024.713623 0.000000 2514.735596 0.000000 0.983773 0.000000 0.179420 0.264542 0.264542 0.264542
3982.936279 0.000000 2531.884521 0.000000 0.961135 0.000000 0.276078 0.253981 0.253981 0.253981
4023.657227 0.000000 2525.686279 0.000000 0.564224 0.000000 0.825622 0.283123 0.283123 0.283123
4021.193359 0.000000 2524.647461 0.000000 0.888941 0.000000 -0.458021 0.265043 0.265043 0.265043
3978.859131 0.000000 2492.841064 0.000000 0.880792 0.000000 0.473503 0.275185 0.275185 0.275185
3972.253662 0.000000 2524.678467 0.000000 0.903356 0.000000 -0.428892 0.298760 0.298760 0.298760
3977.625488 0.000000 2495.537354 0.000000 0.950548 0.000000 -0.310579 0.286240 0.286240 0.286240
3978.837402 0.000000 2536.920654 0.000000 0.843503 0.000000 -0.537124 0.301958 0.301958 0.301958
3990.760498 0.000000 2494.516846 0.000000 0.172012 0.000000 0.985095 0.268072 0.268072 0.268072
3994.746094 0.000000 2485.339600 0.000000 0.455054 0.000000 0.890464 0.265070 0.265070 0.265070
3989.720947 0.000000 2497.485352 0.000000 0.889727 0.000000 0.456493 0.291763 0.291763 0.291763
4023.627441 0.000000 2515.939941 0.000000 0.974230 0.000000 0.225555 0.285195 0.285195 0.285195
3989.329346 0.000000 2495.936768 0.000000 0.973366 0.000000 0.229256 0.295704 0.295704 0.295704
4029.768066 0.000000 2512.510742 0.000000 0.953517 0.000000 0.301339 0.294154 0.294154 0.294154
4063.430420 0.000000 2496.084473 0.000000 0.038928 0.000000 0.999242 0.193936 0.193936 0.193936
4053.428223 0.000000 2517.660156 0.000000 0.269692 0.000000 0.962947 0.194675 0.194675 0.194675
4035.716309 0.000000 2526.418701 0.000000 0.946299 0.000000 -0.323292 0.306090 0.306090 0.306090
4058.840820 0.000000 2512.016846 0.000000 0.392257 0.000000 0.919856 0.234674 0.234674 0.234674
4046.124512 0.000000 2514.321289 0.000000 0.993763 0.000000 -0.111516 0.245199 0.245199 0.245199
4059.974365 0.000000 2517.041992 0.000000 0.977137 0.000000 -0.212612 0.293335 0.293335 0.293335
4069.443359 0.000000 2505.114502 0.000000 0.987968 0.000000 0.154657 0.207486 0.207486 0.207486
4057.550537 0.000000 2496.913818 0.000000 0.732968 0.000000 0.680263 0.222278 0.222278 0.222278
4055.538086 0.000000 2521.599365 0.000000 0.175090 0.000000 0.984553 0.240257 0.240257 0.240257
4054.690430 0.000000 2513.329346 0.000000 0.572741 0.000000 0.819736 0.216161 0.216161 0.216161
4063.822266 0.000000 2511.373535 0.000000 0.942924 0.000000 0.333008 0.262961 0.262961 0.262961
4045.646240 0.000000 2526.058838 0.000000 0.391681 0.000000 0.920101 0.195118 0.195118 0.195118
4032.390625 0.000000 2528.862549 0.000000 0.589650 0.000000 0.807659 0.240291 0.240291 0.240291
4067.650879 0.000000 2508.254883 0.000000 0.923848 0.000000 0.382759 0.292969 0.292969 0.292969
4056.763672 0.000000 2516.043701 0.000000 0.329991 0.000000 0.943984 0.278087 0.278087 0.278087
4071.553711 0.000000 2502.514893 0.000000 0.990733 0.000000 -0.135826 0.221637 0.221637 0.221637
4063.085693 0.000000 2492.941406 0.000000 0.963246 0.000000 0.268621 0.241549 0.241549 0.241549
4058.132568 0.000000 2519.764404 0.000000 0.553094 0.000000 0.833119 0.281598 0.281598 0.281598
4050.867188 0.000000 2528.276367 0.000000 0.448126 0.000000 0.893970 0.243810 0.243810 0.243810
4038.656738 0.000000 2534.130371 0.000000 0.768872 0.000000 0.639403 0.209661 0.209661 0.209661
4045.152832 0.000000 2530.543457 0.000000 0.300327 0.000000 0.953836 0.241845 0.241845 0.241845
4075.534668 0.000000 2501.302246 0.000000 0.992012 0.000000 0.126141 0.255866 0.255866 0.255866
4072.221680 0.000000 2505.755859 0.000000 0.961750 0.000000 -0.273930 0.305185 0.305185 0.305185
4035.168213 0.000000 2529.265137 0.000000 0.993015 0.000000 -0.117991 0.302206 0.302206 0.302206
4053.228027 0.000000 2523.217529 0.000000 0.452473 0.000000 0.891778 0.260132 0.260132 0.260132
4079.681152 0.000000 2488.214355 0.000000 0.996564 0.000000 -0.082823 0.242060 0.242060 0.242060
4059.115234 0.000000 2514.596191 0.000000 0.199987 0.000000 0.979798 0.275794 0.275794 0.275794
4055.655029 0.000000 2518.968018 0.000000 0.810213 0.000000 0.586135 0.283546 0.283546 0.283546
4053.388916 0.000000 2528.538330 0.000000 0.827252 0.000000 -0.561831 0.244571 0.244571 0.244571
4075.597168 0.000000 2487.336914 0.000000 0.958844 0.000000 -0.283933 0.233883 0.233883 0.233883
4051.150879 0.000000 2519.073975 0.000000 0.967323 0.000000 -0.253549 0.302094 0.302094 0.302094
4032.956543 0.000000 2526.432373 0.000000 0.802181 0.000000 0.597082 0.247457 0.247457 0.247457
4071.437012 0.000000 2512.694336 0.000000 0.115851 0.000000 0.993267 0.274124 0.274124 0.274124
4034.854492 0.000000 2532.859375 0.000000 0.968328 0.000000 -0.249683 0.304640 0.304640 0.304640
4070.985352 0.000000 2517.177002 0.000000 0.877233 0.000000 -0.480064 0.251805 0.251805 0.251805
4033.278564 0.000000 2531.187744 0.000000 0.455002 0.000000 0.890490 0.222958 0.222958 0.222958
4056.466797 0.000000 2511.836670 0.000000 0.330376 0.000000 0.943849 0.242235 0.242235 0.242235
4067.886963 0.000000 2515.937012 0.000000 0.036800 0.000000 0.999323 0.272828 0.272828 0.272828
4078.967041 0.000000 2500.689453 0.000000 0.901590 0.000000 0.432591 0.248179 0.248179 0.248179
4051.258789 0.000000 2524.206055 0.000000 0.324551 0.000000 0.945868 0.225989 0.225989 0.225989
4073.381104 0.000000 2501.260010 0.000000 0.708359 0.000000 0.705853 0.247779 0.247779 0.247779
4037.188232 0.000000 2528.052490 0.000000 0.278581 0.000000 0.960413 0.258884 0.258884 0.258884
4064.249023 0.000000 2513.688232 0.000000 0.904665 0.000000 -0.426123 0.308391 0.308391 0.308391
4033.799072 0.000000 2535.251465 0.000000 0.937435 0.000000 0.348161 0.286922 0.286922 0.286922
4069.382812 0.000000 2512.894531 0.000000 0.207125 0.000000 0.978315 0.273985 0.273985 0.273985
4063.429199 0.000000 2509.240723 0.000000 0.597754 0.000000 0.801680 0.242435 0.242435 0.242435
4063.953369 0.000000 2490.987793 0.000000 0.962051 0.000000 -0.272868 0.278715 0.278715 0.278715
4068.267090 0.000000 2510.203125 0.000000 0.999817 0.000000 -0.019149 0.300366 0.300366 0.300366
4076.596680 0.000000 2504.263916 0.000000 0.775012 0.000000 0.631947 0.251083 0.251083 0.251083
4037.476562 0.000000 2536.590820 0.000000 0.972098 0.000000 -0.234574 0.252876 0.252876 0.252876
4058.051758 0.000000 2517.606689 0.000000 0.648656 0.000000 0.761081 0.276111 0.276111 0.276111
4079.881836 0.000000 2498.044922 0.000000 0.773709 0.000000 0.633542 0.248979 0.248979 0.248979
4049.982666 0.000000 2488.566162 0.000000 0.979403 0.000000 0.201913 0.279016 0.279016 0.279016
4033.941895 0.000000 2537.940430 0.000000 0.996365 0.000000 0.085186 0.298512 0.298512 0.298512
4059.430664 0.000000 2497.340088 0.000000 0.362050 0.000000 0.932159 0.261613 0.261613 0.261613
4067.914307 0.000000 2514.071533 0.000000 0.992532 0.000000 0.121983 0.297834 0.297834 0.297834
4065.555908 0.000000 2511.986816 0.000000 0.999987 0.000000 -0.005105 0.300093 0.300093 0.300093
4072.686523 0.000000 2503.965576 0.000000 0.955149 0.000000 -0.296127 0.284854 0.284854 0.284854
4034.331055 0.000000 2525.258301 0.000000 0.313128 0.000000 0.949711 0.274209 0.274209 0.274209
4035.196289 0.000000 2531.062988 0.000000 0.916317 0.000000 -0.400453 0.307236 0.307236 0.307236
4034.240967 0.000000 2527.629883 0.000000 0.983810 0.000000 0.179214 0.296667 0.296667 0.296667
4066.170654 0.000000 2513.669922 0.000000 0.589833 0.000000 0.807525 0.282048 0.282048 0.282048
4036.253662 0.000000 2524.678467 0.000000 0.954109 0.000000 -0.299461 0.305262 0.305262 0.305262
4059.568604 0.000000 2518.719971 0.000000 0.634790 0.000000 0.772685 0.283324 0.283324 0.283324
4047.572021 0.000000 2516.912354 0.000000 0.662236 0.000000 0.749295 0.285061 0.285061 0.285061
4066.717041 0.000000 2510.675537 0.000000 0.946250 0.000000 0.323436 0.293710 0.293710 0.293710
4075.719727 0.000000 2502.899170 0.000000 0.986201 0.000000 -0.165552 0.282860 0.282860 0.282860
4036.650391 0.000000 2523.088623 0.000000 0.986612 0.000000 0.163085 0.296871 0.296871 0.296871
4058.510254 0.000000 2516.105713 0.000000 0.999617 0.000000 0.027673 0.289474 0.289474 0.289474
4044.962891 0.000000 2515.433105 0.000000 0.932481 0.000000 -0.361220 0.291721 0.291721 0.291721
4071.139160 0.000000 2509.040283 0.000000 0.891289 0.000000 -0.453435 0.308988 0.308988 0.308988
4071.754639 0.000000 2511.220947 0.000000 0.985886 0.000000 -0.167421 0.303175 0.303175 0.303175
4069.208008 0.000000 2511.351807 0.000000 0.833646 0.000000 -0.552300 0.311175 0.311175 0.311175
4034.917725 0.000000 2518.741943 0.000000 0.965626 0.000000 -0.259935 0.304894 0.304894 0.304894
4057.071777 0.000000 2518.676514 0.000000 0.992121 0.000000 -0.125284 0.302366 0.302366 0.302366
4057.687256 0.000000 2514.893555 0.000000 0.462017 0.000000 0.886871 0.279703 0.279703 0.279703
4035.614258 0.000000 2527.891357 0.000000 0.638680 0.000000 0.769472 0.283757 0.283757 0.283757
4075.041992 0.000000 2505.391357 0.000000 0.981719 0.000000 0.190335 0.296421 0.296421 0.296421
7153.158691 0.000000 881.893982 0.000000 0.943332 0.000000 -0.331850 0.218208 0.218208 0.218208
7161.397461 0.000000 885.415955 0.000000 0.936068 0.000000 -0.351818 0.299745 0.299745 0.299745
7148.435059 0.000000 883.240784 0.000000 0.152816 0.000000 0.988255 0.272930 0.272930 0.272930
7159.657227 0.000000 887.639404 0.000000 0.840256 0.000000 -0.542189 0.310279 0.310279 0.310279
7157.193359 0.000000 886.600586 0.000000 0.607629 0.000000 0.794221 0.241568 0.241568 0.241568
7157.498535 0.000000 884.741821 0.000000 0.836219 0.000000 0.548395 0.282737 0.282737 0.282737
7149.321289 0.000000 885.748535 0.000000 0.663555 0.000000 0.748127 0.283857 0.283857 0.283857
7160.805176 0.000000 886.779785 0.000000 0.723479 0.000000 0.690346 0.285704 0.285704 0.285704
7149.534668 0.000000 882.287109 0.000000 0.660038 0.000000 0.751232 0.283768 0.283768 0.283768
7148.932129 0.000000 884.454224 0.000000 0.996784 0.000000 0.080134 0.298468 0.298468 0.298468
7219.720703 0.000000 659.199890 0.000000 0.996240 0.000000 0.086633 0.199394 0.199394 0.199394
7224.634766 0.000000 657.116699 0.000000 0.957053 0.000000 0.289912 0.199308 0.199308 0.199308
7218.569336 0.000000 677.301941 0.000000 0.856040 0.000000 0.516910 0.260233 0.260233 0.260233
7227.742676 0.000000 659.005127 0.000000 0.964698 0.000000 0.263358 0.294910 0.294910 0.294910
7225.397461 0.000000 659.478455 0.000000 0.822131 0.000000 -0.569298 0.263685 0.263685 0.263685
7227.123047 0.000000 660.754333 0.000000 0.825699 0.000000 -0.564110 0.311447 0.311447 0.311447
7226.464844 0.000000 657.615540 0.000000 0.882976 0.000000 0.469419 0.290022 0.290022 0.290022
7245.066406 0.000000 731.028687 0.000000 0.971179 0.000000 -0.238352 0.229989 0.229989 0.229989
7245.883301 0.000000 726.308716 0.000000 0.999531 0.000000 0.030617 0.292218 0.292218 0.292218
7244.244629 0.000000 728.429138 0.000000 0.104959 0.000000 0.994476 0.272008 0.272008 0.272008
7245.842285 0.000000 729.290283 0.000000 0.993853 0.000000 -0.110705 0.302119 0.302119 0.302119
7244.418457 0.000000 726.888428 0.000000 0.499436 0.000000 0.866351 0.275641 0.275641 0.275641
7244.281738 0.000000 729.814514 0.000000 0.862263 0.000000 -0.506461 0.310143 0.310143 0.310143
7257.550293 0.000000 745.898315 0.000000 0.997498 0.000000 -0.070700 0.276359 0.276359 0.276359
7249.216309 0.000000 774.178162 0.000000 0.992552 0.000000 0.121818 0.220491 0.220491 0.220491
7256.357910 0.000000 742.807861 0.000000 0.803149 0.000000 0.595778 0.287811 0.287811 0.287811
7254.909180 0.000000 745.296692 0.000000 0.895953 0.000000 0.444148 0.214821 0.214821 0.214821
7260.903809 0.000000 740.918274 0.000000 0.980968 0.000000 -0.194168 0.303644 0.303644 0.303644
7246.486328 0.000000 772.978699 0.000000 0.944026 0.000000 -0.329871 0.305967 0.305967 0.305967
7255.989746 0.000000 747.326721 0.000000 0.378689 0.000000 0.925524 0.278392 0.278392 0.278392
7258.413574 0.000000 742.568420 0.000000 0.998611 0.000000 0.052690 0.298993 0.298993 0.298993
7247.409668 0.000000 774.457092 0.000000 0.647816 0.000000 0.761797 0.283978 0.283978 0.283978
7254.760742 0.000000 743.501282 0.000000 0.995719 0.000000 0.092435 0.298232 0.298232 0.298232
7256.543945 0.000000 744.474365 0.000000 0.988186 0.000000 0.153261 0.273155 0.273155 0.273155
7333.505371 0.000000 789.984558 0.000000 0.336096 0.000000 0.941828 0.227596 0.227596 0.227596
7235.589355 0.000000 803.163513 0.000000 0.894529 0.000000 -0.447009 0.220992 0.220992 0.220992
7255.828125 0.000000 814.958069 0.000000 0.993336 0.000000 -0.115254 0.206746 0.206746 0.206746
7236.061523 0.000000 806.990845 0.000000 0.702416 0.000000 0.711767 0.232219 0.232219 0.232219
7274.699707 0.000000 831.160034 0.000000 0.735888 0.000000 0.677103 0.285794 0.285794 0.285794
7244.424805 0.000000 809.200989 0.000000 0.592058 0.000000 0.805896 0.250429 0.250429 0.250429
7242.448242 0.000000 794.386169 0.000000 0.067656 0.000000 0.997709 0.271293 0.271293 0.271293
7261.260254 0.000000 825.050476 0.000000 0.584717 0.000000 0.811237 0.212194 0.212194 0.212194
7253.175293 0.000000 825.999268 0.000000 0.641147 0.000000 0.767418 0.215399 0.215399 0.215399
7255.654785 0.000000 824.436707 0.000000 0.775683 0.000000 0.631123 0.268191 0.268191 0.268191
7252.471191 0.000000 812.606812 0.000000 0.599428 0.000000 0.800429 0.283666 0.283666 0.283666
7275.827148 0.000000 828.968018 0.000000 0.999980 0.000000 0.006333 0.254546 0.254546 0.254546
7272.581055 0.000000 821.045654 0.000000 0.963665 0.000000 0.267113 0.294836 0.294836 0.294836
7274.151367 0.000000 833.292847 0.000000 0.440131 0.000000 0.897934 0.227795 0.227795 0.227795
7236.679688 0.000000 805.017578 0.000000 0.470095 0.000000 0.882616 0.279347 0.279347 0.279347
7258.051758 0.000000 823.075500 0.000000 0.827694 0.000000 -0.561179 0.311379 0.311379 0.311379
7245.989746 0.000000 817.695740 0.000000 0.999964 0.000000 0.008468 0.279707 0.279707 0.279707
7243.861328 0.000000 805.450806 0.000000 0.972418 0.000000 -0.233246 0.301164 0.301164 0.301164
7272.804199 0.000000 824.905579 0.000000 0.992407 0.000000 0.122996 0.278010 0.278010 0.278010
7262.632324 0.000000 818.091370 0.000000 0.857708 0.000000 0.514137 0.277628 0.277628 0.277628
7261.201660 0.000000 823.447876 0.000000 0.953539 0.000000 0.301271 0.292584 0.292584 0.292584
7243.846680 0.000000 795.028381 0.000000 0.981715 0.000000 0.190359 0.296342 0.296342 0.296342
7275.855957 0.000000 830.355469 0.000000 0.747113 0.000000 0.664697 0.286114 0.286114 0.286114
7277.457031 0.000000 851.479187 0.000000 0.969360 0.000000 -0.245645 0.304740 0.304740 0.304740
7279.681152 0.000000 850.167419 0.000000 0.568328 0.000000 0.822802 0.266052 0.266052 0.266052
7276.179688 0.000000 850.688660 0.000000 0.251478 0.000000 0.967863 0.274855 0.274855 0.274855
7343.844727 0.000000 797.891724 0.000000 0.753451 0.000000 0.657504 0.237694 0.237694 0.237694
7332.294922 0.000000 794.437988 0.000000 0.056005 0.000000 0.998430 0.204321 0.204321 0.204321
7343.681152 0.000000 793.683044 0.000000 0.714231 0.000000 0.699910 0.244792 0.244792 0.244792
7312.003418 0.000000 818.083923 0.000000 0.979583 0.000000 0.201040 0.252738 0.252738 0.252738
7332.142090 0.000000 790.876465 0.000000 0.535018 0.000000 0.844841 0.275826 0.275826 0.275826
7314.112793 0.000000 816.972839 0.000000 0.999872 0.000000 0.016004 0.248277 0.248277 0.248277
7330.286621 0.000000 794.408997 0.000000 0.862026 0.000000 0.506863 0.266188 0.266188 0.266188
7313.981934 0.000000 820.693481 0.000000 0.895288 0.000000 -0.445488 0.307971 0.307971 0.307971
7342.835449 0.000000 794.831787 0.000000 0.089275 0.000000 0.996007 0.271707 0.271707 0.271707
7315.671875 0.000000 819.516052 0.000000 0.266456 0.000000 0.963847 0.275151 0.275151 0.275151
7323.430664 0.000000 859.293335 0.000000 0.992949 0.000000 -0.118545 0.302269 0.302269 0.302269
7320.543945 0.000000 857.443115 0.000000 0.382289 0.000000 0.924043 0.277492 0.277492 0.277492
7323.985840 0.000000 858.023682 0.000000 0.008171 0.000000 0.999967 0.270156 0.270156 0.270156
7156.969238 0.000000 908.107849 0.000000 0.999527 0.000000 -0.030744 0.244876 0.244876 0.244876
7156.116699 0.000000 906.080872 0.000000 0.965321 0.000000 -0.261067 0.305044 0.305044 0.305044
7160.123047 0.000000 907.093567 0.000000 0.654003 0.000000 0.756492 0.284900 0.284900 0.284900
7154.757324 0.000000 905.098206 0.000000 0.996851 0.000000 0.079303 0.295307 0.295307 0.295307
7157.412598 0.000000 906.546021 0.000000 0.992905 0.000000 -0.118908 0.302276 0.302276 0.302276
6733.646484 0.000000 1509.339966 0.000000 0.999257 0.000000 -0.038551 0.205609 0.205609 0.205609
6730.749023 0.000000 1510.786621 0.000000 0.860070 0.000000 -0.510176 0.251011 0.251011 0.251011
6733.152832 0.000000 1513.824829 0.000000 0.408093 0.000000 0.912940 0.229413 0.229413 0.229413
6740.862305 0.000000 1517.260742 0.000000 0.999994 0.000000 0.003515 0.247859 0.247859 0.247859
6743.931152 0.000000 1520.311035 0.000000 0.999963 0.000000 0.008599 0.239406 0.239406 0.239406
6743.550293 0.000000 1510.382690 0.000000 0.946425 0.000000 0.322923 0.256620 0.256620 0.256620
6726.227051 0.000000 1513.168701 0.000000 0.990177 0.000000 -0.139822 0.297852 0.297852 0.297852
6729.040527 0.000000 1510.118286 0.000000 0.841713 0.000000 -0.539926 0.310359 0.310359 0.310359
6741.837891 0.000000 1513.541016 0.000000 0.940578 0.000000 -0.339578 0.275054 0.275054 0.275054
6732.416504 0.000000 1510.511719 0.000000 0.834300 0.000000 0.551311 0.289373 0.289373 0.289373
6727.856445 0.000000 1513.275391 0.000000 0.568954 0.000000 0.822370 0.279454 0.279454 0.279454
6741.857422 0.000000 1518.180908 0.000000 0.572978 0.000000 0.819571 0.281653 0.281653 0.281653
7184.434082 0.000000 933.811157 0.000000 0.029128 0.000000 0.999576 0.270556 0.270556 0.270556
7184.003418 0.000000 931.052673 0.000000 0.475105 0.000000 0.879929 0.225698 0.225698 0.225698
7181.917480 0.000000 935.196228 0.000000 0.518734 0.000000 0.854935 0.258246 0.258246 0.258246
7185.981934 0.000000 933.662231 0.000000 0.991413 0.000000 -0.130766 0.302505 0.302505 0.302505
7185.019043 0.000000 932.367554 0.000000 0.263642 0.000000 0.964621 0.275095 0.275095 0.275095
7187.060547 0.000000 930.960571 0.000000 0.970132 0.000000 0.242579 0.295320 0.295320 0.295320
7450.616699 0.000000 909.959412 0.000000 0.976458 0.000000 0.215708 0.221298 0.221298 0.221298
7453.536621 0.000000 943.763123 0.000000 0.822111 0.000000 0.569327 0.212513 0.212513 0.212513
7450.132812 0.000000 938.201843 0.000000 0.585294 0.000000 0.810821 0.281941 0.281941 0.281941
7460.314453 0.000000 957.145874 0.000000 0.996369 0.000000 -0.085139 0.237001 0.237001 0.237001
7445.175293 0.000000 938.968018 0.000000 0.177001 0.000000 0.984211 0.275015 0.275015 0.275015
7447.654785 0.000000 937.405457 0.000000 0.970806 0.000000 -0.239866 0.304418 0.304418 0.304418
7461.505371 0.000000 959.437683 0.000000 0.940752 0.000000 0.339094 0.286006 0.286006 0.286006
7449.637695 0.000000 940.447388 0.000000 0.999998 0.000000 0.001806 0.299966 0.299966 0.299966
7451.789062 0.000000 938.929688 0.000000 0.819866 0.000000 -0.572556 0.311643 0.311643 0.311643
7446.760742 0.000000 912.954407 0.000000 0.404640 0.000000 0.914476 0.267627 0.267627 0.267627
7448.535645 0.000000 938.793579 0.000000 0.759820 0.000000 0.650133 0.286483 0.286483 0.286483
7448.837891 0.000000 941.861694 0.000000 0.943998 0.000000 -0.329952 0.306422 0.306422 0.306422
7446.663086 0.000000 938.641235 0.000000 0.985690 0.000000 -0.168566 0.303235 0.303235 0.303235
7460.175781 0.000000 958.664734 0.000000 0.908678 0.000000 -0.417497 0.298557 0.298557 0.298557
7444.371582 0.000000 940.288086 0.000000 0.879272 0.000000 0.476320 0.290518 0.290518 0.290518
7446.136230 0.000000 937.328613 0.000000 0.279009 0.000000 0.960288 0.276510 0.276510 0.276510
7462.916016 0.000000 959.697693 0.000000 0.421394 0.000000 0.906878 0.278308 0.278308 0.278308
7453.621094 0.000000 940.897400 0.000000 0.874425 0.000000 0.485160 0.290326 0.290326 0.290326
7458.074219 0.000000 965.754150 0.000000 0.949443 0.000000 0.313938 0.223648 0.223648 0.223648
7478.117188 0.000000 967.255798 0.000000 0.961396 0.000000 -0.275167 0.305324 0.305324 0.305324
7466.157715 0.000000 983.070618 0.000000 0.988388 0.000000 0.151953 0.297087 0.297087 0.297087
7454.227539 0.000000 964.791748 0.000000 0.520576 0.000000 0.853815 0.280457 0.280457 0.280457
7455.085938 0.000000 967.863220 0.000000 0.166410 0.000000 0.986057 0.234404 0.234404 0.234404
7476.969238 0.000000 964.592224 0.000000 0.950335 0.000000 0.311228 0.237261 0.237261 0.237261
7466.478516 0.000000 985.971497 0.000000 0.948680 0.000000 0.316239 0.293855 0.293855 0.293855
7455.881836 0.000000 962.883850 0.000000 0.956541 0.000000 -0.291597 0.294058 0.294058 0.294058
7468.304199 0.000000 983.933716 0.000000 0.954533 0.000000 -0.298106 0.305781 0.305781 0.305781
7472.094238 0.000000 977.343628 0.000000 0.748527 0.000000 0.663104 0.286154 0.286154 0.286154
7463.709473 0.000000 960.236633 0.000000 0.988333 0.000000 0.152306 0.281425 0.281425 0.281425
7456.870605 0.000000 967.479919 0.000000 0.995312 0.000000 -0.096718 0.301676 0.301676 0.301676
7467.594727 0.000000 982.634155 0.000000 0.918955 0.000000 -0.394363 0.307742 0.307742 0.307742
7467.860840 0.000000 985.540405 0.000000 0.302578 0.000000 0.953125 0.275871 0.275871 0.275871
7469.479492 0.000000 984.773987 0.000000 0.421255 0.000000 0.906942 0.278305 0.278305 0.278305
4828.282227 0.000000 2239.786621 0.000000 0.939870 0.000000 0.341532 0.210346 0.210346 0.210346
4846.271484 0.000000 2240.179199 0.000000 0.762525 0.000000 0.646959 0.286562 0.286562 0.286562
4851.720703 0.000000 2240.762451 0.000000 0.883096 0.000000 0.469191 0.290673 0.290673 0.290673
4831.949707 0.000000 2237.146729 0.000000 0.179599 0.000000 0.983740 0.273449 0.273449 0.273449
4841.396484 0.000000 2216.649414 0.000000 0.562852 0.000000 0.826558 0.279825 0.279825 0.279825
4832.344727 0.000000 2241.208252 0.000000 0.541429 0.000000 0.840746 0.218871 0.218871 0.218871
4844.817383 0.000000 2212.416504 0.000000 0.676829 0.000000 0.736140 0.234418 0.234418 0.234418
4833.456543 0.000000 2216.815430 0.000000 0.782999 0.000000 0.622022 0.226160 0.226160 0.226160
4848.763672 0.000000 2242.697021 0.000000 0.428115 0.000000 0.903724 0.278449 0.278449 0.278449
4829.536621 0.000000 2242.903809 0.000000 0.721707 0.000000 0.692199 0.234583 0.234583 0.234583
4826.132812 0.000000 2237.342529 0.000000 0.861660 0.000000 -0.507485 0.310166 0.310166 0.310166
4853.610352 0.000000 2238.383545 0.000000 0.466913 0.000000 0.884304 0.246549 0.246549 0.246549
4843.534668 0.000000 2218.880371 0.000000 0.823506 0.000000 0.567308 0.278209 0.278209 0.278209
4843.550781 0.000000 2209.690430 0.000000 0.995793 0.000000 -0.091632 0.301711 0.301711 0.301711
4840.221680 0.000000 2223.333984 0.000000 0.750892 0.000000 0.660425 0.235570 0.235570 0.235570
4830.841309 0.000000 2234.522705 0.000000 0.902593 0.000000 0.430494 0.292350 0.292350 0.292350
4842.549316 0.000000 2214.001953 0.000000 0.995571 0.000000 0.094011 0.298325 0.298325 0.298325
4842.452148 0.000000 2237.824707 0.000000 0.538303 0.000000 0.842751 0.280856 0.280856 0.280856
4827.115234 0.000000 2232.174316 0.000000 0.996675 0.000000 0.081476 0.298442 0.298442 0.298442
4849.258789 0.000000 2240.347656 0.000000 0.200287 0.000000 0.979737 0.273851 0.273851 0.273851
4843.536621 0.000000 2216.453613 0.000000 0.976713 0.000000 -0.214552 0.303863 0.303863 0.303863
4841.380859 0.000000 2218.838135 0.000000 0.999927 0.000000 -0.012083 0.300225 0.300225 0.300225
4846.922852 0.000000 2238.211914 0.000000 0.529624 0.000000 0.848233 0.280660 0.280660 0.280660
4860.194824 0.000000 2238.479736 0.000000 0.551921 0.000000 0.833896 0.261284 0.261284 0.261284
4844.434570 0.000000 2214.669434 0.000000 0.946872 0.000000 0.321612 0.256097 0.256097 0.256097
4826.051758 0.000000 2235.184814 0.000000 0.832516 0.000000 -0.554001 0.311214 0.311214 0.311214
4850.737793 0.000000 2236.388184 0.000000 0.992648 0.000000 -0.121035 0.302317 0.302317 0.302317
4843.248535 0.000000 2235.716553 0.000000 0.848319 0.000000 0.529485 0.256878 0.256878 0.256878
4832.410645 0.000000 2220.260254 0.000000 0.730921 0.000000 0.682462 0.286667 0.286667 0.286667
4847.125977 0.000000 2241.807861 0.000000 0.357607 0.000000 0.933872 0.276984 0.276984 0.276984
4858.464844 0.000000 2239.177979 0.000000 0.692458 0.000000 0.721458 0.284608 0.284608 0.284608
4843.041992 0.000000 2211.761475 0.000000 0.985617 0.000000 -0.168994 0.303243 0.303243 0.303243
4829.381836 0.000000 2233.485840 0.000000 0.955661 0.000000 -0.294468 0.270931 0.270931 0.270931
4840.804199 0.000000 2237.014893 0.000000 0.493730 0.000000 0.869615 0.279862 0.279862 0.279862
4840.327148 0.000000 2225.162598 0.000000 0.461822 0.000000 0.886973 0.247467 0.247467 0.247467
4857.096680 0.000000 2236.955566 0.000000 0.841119 0.000000 -0.540850 0.272778 0.272778 0.272778
4853.498535 0.000000 2240.366943 0.000000 0.510476 0.000000 0.859892 0.260586 0.260586 0.260586
4827.568359 0.000000 2236.298096 0.000000 0.948495 0.000000 0.316792 0.293844 0.293844 0.293844
4830.604492 0.000000 2236.170898 0.000000 0.902874 0.000000 0.429905 0.291513 0.291513 0.291513
4861.407227 0.000000 2240.274170 0.000000 0.159258 0.000000 0.987237 0.273055 0.273055 0.273055
4826.510254 0.000000 2233.683838 0.000000 0.249675 0.000000 0.968330 0.274819 0.274819 0.274819
4853.526855 0.000000 2236.826172 0.000000 0.595616 0.000000 0.803269 0.280000 0.280000 0.280000
4844.527832 0.000000 2210.874268 0.000000 0.827184 0.000000 -0.561931 0.311397 0.311397 0.311397
4842.500977 0.000000 2217.676270 0.000000 0.946986 0.000000 0.321275 0.294158 0.294158 0.294158
4847.751465 0.000000 2240.450684 0.000000 0.745515 0.000000 0.666489 0.286068 0.286068 0.286068
4826.272949 0.000000 2230.974121 0.000000 0.074248 0.000000 0.997240 0.271419 0.271419 0.271419
4845.321289 0.000000 2241.373535 0.000000 0.101668 0.000000 0.994818 0.271945 0.271945 0.271945
4842.270996 0.000000 2210.382324 0.000000 0.882509 0.000000 -0.470296 0.309351 0.309351 0.309351
4845.066406 0.000000 2208.489014 0.000000 0.203027 0.000000 0.979173 0.273905 0.273905 0.273905
4830.551758 0.000000 2237.645508 0.000000 0.949733 0.000000 0.313062 0.293919 0.293919 0.293919
4862.782227 0.000000 2240.910645 0.000000 0.592627 0.000000 0.805477 0.282115 0.282115 0.282115
4856.429688 0.000000 2240.085938 0.000000 0.450984 0.000000 0.892532 0.278936 0.278936 0.278936
4842.089355 0.000000 2236.503906 0.000000 0.939861 0.000000 0.341558 0.293343 0.293343 0.293343
4843.793457 0.000000 2237.546875 0.000000 0.885221 0.000000 0.465170 0.290760 0.290760 0.290760
4844.932129 0.000000 2240.079346 0.000000 0.868547 0.000000 0.495606 0.290097 0.290097 0.290097
4845.841309 0.000000 2211.214844 0.000000 0.821180 0.000000 0.570669 0.288401 0.288401 0.288401
4923.743652 0.000000 2140.649414 0.000000 0.948479 0.000000 -0.316840 0.260812 0.260812 0.260812
4928.073242 0.000000 2128.483398 0.000000 0.256072 0.000000 0.966658 0.200562 0.200562 0.200562
4930.892090 0.000000 2128.123047 0.000000 0.856064 0.000000 -0.516870 0.274187 0.274187 0.274187
4930.331055 0.000000 2129.867676 0.000000 0.823887 0.000000 -0.566754 0.274978 0.274978 0.274978
4911.844727 0.000000 2153.516602 0.000000 0.619819 0.000000 0.784745 0.222347 0.222347 0.222347
4914.317383 0.000000 2149.597412 0.000000 0.279734 0.000000 0.960077 0.225988 0.225988 0.225988
4897.496582 0.000000 2170.636963 0.000000 0.620680 0.000000 0.784064 0.235654 0.235654 0.235654
4916.885254 0.000000 2254.641846 0.000000 0.963994 0.000000 0.265923 0.279111 0.279111 0.279111
4867.716309 0.000000 2243.996826 0.000000 0.293661 0.000000 0.955910 0.271502 0.271502 0.271502
4902.465332 0.000000 2227.988281 0.000000 0.030151 0.000000 0.999545 0.197780 0.197780 0.197780
4902.192871 0.000000 2208.597412 0.000000 0.995784 0.000000 0.091731 0.283463 0.283463 0.283463
4864.073242 0.000000 2241.452148 0.000000 0.829234 0.000000 -0.558902 0.311327 0.311327 0.311327
4898.997070 0.000000 2258.854004 0.000000 0.997465 0.000000 -0.071153 0.228399 0.228399 0.228399
4905.927734 0.000000 2247.623779 0.000000 0.970473 0.000000 0.241209 0.224350 0.224350 0.224350
4893.536621 0.000000 2242.903809 0.000000 0.878283 0.000000 -0.478142 0.309073 0.309073 0.309073
4890.132812 0.000000 2237.342529 0.000000 0.733189 0.000000 0.680025 0.226449 0.226449 0.226449
4900.314453 0.000000 2256.286621 0.000000 0.881831 0.000000 -0.471565 0.227656 0.227656 0.227656
4866.892090 0.000000 2241.091797 0.000000 0.997849 0.000000 0.065554 0.298747 0.298747 0.298747
4890.516602 0.000000 2241.669434 0.000000 0.876474 0.000000 0.481450 0.244337 0.244337 0.244337
4885.389160 0.000000 2246.116455 0.000000 0.973703 0.000000 0.227819 0.292783 0.292783 0.292783
4898.794434 0.000000 2241.150146 0.000000 0.641661 0.000000 0.766988 0.283976 0.283976 0.283976
4879.784668 0.000000 2244.713379 0.000000 0.945854 0.000000 -0.324593 0.260332 0.260332 0.260332
4865.116211 0.000000 2239.389893 0.000000 0.708668 0.000000 0.705542 0.273351 0.273351 0.273351
4899.886719 0.000000 2233.515137 0.000000 0.848006 0.000000 0.529987 0.290231 0.290231 0.290231
4882.130371 0.000000 2247.983887 0.000000 0.970147 0.000000 0.242517 0.295744 0.295744 0.295744
4896.929688 0.000000 2259.368164 0.000000 0.195277 0.000000 0.980748 0.269387 0.269387 0.269387
4871.299805 0.000000 2243.628662 0.000000 0.998544 0.000000 0.053947 0.298969 0.298969 0.298969
4885.837891 0.000000 2247.837891 0.000000 0.199567 0.000000 0.979884 0.273660 0.273660 0.273660
4868.253418 0.000000 2242.256592 0.000000 0.868241 0.000000 0.496143 0.290085 0.290085 0.290085
4891.789062 0.000000 2238.070312 0.000000 0.691618 0.000000 0.722263 0.284586 0.284586 0.284586
4891.705566 0.000000 2242.929443 0.000000 0.603034 0.000000 0.797716 0.282362 0.282362 0.282362
4887.132812 0.000000 2240.839355 0.000000 0.802559 0.000000 0.596573 0.285916 0.285916 0.285916
4869.526367 0.000000 2243.956543 0.000000 0.979578 0.000000 -0.201065 0.303866 0.303866 0.303866
4889.412598 0.000000 2243.002197 0.000000 0.978402 0.000000 0.206710 0.296023 0.296023 0.296023
4868.650391 0.000000 2240.666748 0.000000 0.837152 0.000000 0.546971 0.289337 0.289337 0.289337
4891.274902 0.000000 2245.510498 0.000000 0.690446 0.000000 0.723384 0.284555 0.284555 0.284555
4878.479004 0.000000 2247.371338 0.000000 0.870852 0.000000 0.491545 0.290629 0.290629 0.290629
4865.437988 0.000000 2240.851318 0.000000 0.817930 0.000000 -0.575317 0.311707 0.311707 0.311707
4886.880859 0.000000 2243.453857 0.000000 0.908184 0.000000 0.418570 0.291752 0.291752 0.291752
4156.365723 0.000000 2544.524658 0.000000 0.854832 0.000000 -0.518905 0.249352 0.249352 0.249352
4151.474609 0.000000 2546.867432 0.000000 0.818204 0.000000 -0.574928 0.287083 0.287083 0.287083
4157.061035 0.000000 2542.353271 0.000000 0.954962 0.000000 -0.296728 0.305370 0.305370 0.305370
4155.459473 0.000000 2551.156982 0.000000 0.915611 0.000000 -0.402066 0.263685 0.263685 0.263685
4152.204590 0.000000 2552.057617 0.000000 0.291082 0.000000 0.956698 0.277695 0.277695 0.277695
4183.538086 0.000000 2578.083740 0.000000 0.960486 0.000000 -0.278329 0.202834 0.202834 0.202834
4184.763672 0.000000 2572.528076 0.000000 0.883752 0.000000 -0.467955 0.229959 0.229959 0.229959
4183.871582 0.000000 2581.277832 0.000000 0.916586 0.000000 -0.399839 0.228102 0.228102 0.228102
4167.324707 0.000000 2568.406982 0.000000 0.463240 0.000000 0.886233 0.229569 0.229569 0.229569
4171.910645 0.000000 2569.479736 0.000000 0.989794 0.000000 0.142508 0.257870 0.257870 0.257870
4195.886719 0.000000 2572.421387 0.000000 0.776111 0.000000 0.630596 0.254740 0.254740 0.254740
4193.051758 0.000000 2573.988281 0.000000 0.112125 0.000000 0.993694 0.225633 0.225633 0.225633
4160.060059 0.000000 2550.045166 0.000000 0.913606 0.000000 0.406600 0.271512 0.271512 0.271512
4175.615723 0.000000 2570.551270 0.000000 0.990266 0.000000 0.139186 0.294847 0.294847 0.294847
4448.909180 0.000000 2584.040283 0.000000 0.512256 0.000000 0.858833 0.207871 0.207871 0.207871
4463.152344 0.000000 2587.267578 0.000000 0.900681 0.000000 0.434482 0.242274 0.242274 0.242274
4442.771973 0.000000 2591.707275 0.000000 0.872661 0.000000 -0.488326 0.235450 0.235450 0.235450
4444.116211 0.000000 2597.212402 0.000000 0.436417 0.000000 0.899745 0.243649 0.243649 0.243649
4452.314453 0.000000 2595.192871 0.000000 0.173931 0.000000 0.984758 0.256381 0.256381 0.256381
4441.164062 0.000000 2597.656250 0.000000 0.957197 0.000000 0.289436 0.242942 0.242942 0.242942
4452.101074 0.000000 2589.658203 0.000000 0.794858 0.000000 0.606796 0.221615 0.221615 0.221615
4460.874023 0.000000 2586.786133 0.000000 0.756442 0.000000 0.654061 0.252274 0.252274 0.252274
4453.593262 0.000000 2584.007568 0.000000 0.991757 0.000000 0.128133 0.272413 0.272413 0.272413
4444.806641 0.000000 2592.159912 0.000000 0.842252 0.000000 -0.539085 0.287648 0.287648 0.287648
4440.941406 0.000000 2592.024658 0.000000 0.998311 0.000000 0.058105 0.296220 0.296220 0.296220
4452.916992 0.000000 2593.538086 0.000000 0.233985 0.000000 0.972240 0.256313 0.256313 0.256313
4446.198730 0.000000 2593.044922 0.000000 0.828268 0.000000 -0.560332 0.310625 0.310625 0.310625
4441.614258 0.000000 2593.532471 0.000000 0.151604 0.000000 0.988441 0.273306 0.273306 0.273306
4423.693359 0.000000 2630.113770 0.000000 0.866709 0.000000 -0.498815 0.226176 0.226176 0.226176
4452.590332 0.000000 2608.287842 0.000000 0.983967 0.000000 0.178353 0.235963 0.235963 0.235963
4438.003418 0.000000 2611.983643 0.000000 0.456839 0.000000 0.889549 0.280293 0.280293 0.280293
4447.085938 0.000000 2605.910156 0.000000 0.966064 0.000000 0.258303 0.210504 0.210504 0.210504
4455.443848 0.000000 2609.570557 0.000000 0.975358 0.000000 -0.220630 0.266469 0.266469 0.266469
4427.443359 0.000000 2628.268311 0.000000 0.367380 0.000000 0.930071 0.272770 0.272770 0.272770
4454.658203 0.000000 2606.502197 0.000000 0.626680 0.000000 0.779277 0.284608 0.284608 0.284608
4456.628906 0.000000 2604.421631 0.000000 0.034263 0.000000 0.999413 0.273474 0.273474 0.273474
4425.640137 0.000000 2631.508301 0.000000 0.509179 0.000000 0.860661 0.227107 0.227107 0.227107
4427.910645 0.000000 2625.964111 0.000000 0.419832 0.000000 0.907602 0.278275 0.278275 0.278275
4450.304199 0.000000 2614.381104 0.000000 0.921391 0.000000 0.388637 0.233153 0.233153 0.233153
4425.114258 0.000000 2628.395020 0.000000 0.498137 0.000000 0.867099 0.242015 0.242015 0.242015
4432.326660 0.000000 2620.948242 0.000000 0.965668 0.000000 -0.259778 0.282561 0.282561 0.282561
4454.302734 0.000000 2611.347900 0.000000 0.085073 0.000000 0.996375 0.236773 0.236773 0.236773
4439.989746 0.000000 2611.311035 0.000000 0.889434 0.000000 -0.457065 0.308533 0.308533 0.308533
4451.248535 0.000000 2612.642578 0.000000 0.848547 0.000000 0.529119 0.253197 0.253197 0.253197
4448.125000 0.000000 2607.423340 0.000000 0.861574 0.000000 -0.507632 0.309152 0.309152 0.309152
4446.747070 0.000000 2599.869385 0.000000 0.966029 0.000000 -0.258435 0.304992 0.304992 0.304992
4453.195312 0.000000 2606.873535 0.000000 0.571964 0.000000 0.820279 0.281629 0.281629 0.281629
4426.621582 0.000000 2625.497314 0.000000 0.919132 0.000000 -0.393949 0.307734 0.307734 0.307734
4762.840820 0.000000 2455.532471 0.000000 0.977291 0.000000 -0.211902 0.303750 0.303750 0.303750
4762.661621 0.000000 2450.265869 0.000000 0.927792 0.000000 0.373099 0.292698 0.292698 0.292698
4758.690430 0.000000 2456.844971 0.000000 0.837725 0.000000 0.546092 0.240829 0.240829 0.240829
4758.596680 0.000000 2449.359375 0.000000 0.828128 0.000000 0.560539 0.204628 0.204628 0.204628
4759.828125 0.000000 2453.004883 0.000000 0.979121 0.000000 0.203279 0.241191 0.241191 0.241191
4766.841309 0.000000 2460.460205 0.000000 0.698016 0.000000 0.716082 0.286280 0.286280 0.286280
4762.616211 0.000000 2452.910645 0.000000 0.316216 0.000000 0.948687 0.221952 0.221952 0.221952
4756.724609 0.000000 2458.528564 0.000000 0.822012 0.000000 -0.569470 0.271440 0.271440 0.271440
4765.193848 0.000000 2455.039307 0.000000 0.062256 0.000000 0.998060 0.232238 0.232238 0.232238
4760.281738 0.000000 2450.843262 0.000000 0.173907 0.000000 0.984762 0.273338 0.273338 0.273338
4764.897949 0.000000 2450.467041 0.000000 0.268953 0.000000 0.963153 0.277292 0.277292 0.277292
4758.347168 0.000000 2451.471680 0.000000 0.976664 0.000000 -0.214775 0.303948 0.303948 0.303948
4766.604492 0.000000 2462.108398 0.000000 0.998634 0.000000 0.052246 0.299098 0.299098 0.299098
4763.663086 0.000000 2451.623779 0.000000 0.081754 0.000000 0.996653 0.271563 0.271563 0.271563
4761.662598 0.000000 2451.623535 0.000000 0.539180 0.000000 0.842191 0.280876 0.280876 0.280876
4768.531738 0.000000 2452.015869 0.000000 0.994853 0.000000 0.101327 0.298061 0.298061 0.298061
4908.186523 0.000000 2307.083252 0.000000 0.697428 0.000000 0.716655 0.280202 0.280202 0.280202
4925.041992 0.000000 2315.033203 0.000000 0.950144 0.000000 0.311812 0.212235 0.212235 0.212235
4911.844727 0.000000 2266.485352 0.000000 0.698880 0.000000 0.715239 0.195730 0.195730 0.195730
4900.590332 0.000000 2269.381592 0.000000 0.693692 0.000000 0.720272 0.284641 0.284641 0.284641
4901.993652 0.000000 2288.938232 0.000000 0.986718 0.000000 0.162442 0.253212 0.253212 0.253212
4911.152344 0.000000 2304.845703 0.000000 0.967770 0.000000 0.251836 0.210558 0.210558 0.210558
4916.612793 0.000000 2275.086914 0.000000 0.942865 0.000000 -0.333176 0.290675 0.290675 0.290675
4907.534668 0.000000 2275.364746 0.000000 0.961154 0.000000 0.276013 0.294984 0.294984 0.294984
4922.107422 0.000000 2314.575439 0.000000 0.073541 0.000000 0.997292 0.222827 0.222827 0.222827
4906.478516 0.000000 2285.112061 0.000000 0.874820 0.000000 0.484448 0.228859 0.228859 0.228859
4908.193359 0.000000 2280.319580 0.000000 0.987367 0.000000 -0.158449 0.267928 0.267928 0.267928
4899.895020 0.000000 2271.888672 0.000000 0.999085 0.000000 -0.042758 0.259638 0.259638 0.259638
4900.193359 0.000000 2266.833984 0.000000 0.612213 0.000000 0.790693 0.242651 0.242651 0.242651
4924.341309 0.000000 2312.542725 0.000000 0.815502 0.000000 -0.578754 0.277566 0.277566 0.277566
4909.452148 0.000000 2287.944824 0.000000 0.981991 0.000000 0.188927 0.221544 0.221544 0.221544
4900.142090 0.000000 2259.470215 0.000000 0.879603 0.000000 -0.475709 0.234139 0.234139 0.234139
4895.881836 0.000000 2262.024414 0.000000 0.767835 0.000000 0.640647 0.250423 0.250423 0.250423
4908.304199 0.000000 2283.074463 0.000000 0.184343 0.000000 0.982862 0.229797 0.229797 0.229797
4892.903809 0.000000 2265.996338 0.000000 0.989113 0.000000 -0.147156 0.302550 0.302550 0.302550
4898.304199 0.000000 2275.474854 0.000000 0.615494 0.000000 0.788141 0.283886 0.283886 0.283886
4907.536621 0.000000 2272.937988 0.000000 0.109869 0.000000 0.993946 0.228486 0.228486 0.228486
4913.077637 0.000000 2291.762939 0.000000 0.813373 0.000000 0.581743 0.277932 0.277932 0.277932
4916.752441 0.000000 2305.772217 0.000000 0.993661 0.000000 0.112421 0.272637 0.272637 0.272637
4898.286621 0.000000 2263.002686 0.000000 0.190825 0.000000 0.981624 0.250945 0.250945 0.250945
4913.665527 0.000000 2288.137695 0.000000 0.148828 0.000000 0.988863 0.272853 0.272853 0.272853
4914.737793 0.000000 2292.872559 0.000000 0.991987 0.000000 0.126343 0.254206 0.254206 0.254206
4909.863281 0.000000 2306.192139 0.000000 0.602777 0.000000 0.797909 0.278160 0.278160 0.278160
4899.248535 0.000000 2273.736328 0.000000 0.992397 0.000000 0.123078 0.297805 0.297805 0.297805
4909.502441 0.000000 2281.735840 0.000000 0.952901 0.000000 -0.303282 0.269896 0.269896 0.269896
4905.028320 0.000000 2286.081787 0.000000 0.985417 0.000000 0.170158 0.296888 0.296888 0.296888
4901.573730 0.000000 2270.879150 0.000000 0.013830 0.000000 0.999904 0.270264 0.270264 0.270264
4900.465820 0.000000 2261.160889 0.000000 0.892167 0.000000 0.451706 0.286136 0.286136 0.286136
4898.940430 0.000000 2269.461426 0.000000 0.903184 0.000000 -0.429254 0.288154 0.288154 0.288154
4912.720703 0.000000 2289.418701 0.000000 0.955551 0.000000 0.294825 0.294284 0.294284 0.294284
4905.913086 0.000000 2276.769775 0.000000 0.469022 0.000000 0.883186 0.279324 0.279324 0.279324
4911.481934 0.000000 2306.933105 0.000000 0.937036 0.000000 -0.349234 0.306560 0.306560 0.306560
4906.500977 0.000000 2274.160645 0.000000 0.824820 0.000000 0.565396 0.289221 0.289221 0.289221
4899.868164 0.000000 2275.215820 0.000000 0.335091 0.000000 0.942186 0.278183 0.278183 0.278183
4898.394043 0.000000 2272.068115 0.000000 0.657114 0.000000 0.753791 0.284812 0.284812 0.284812
4893.555176 0.000000 2267.348145 0.000000 0.954789 0.000000 0.297285 0.294235 0.294235 0.294235
5098.622559 0.000000 2652.306396 0.000000 0.960640 0.000000 0.277795 0.277841 0.277841 0.277841
5103.961914 0.000000 2653.541260 0.000000 0.914540 0.000000 -0.404496 0.241534 0.241534 0.241534
5099.937012 0.000000 2654.708740 0.000000 0.310072 0.000000 0.950713 0.276021 0.276021 0.276021
5097.461914 0.000000 2653.880859 0.000000 0.989127 0.000000 0.147066 0.297247 0.297247 0.297247
5096.984863 0.000000 2652.504639 0.000000 0.974838 0.000000 0.222916 0.295808 0.295808 0.295808
5101.457031 0.000000 2658.979248 0.000000 0.677934 0.000000 0.735123 0.202837 0.202837 0.202837
5094.658203 0.000000 2662.986572 0.000000 0.999995 0.000000 0.003002 0.246745 0.246745 0.246745
5110.928223 0.000000 2671.650635 0.000000 0.976647 0.000000 0.214850 0.296205 0.296205 0.296205
5099.597168 0.000000 2656.790039 0.000000 0.994391 0.000000 -0.105769 0.283099 0.283099 0.283099
5096.628906 0.000000 2660.906006 0.000000 0.935351 0.000000 0.353722 0.293582 0.293582 0.293582
5108.127930 0.000000 2672.648193 0.000000 0.962769 0.000000 0.270326 0.294772 0.294772 0.294772
5102.326660 0.000000 2665.883789 0.000000 0.968808 0.000000 -0.247811 0.288144 0.288144 0.288144
5101.664062 0.000000 2661.761230 0.000000 0.752325 0.000000 0.658793 0.285085 0.285085 0.285085
5109.305176 0.000000 2668.416504 0.000000 0.964832 0.000000 -0.262866 0.303415 0.303415 0.303415
5107.156250 0.000000 2668.838623 0.000000 0.824360 0.000000 -0.566066 0.310996 0.310996 0.310996
5106.636719 0.000000 2665.219971 0.000000 0.126500 0.000000 0.991967 0.236798 0.236798 0.236798
5105.878906 0.000000 2667.109619 0.000000 0.563353 0.000000 0.826217 0.281429 0.281429 0.281429
5103.881836 0.000000 2667.498047 0.000000 0.963184 0.000000 -0.268843 0.260197 0.260197 0.260197
5106.463867 0.000000 2670.694092 0.000000 0.695660 0.000000 0.718371 0.248585 0.248585 0.248585
5111.633301 0.000000 2673.483398 0.000000 0.008557 0.000000 0.999963 0.270163 0.270163 0.270163
5099.041992 0.000000 2663.636475 0.000000 0.911931 0.000000 0.410343 0.257035 0.257035 0.257035
5111.988281 0.000000 2670.388916 0.000000 0.970388 0.000000 0.241551 0.295724 0.295724 0.295724
5109.702637 0.000000 2672.602539 0.000000 0.895185 0.000000 -0.445696 0.308823 0.308823 0.308823
5096.668945 0.000000 2659.418945 0.000000 0.993930 0.000000 -0.110015 0.302105 0.302105 0.302105
5179.742676 0.000000 2635.958252 0.000000 0.459908 0.000000 0.887967 0.239007 0.239007 0.239007
5137.116211 0.000000 2645.528809 0.000000 0.963817 0.000000 0.266565 0.294847 0.294847 0.294847
5149.536621 0.000000 2638.294434 0.000000 0.702601 0.000000 0.711584 0.260994 0.260994 0.260994
5135.660156 0.000000 2649.446533 0.000000 0.997217 0.000000 -0.074559 0.279805 0.279805 0.279805
5141.436035 0.000000 2649.579102 0.000000 0.997987 0.000000 0.063419 0.298788 0.298788 0.298788
5160.221680 0.000000 2618.724609 0.000000 0.142958 0.000000 0.989729 0.211905 0.211905 0.211905
5178.988770 0.000000 2631.915283 0.000000 0.928911 0.000000 0.370302 0.251141 0.251141 0.251141
5175.879395 0.000000 2641.476074 0.000000 0.956391 0.000000 -0.292091 0.220734 0.220734 0.220734
5145.164062 0.000000 2654.140625 0.000000 0.995814 0.000000 0.091407 0.270163 0.270163 0.270163
5158.386719 0.000000 2620.629395 0.000000 0.094546 0.000000 0.995520 0.255694 0.255694 0.255694
5139.100098 0.000000 2651.028076 0.000000 0.088064 0.000000 0.996115 0.271684 0.271684 0.271684
5164.193359 0.000000 2619.225830 0.000000 0.879686 0.000000 -0.475555 0.234138 0.234138 0.234138
5140.862305 0.000000 2646.948242 0.000000 0.971708 0.000000 -0.236185 0.304554 0.304554 0.304554
5142.697754 0.000000 2644.799805 0.000000 0.800914 0.000000 0.598779 0.287739 0.287739 0.287739
5165.452148 0.000000 2626.851074 0.000000 0.838849 0.000000 0.544364 0.264520 0.264520 0.264520
5141.389160 0.000000 2641.507080 0.000000 0.980810 0.000000 0.194965 0.296252 0.296252 0.296252
5172.503418 0.000000 2652.698730 0.000000 0.851586 0.000000 -0.524215 0.309877 0.309877 0.309877
5139.281738 0.000000 2653.935791 0.000000 0.966224 0.000000 0.257705 0.295022 0.295022 0.295022
5144.281738 0.000000 2620.296387 0.000000 0.627886 0.000000 0.778305 0.234736 0.234736 0.234736
5143.825684 0.000000 2652.201660 0.000000 0.967945 0.000000 0.251164 0.245570 0.245570 0.245570
5134.936035 0.000000 2644.853271 0.000000 0.874178 0.000000 -0.485605 0.259534 0.259534 0.259534
5160.507812 0.000000 2622.703613 0.000000 0.927678 0.000000 -0.373382 0.306692 0.306692 0.306692
5137.040527 0.000000 2650.816650 0.000000 0.445422 0.000000 0.895321 0.280104 0.280104 0.280104
5148.530762 0.000000 2639.956299 0.000000 0.748197 0.000000 0.663477 0.261915 0.261915 0.261915
5157.000000 0.000000 2632.962891 0.000000 0.972115 0.000000 0.234504 0.273064 0.273064 0.273064
5179.123047 0.000000 2637.707520 0.000000 0.993613 0.000000 0.112838 0.298048 0.298048 0.298048
5156.762207 0.000000 2619.786377 0.000000 0.907257 0.000000 0.420576 0.291710 0.291710 0.291710
5160.327148 0.000000 2620.553223 0.000000 0.984964 0.000000 0.172760 0.296684 0.296684 0.296684
5177.096680 0.000000 2632.346191 0.000000 0.550521 0.000000 0.834821 0.281134 0.281134 0.281134
5142.371582 0.000000 2651.107178 0.000000 0.781166 0.000000 0.624323 0.287350 0.287350 0.287350
5145.175293 0.000000 2640.650879 0.000000 0.890977 0.000000 0.454049 0.290999 0.290999 0.290999
5147.871582 0.000000 2618.348633 0.000000 0.181911 0.000000 0.983315 0.276144 0.276144 0.276144
5158.209961 0.000000 2631.781250 0.000000 0.917428 0.000000 -0.397903 0.304091 0.304091 0.304091
5137.633301 0.000000 2647.110107 0.000000 0.914965 0.000000 0.403534 0.292067 0.292067 0.292067
5139.981934 0.000000 2652.463379 0.000000 0.903113 0.000000 -0.429404 0.308477 0.308477 0.308477
5140.687500 0.000000 2650.984375 0.000000 0.364373 0.000000 0.931253 0.277123 0.277123 0.277123
5140.232910 0.000000 2640.400879 0.000000 0.292157 0.000000 0.956370 0.275662 0.275662 0.275662
5139.869141 0.000000 2649.600830 0.000000 0.638218 0.000000 0.769856 0.284371 0.284371 0.284371
5143.844727 0.000000 2645.801758 0.000000 0.997257 0.000000 -0.074018 0.301415 0.301415 0.301415
5162.833008 0.000000 2622.514160 0.000000 0.999999 0.000000 -0.001573 0.300029 0.300029 0.300029
5136.417480 0.000000 2644.152344 0.000000 0.069400 0.000000 0.997589 0.271327 0.271327 0.271327
5147.274902 0.000000 2640.901123 0.000000 0.840410 0.000000 0.541950 0.289061 0.289061 0.289061
5142.076660 0.000000 2640.067139 0.000000 0.432657 0.000000 0.901559 0.278545 0.278545 0.278545
5163.860840 0.000000 2623.587402 0.000000 0.998616 0.000000 0.052586 0.299019 0.299019 0.299019
5176.805176 0.000000 2637.795410 0.000000 0.998091 0.000000 -0.061757 0.301180 0.301180 0.301180
5138.552246 0.000000 2652.432129 0.000000 0.908343 0.000000 -0.418227 0.308241 0.308241 0.308241
5142.808594 0.000000 2641.300293 0.000000 0.996228 0.000000 -0.086778 0.301659 0.301659 0.301659
5177.143066 0.000000 2642.059814 0.000000 0.527452 0.000000 0.849585 0.281600 0.281600 0.281600
5173.732422 0.000000 2653.843506 0.000000 0.566500 0.000000 0.824062 0.282663 0.282663 0.282663
5165.479492 0.000000 2622.820801 0.000000 0.987531 0.000000 0.157423 0.297010 0.297010 0.297010
5176.429688 0.000000 2635.476562 0.000000 0.676307 0.000000 0.736620 0.284185 0.284185 0.284185
5159.443848 0.000000 2666.054932 0.000000 0.999894 0.000000 0.014590 0.262837 0.262837 0.262837
5163.534668 0.000000 2670.755371 0.000000 0.863053 0.000000 -0.505114 0.227414 0.227414 0.227414
5160.221680 0.000000 2675.208984 0.000000 0.847129 0.000000 -0.531387 0.310700 0.310700 0.310700
5128.260254 0.000000 2663.771240 0.000000 0.987074 0.000000 -0.160265 0.233221 0.233221 0.233221
5172.340820 0.000000 2655.101807 0.000000 0.979395 0.000000 -0.201955 0.255349 0.255349 0.255349
5155.895020 0.000000 2667.279297 0.000000 0.663880 0.000000 0.747839 0.262286 0.262286 0.262286
5139.922852 0.000000 2658.564941 0.000000 0.664093 0.000000 0.747650 0.238847 0.238847 0.238847
5128.000977 0.000000 2658.826904 0.000000 0.903429 0.000000 -0.428738 0.308197 0.308197 0.308197
5153.762695 0.000000 2666.134277 0.000000 0.744852 0.000000 0.667230 0.229227 0.229227 0.229227
5147.828125 0.000000 2658.804688 0.000000 0.964262 0.000000 -0.264950 0.305091 0.305091 0.305091
5148.903809 0.000000 2661.386963 0.000000 0.721187 0.000000 0.692741 0.286760 0.286760 0.286760
5166.967285 0.000000 2670.142578 0.000000 0.999658 0.000000 -0.026145 0.236400 0.236400 0.236400
5159.451172 0.000000 2669.761230 0.000000 0.419220 0.000000 0.907884 0.278262 0.278262 0.278262
5160.507812 0.000000 2679.187988 0.000000 0.789297 0.000000 0.614012 0.241457 0.241457 0.241457
5168.601562 0.000000 2659.607910 0.000000 0.717586 0.000000 0.696469 0.285285 0.285285 0.285285
5161.380859 0.000000 2670.713135 0.000000 0.824224 0.000000 -0.566264 0.295921 0.295921 0.295921
5158.302734 0.000000 2667.832275 0.000000 0.986959 0.000000 -0.160975 0.265111 0.265111 0.265111
5143.051758 0.000000 2657.813477 0.000000 0.827485 0.000000 0.561488 0.288614 0.288614 0.288614
5141.078125 0.000000 2656.893311 0.000000 0.144901 0.000000 0.989446 0.272777 0.272777 0.272777
5166.857422 0.000000 2660.269531 0.000000 0.043602 0.000000 0.999049 0.247524 0.247524 0.247524
5155.248535 0.000000 2669.126953 0.000000 0.875109 0.000000 -0.483926 0.298572 0.298572 0.298572
5160.686523 0.000000 2673.418701 0.000000 0.981710 0.000000 0.190381 0.257261 0.257261 0.257261
5161.984863 0.000000 2675.702148 0.000000 0.233159 0.000000 0.972439 0.274494 0.274494 0.274494
5169.127930 0.000000 2656.593506 0.000000 0.987297 0.000000 -0.158883 0.302832 0.302832 0.302832
5144.548340 0.000000 2656.822510 0.000000 0.978828 0.000000 -0.204684 0.303937 0.303937 0.303937
5130.945312 0.000000 2654.911865 0.000000 0.624687 0.000000 0.780875 0.269604 0.269604 0.269604
5146.472168 0.000000 2657.999268 0.000000 0.823295 0.000000 0.567614 0.288472 0.288472 0.288472
5129.455566 0.000000 2659.532715 0.000000 0.893790 0.000000 0.448485 0.291396 0.291396 0.291396
5159.754395 0.000000 2680.674072 0.000000 0.970252 0.000000 0.242098 0.295568 0.295568 0.295568
5146.266113 0.000000 2659.523682 0.000000 0.881570 0.000000 -0.472053 0.309334 0.309334 0.309334
5168.982910 0.000000 2658.196777 0.000000 0.968564 0.000000 0.248766 0.295199 0.295199 0.295199
5238.469238 0.000000 2664.919678 0.000000 0.989922 0.000000 0.141615 0.232479 0.232479 0.232479
5223.443848 0.000000 2666.054932 0.000000 0.574039 0.000000 0.818828 0.268644 0.268644 0.268644
5234.335449 0.000000 2675.658691 0.000000 0.937616 0.000000 -0.347672 0.262374 0.262374 0.262374
5219.895020 0.000000 2667.279297 0.000000 0.977699 0.000000 0.210012 0.269051 0.269051 0.269051
5220.193359 0.000000 2662.224609 0.000000 0.775120 0.000000 0.631814 0.252124 0.252124 0.252124
5238.928223 0.000000 2671.650635 0.000000 0.827506 0.000000 0.561457 0.271545 0.271545 0.271545
5220.534668 0.000000 2671.943604 0.000000 0.687594 0.000000 0.726095 0.266301 0.266301 0.266301
5236.127930 0.000000 2672.648193 0.000000 0.519714 0.000000 0.854340 0.233282 0.233282 0.233282
5225.380859 0.000000 2670.713135 0.000000 0.990361 0.000000 0.138510 0.255161 0.255161 0.255161
5241.361328 0.000000 2667.554932 0.000000 0.994137 0.000000 -0.108130 0.271225 0.271225 0.271225
5234.636719 0.000000 2665.219971 0.000000 0.999879 0.000000 0.015548 0.253316 0.253316 0.253316
5239.476074 0.000000 2666.660889 0.000000 0.997498 0.000000 -0.070690 0.259987 0.259987 0.259987
5223.815430 0.000000 2664.319336 0.000000 0.754302 0.000000 0.656527 0.261528 0.261528 0.261528
5285.084961 0.000000 2669.563232 0.000000 0.882299 0.000000 -0.470690 0.272889 0.272889 0.272889
5255.650879 0.000000 2672.252930 0.000000 0.728111 0.000000 0.685460 0.194909 0.194909 0.194909
5287.553711 0.000000 2671.968018 0.000000 0.168444 0.000000 0.985711 0.273232 0.273232 0.273232
5288.221680 0.000000 2675.208984 0.000000 0.821864 0.000000 -0.569684 0.258927 0.258927 0.258927
5256.162109 0.000000 2674.486328 0.000000 0.892689 0.000000 0.450674 0.241536 0.241536 0.241536
5282.304199 0.000000 2670.865479 0.000000 0.475636 0.000000 0.879642 0.252122 0.252122 0.252122
5286.058105 0.000000 2671.068115 0.000000 0.268434 0.000000 0.963298 0.275190 0.275190 0.275190
5432.579102 0.000000 2647.443604 0.000000 0.057974 0.000000 0.998318 0.215949 0.215949 0.215949
5439.022949 0.000000 2652.446777 0.000000 0.840720 0.000000 -0.541471 0.243726 0.243726 0.243726
5435.743652 0.000000 2649.008789 0.000000 0.776864 0.000000 0.629669 0.250600 0.250600 0.250600
5433.560059 0.000000 2648.925293 0.000000 0.885056 0.000000 -0.465484 0.286395 0.286395 0.286395
5457.653320 0.000000 2663.235107 0.000000 0.994136 0.000000 0.108136 0.214509 0.214509 0.214509
5450.448242 0.000000 2658.370605 0.000000 0.905828 0.000000 0.423645 0.217171 0.217171 0.217171
5446.297363 0.000000 2656.113770 0.000000 0.759637 0.000000 0.650347 0.225799 0.225799 0.225799
5448.000977 0.000000 2658.826904 0.000000 0.929118 0.000000 0.369783 0.275307 0.275307 0.275307
5481.380859 0.000000 2670.713135 0.000000 0.996699 0.000000 -0.081191 0.264074 0.264074 0.264074
5455.876465 0.000000 2663.213867 0.000000 0.144383 0.000000 0.989522 0.263902 0.263902 0.263902
5453.156250 0.000000 2663.702148 0.000000 0.029710 0.000000 0.999559 0.271375 0.271375 0.271375
5452.093750 0.000000 2662.853271 0.000000 0.537237 0.000000 0.843431 0.281358 0.281358 0.281358
5504.956543 0.000000 2752.369873 0.000000 0.938401 0.000000 0.345549 0.230922 0.230922 0.230922
5543.437012 0.000000 2738.631836 0.000000 0.905598 0.000000 0.424137 0.243474 0.243474 0.243474
5538.794434 0.000000 2749.509521 0.000000 0.520956 0.000000 0.853583 0.252318 0.252318 0.252318
5543.114258 0.000000 2741.704834 0.000000 0.360746 0.000000 0.932664 0.277049 0.277049 0.277049
5500.718750 0.000000 2865.450195 0.000000 0.926411 0.000000 -0.376513 0.253435 0.253435 0.253435
5495.879395 0.000000 2867.413574 0.000000 0.617418 0.000000 0.786636 0.257402 0.257402 0.257402
5492.600586 0.000000 2903.916992 0.000000 0.991361 0.000000 -0.131161 0.228965 0.228965 0.228965
5491.521484 0.000000 2908.711914 0.000000 0.540124 0.000000 0.841586 0.234555 0.234555 0.234555
5502.127441 0.000000 2898.143066 0.000000 0.364093 0.000000 0.931363 0.197427 0.197427 0.197427
5494.469238 0.000000 2890.857178 0.000000 0.734881 0.000000 0.678196 0.233753 0.233753 0.233753
5490.278320 0.000000 2911.412109 0.000000 0.138302 0.000000 0.990390 0.236463 0.236463 0.236463
5495.542480 0.000000 2903.833008 0.000000 0.544475 0.000000 0.838777 0.281294 0.281294 0.281294
5491.409180 0.000000 2906.189453 0.000000 0.995517 0.000000 -0.094583 0.233706 0.233706 0.233706
5496.357422 0.000000 2889.050049 0.000000 0.899687 0.000000 -0.436536 0.258290 0.258290 0.258290
5502.188965 0.000000 2895.777832 0.000000 0.590229 0.000000 0.807236 0.233198 0.233198 0.233198
5491.339844 0.000000 2915.992432 0.000000 0.822093 0.000000 0.569353 0.276610 0.276610 0.276610
5494.075195 0.000000 2902.248047 0.000000 0.974002 0.000000 0.226540 0.295704 0.295704 0.295704
5496.123047 0.000000 2884.046631 0.000000 0.916733 0.000000 -0.399501 0.295887 0.295887 0.295887
5494.093750 0.000000 2904.970459 0.000000 0.638708 0.000000 0.769449 0.271387 0.271387 0.271387
5494.518555 0.000000 2884.392090 0.000000 0.911263 0.000000 0.411824 0.292513 0.292513 0.292513
5513.640137 0.000000 2857.445801 0.000000 0.970434 0.000000 -0.241366 0.265596 0.265596 0.265596
5566.998535 0.000000 2848.200439 0.000000 0.882932 0.000000 -0.469501 0.268152 0.268152 0.268152
5513.114258 0.000000 2854.332520 0.000000 0.970144 0.000000 -0.242529 0.261013 0.261013 0.261013
5550.877930 0.000000 2877.642334 0.000000 0.241944 0.000000 0.970290 0.240616 0.240616 0.240616
5512.026367 0.000000 2878.673096 0.000000 0.639572 0.000000 0.768731 0.282430 0.282430 0.282430
5566.777344 0.000000 2844.646973 0.000000 0.587692 0.000000 0.809085 0.281998 0.281998 0.281998
5505.161133 0.000000 2863.498779 0.000000 0.981135 0.000000 0.193324 0.296284 0.296284 0.296284
5573.178223 0.000000 2849.588867 0.000000 0.998461 0.000000 -0.055452 0.221495 0.221495 0.221495
5569.439453 0.000000 2848.598145 0.000000 0.912248 0.000000 0.409638 0.231842 0.231842 0.231842
5570.523438 0.000000 2838.633545 0.000000 0.433389 0.000000 0.901207 0.247062 0.247062 0.247062
5570.200195 0.000000 2840.837891 0.000000 0.995119 0.000000 0.098686 0.262858 0.262858 0.262858
5571.273438 0.000000 2849.052002 0.000000 0.631141 0.000000 0.775668 0.283577 0.283577 0.283577
5558.469238 0.000000 2890.857178 0.000000 0.800846 0.000000 0.598870 0.249521 0.249521 0.249521
5553.495117 0.000000 2880.803223 0.000000 0.489973 0.000000 0.871738 0.265172 0.265172 0.265172
5512.000977 0.000000 2884.764404 0.000000 0.902488 0.000000 -0.430714 0.253528 0.253528 0.253528
5551.774902 0.000000 2899.891602 0.000000 0.956911 0.000000 -0.290380 0.260471 0.260471 0.260471
5508.386230 0.000000 2891.120117 0.000000 0.330662 0.000000 0.943749 0.237844 0.237844 0.237844
5552.094238 0.000000 2897.812500 0.000000 0.897794 0.000000 0.440416 0.249676 0.249676 0.249676
5558.014648 0.000000 2886.223145 0.000000 0.197701 0.000000 0.980262 0.273801 0.273801 0.273801
5559.597168 0.000000 2887.619385 0.000000 0.487720 0.000000 0.873000 0.279730 0.279730 0.279730
"}
object={
	name="cypress_mediterranean_sparse_generator_1_1"
	clamp_to_water_level=no
	render_under_water=no
	generated_content=yes
	layer="semidynamic"
	pdxmesh="tree_cypress_mediterranean_01_mesh"
	count=286
	transform="3969.469238 0.000000 2483.376221 0.000000 0.641510 0.000000 -0.767115 0.229887 0.229887 0.229887
3997.075928 0.000000 2481.228271 0.000000 0.764126 0.000000 -0.645066 0.313390 0.313390 0.313390
3955.915527 0.000000 2497.353760 0.000000 0.172511 0.000000 -0.985008 0.224469 0.224469 0.224469
3953.044678 0.000000 2533.996338 0.000000 0.381555 0.000000 -0.924346 0.208126 0.208126 0.208126
3952.446289 0.000000 2496.143311 0.000000 0.336855 0.000000 -0.941556 0.258652 0.258652 0.258652
3942.658447 0.000000 2493.533447 0.000000 0.726231 0.000000 -0.687451 0.228854 0.228854 0.228854
3951.560791 0.000000 2528.076172 0.000000 0.434814 0.000000 -0.900520 0.243195 0.243195 0.243195
3955.473145 0.000000 2525.690430 0.000000 0.084943 0.000000 -0.996386 0.308356 0.308356 0.308356
3950.914795 0.000000 2494.398193 0.000000 0.522386 0.000000 -0.852709 0.283050 0.283050 0.283050
3967.211670 0.000000 2496.144287 0.000000 0.641241 0.000000 -0.767340 0.316640 0.316640 0.316640
3953.047119 0.000000 2494.136963 0.000000 0.256542 0.000000 -0.966533 0.324014 0.324014 0.324014
4026.134033 0.000000 2512.776855 0.000000 0.012245 0.000000 -0.999925 0.272696 0.272696 0.272696
3977.095459 0.000000 2497.299805 0.000000 0.386793 0.000000 -0.922166 0.284487 0.284487 0.284487
4030.112061 0.000000 2529.231201 0.000000 0.679801 0.000000 -0.733397 0.217427 0.217427 0.217427
3968.173096 0.000000 2487.137207 0.000000 0.477753 0.000000 -0.878494 0.267510 0.267510 0.267510
4021.811279 0.000000 2526.611572 0.000000 0.556019 0.000000 -0.831169 0.216855 0.216855 0.216855
4027.742432 0.000000 2522.989502 0.000000 0.742456 0.000000 -0.669894 0.211966 0.211966 0.211966
4022.496338 0.000000 2514.621338 0.000000 0.362578 0.000000 -0.931953 0.307783 0.307783 0.307783
4023.033203 0.000000 2523.760498 0.000000 0.071513 0.000000 -0.997440 0.298702 0.298702 0.298702
3974.114014 0.000000 2524.270996 0.000000 0.800786 0.000000 -0.598951 0.274907 0.274907 0.274907
3977.349609 0.000000 2537.867676 0.000000 0.580818 0.000000 -0.814033 0.269128 0.269128 0.269128
3990.908936 0.000000 2496.312256 0.000000 0.199115 0.000000 -0.979976 0.256416 0.256416 0.256416
3995.921387 0.000000 2501.268311 0.000000 0.706028 0.000000 -0.708184 0.238720 0.238720 0.238720
4028.546387 0.000000 2513.252197 0.000000 0.806981 0.000000 -0.590577 0.312066 0.312066 0.312066
4025.397217 0.000000 2523.462891 0.000000 0.525937 0.000000 -0.850524 0.268699 0.268699 0.268699
4030.298584 0.000000 2534.783203 0.000000 0.515903 0.000000 -0.856647 0.305076 0.305076 0.305076
4017.077393 0.000000 2517.700439 0.000000 0.011880 0.000000 -0.999929 0.266852 0.266852 0.266852
3979.119385 0.000000 2538.931641 0.000000 0.210319 0.000000 -0.977633 0.312906 0.312906 0.312906
3988.110352 0.000000 2498.950195 0.000000 0.203059 0.000000 -0.979167 0.305863 0.305863 0.305863
3970.331055 0.000000 2525.258301 0.000000 0.166332 0.000000 -0.986070 0.294723 0.294723 0.294723
3968.096924 0.000000 2525.349854 0.000000 0.238772 0.000000 -0.971076 0.324499 0.324499 0.324499
4064.264404 0.000000 2507.180908 0.000000 0.646561 0.000000 -0.762862 0.265047 0.265047 0.265047
4032.290283 0.000000 2519.677734 0.000000 0.243634 0.000000 -0.969867 0.259095 0.259095 0.259095
4053.034912 0.000000 2526.029541 0.000000 0.625298 0.000000 -0.780386 0.247673 0.247673 0.247673
4048.020752 0.000000 2529.540771 0.000000 0.668628 0.000000 -0.743597 0.267742 0.267742 0.267742
4049.626221 0.000000 2490.521973 0.000000 0.160037 0.000000 -0.987111 0.326930 0.326930 0.326930
4037.003174 0.000000 2521.440430 0.000000 0.504113 0.000000 -0.863638 0.282714 0.282714 0.282714
4049.893799 0.000000 2498.627197 0.000000 0.026710 0.000000 -0.999643 0.221222 0.221222 0.221222
4048.913574 0.000000 2517.882568 0.000000 0.509879 0.000000 -0.860246 0.298901 0.298901 0.298901
4032.073242 0.000000 2523.874023 0.000000 0.721539 0.000000 -0.692373 0.208031 0.208031 0.208031
4055.827881 0.000000 2509.489258 0.000000 0.148530 0.000000 -0.988908 0.258883 0.258883 0.258883
4049.216553 0.000000 2525.193848 0.000000 0.628441 0.000000 -0.777857 0.248239 0.248239 0.248239
4060.683105 0.000000 2498.746338 0.000000 0.118255 0.000000 -0.992983 0.260497 0.260497 0.260497
4038.114014 0.000000 2524.270996 0.000000 0.457370 0.000000 -0.889277 0.242949 0.242949 0.242949
4034.892334 0.000000 2523.513672 0.000000 0.517446 0.000000 -0.855716 0.319305 0.319305 0.319305
4070.386963 0.000000 2507.660645 0.000000 0.355439 0.000000 -0.934699 0.271651 0.271651 0.271651
4034.786133 0.000000 2520.213135 0.000000 0.801392 0.000000 -0.598139 0.311885 0.311885 0.311885
4065.496826 0.000000 2509.543213 0.000000 0.633536 0.000000 -0.773713 0.283658 0.283658 0.283658
4058.002197 0.000000 2499.347900 0.000000 0.135459 0.000000 -0.990783 0.266718 0.266718 0.266718
4072.581299 0.000000 2515.576904 0.000000 0.311791 0.000000 -0.950151 0.255796 0.255796 0.255796
4045.897461 0.000000 2528.420410 0.000000 0.443259 0.000000 -0.896394 0.271103 0.271103 0.271103
4078.326416 0.000000 2496.430664 0.000000 0.059621 0.000000 -0.998221 0.276021 0.276021 0.276021
4083.156250 0.000000 2499.385498 0.000000 0.517241 0.000000 -0.855840 0.262007 0.262007 0.262007
4056.739258 0.000000 2513.881592 0.000000 0.149604 0.000000 -0.988746 0.282002 0.282002 0.282002
4081.878906 0.000000 2497.656494 0.000000 0.045744 0.000000 -0.998953 0.276192 0.276192 0.276192
4050.928467 0.000000 2526.217285 0.000000 0.393957 0.000000 -0.919129 0.271771 0.271771 0.271771
4036.837402 0.000000 2533.552246 0.000000 0.004709 0.000000 -0.999989 0.329910 0.329910 0.329910
4037.526123 0.000000 2526.378418 0.000000 0.342196 0.000000 -0.939629 0.299159 0.299159 0.299159
4069.219971 0.000000 2508.891846 0.000000 0.520934 0.000000 -0.853597 0.318309 0.318309 0.318309
4038.216797 0.000000 2532.544434 0.000000 0.672560 0.000000 -0.740042 0.289687 0.289687 0.289687
4035.459473 0.000000 2521.828857 0.000000 0.194588 0.000000 -0.980885 0.325487 0.325487 0.325487
4076.179932 0.000000 2488.735596 0.000000 0.753090 0.000000 -0.657918 0.308683 0.308683 0.308683
7146.699707 0.000000 887.644409 0.000000 0.281058 0.000000 -0.959691 0.301406 0.301406 0.301406
7147.827148 0.000000 885.452393 0.000000 0.305538 0.000000 -0.952180 0.315839 0.315839 0.315839
7150.922852 0.000000 882.586914 0.000000 0.214117 0.000000 -0.976808 0.281151 0.281151 0.281151
7220.340820 0.000000 678.148560 0.000000 0.373200 0.000000 -0.927751 0.268270 0.268270 0.268270
7218.757324 0.000000 679.160706 0.000000 0.126519 0.000000 -0.991964 0.295295 0.295295 0.295295
7247.660156 0.000000 728.977783 0.000000 0.211218 0.000000 -0.977439 0.288267 0.288267 0.288267
7247.977051 0.000000 726.879578 0.000000 0.076693 0.000000 -0.997055 0.288817 0.288817 0.288817
7258.616699 0.000000 740.506287 0.000000 0.527840 0.000000 -0.849344 0.317594 0.317594 0.317594
7254.003418 0.000000 747.999268 0.000000 0.363883 0.000000 -0.931445 0.321900 0.321900 0.321900
7260.263672 0.000000 743.592896 0.000000 0.630430 0.000000 -0.776246 0.240920 0.240920 0.240920
7259.648926 0.000000 741.730347 0.000000 0.026492 0.000000 -0.999649 0.326776 0.326776 0.326776
7336.272949 0.000000 784.512512 0.000000 0.548800 0.000000 -0.835954 0.278279 0.278279 0.278279
7253.428223 0.000000 823.128906 0.000000 0.212636 0.000000 -0.977131 0.208975 0.208975 0.208975
7238.798828 0.000000 805.048218 0.000000 0.735523 0.000000 -0.677500 0.233517 0.233517 0.233517
7242.422852 0.000000 814.528809 0.000000 0.474958 0.000000 -0.880008 0.271288 0.271288 0.271288
7271.437012 0.000000 818.163147 0.000000 0.408079 0.000000 -0.912947 0.320206 0.320206 0.320206
7240.000977 0.000000 794.842468 0.000000 0.218739 0.000000 -0.975783 0.272762 0.272762 0.272762
7253.939941 0.000000 816.114685 0.000000 0.283720 0.000000 -0.958907 0.259902 0.259902 0.259902
7243.631836 0.000000 807.297546 0.000000 0.216597 0.000000 -0.976261 0.325830 0.325830 0.325830
7242.587402 0.000000 804.061584 0.000000 0.252149 0.000000 -0.967688 0.319362 0.319362 0.319362
7250.017090 0.000000 814.565979 0.000000 0.306583 0.000000 -0.951844 0.322776 0.322776 0.322776
7244.231934 0.000000 793.617798 0.000000 0.262011 0.000000 -0.965065 0.295261 0.295261 0.295261
7243.004883 0.000000 816.601196 0.000000 0.772566 0.000000 -0.634935 0.313035 0.313035 0.313035
7242.685059 0.000000 792.744507 0.000000 0.068494 0.000000 -0.997652 0.328691 0.328691 0.328691
7253.357910 0.000000 814.673889 0.000000 0.019938 0.000000 -0.999801 0.329619 0.329619 0.329619
7242.621582 0.000000 817.997437 0.000000 0.799110 0.000000 -0.601184 0.312222 0.312222 0.312222
7281.916504 0.000000 865.055603 0.000000 0.038799 0.000000 -0.999247 0.214818 0.214818 0.214818
7312.434082 0.000000 820.842407 0.000000 0.667132 0.000000 -0.744940 0.314509 0.314509 0.314509
7318.909180 0.000000 858.265442 0.000000 0.128050 0.000000 -0.991768 0.296576 0.296576 0.296576
7320.170898 0.000000 858.766479 0.000000 0.531343 0.000000 -0.847157 0.319301 0.319301 0.319301
7156.340820 0.000000 904.086060 0.000000 0.583772 0.000000 -0.811917 0.259857 0.259857 0.259857
7154.542480 0.000000 909.548523 0.000000 0.695911 0.000000 -0.718128 0.308846 0.308846 0.308846
7165.061035 0.000000 904.306335 0.000000 0.558149 0.000000 -0.829741 0.316895 0.316895 0.316895
7155.249023 0.000000 908.160217 0.000000 0.709660 0.000000 -0.704544 0.308525 0.308525 0.308525
6733.897461 0.000000 1511.701660 0.000000 0.713646 0.000000 -0.700507 0.314125 0.314125 0.314125
6729.185059 0.000000 1512.128906 0.000000 0.754168 0.000000 -0.656681 0.268650 0.268650 0.268650
6740.429199 0.000000 1518.616455 0.000000 0.581106 0.000000 -0.813828 0.318157 0.318157 0.318157
7182.124512 0.000000 932.758789 0.000000 0.309900 0.000000 -0.950769 0.218985 0.218985 0.218985
7189.939941 0.000000 929.083435 0.000000 0.299716 0.000000 -0.954029 0.324187 0.324187 0.324187
7190.645996 0.000000 934.415771 0.000000 0.065828 0.000000 -0.997831 0.328742 0.328742 0.328742
7190.347168 0.000000 926.393677 0.000000 0.406379 0.000000 -0.913705 0.311496 0.311496 0.311496
7183.572266 0.000000 935.349854 0.000000 0.106908 0.000000 -0.994269 0.327954 0.327954 0.327954
7191.875000 0.000000 935.825806 0.000000 0.258587 0.000000 -0.965988 0.325005 0.325005 0.325005
7448.982910 0.000000 907.623901 0.000000 0.501354 0.000000 -0.865242 0.225899 0.225899 0.225899
7445.228027 0.000000 941.655151 0.000000 0.603675 0.000000 -0.797230 0.317622 0.317622 0.317622
7462.249512 0.000000 957.442200 0.000000 0.796346 0.000000 -0.604841 0.302094 0.302094 0.302094
7473.916504 0.000000 978.024353 0.000000 0.522282 0.000000 -0.852773 0.319505 0.319505 0.319505
7470.917969 0.000000 981.549133 0.000000 0.713348 0.000000 -0.700810 0.206330 0.206330 0.206330
7460.142090 0.000000 960.329590 0.000000 0.255266 0.000000 -0.966871 0.292788 0.292788 0.292788
7471.774902 0.000000 979.422913 0.000000 0.003625 0.000000 -0.999993 0.257232 0.257232 0.257232
7455.953125 0.000000 965.909546 0.000000 0.410958 0.000000 -0.911654 0.321912 0.321912 0.321912
7474.463867 0.000000 976.162720 0.000000 0.007586 0.000000 -0.999971 0.328392 0.328392 0.328392
7464.327148 0.000000 982.506226 0.000000 0.334630 0.000000 -0.942350 0.323483 0.323483 0.323483
7469.502441 0.000000 982.595154 0.000000 0.476673 0.000000 -0.879081 0.320511 0.320511 0.320511
7473.404785 0.000000 979.692505 0.000000 0.438812 0.000000 -0.898579 0.321324 0.321324 0.321324
7458.527344 0.000000 967.341919 0.000000 0.483599 0.000000 -0.875290 0.301881 0.301881 0.301881
7466.833008 0.000000 984.467163 0.000000 0.782889 0.000000 -0.622162 0.312825 0.312825 0.312825
7479.597168 0.000000 967.150574 0.000000 0.730053 0.000000 -0.683391 0.314370 0.314370 0.314370
7472.912598 0.000000 976.047424 0.000000 0.574509 0.000000 -0.818498 0.318312 0.318312 0.318312
4827.974121 0.000000 2234.620117 0.000000 0.763737 0.000000 -0.645528 0.313402 0.313402 0.313402
4859.742676 0.000000 2240.567627 0.000000 0.803213 0.000000 -0.595691 0.312187 0.312187 0.312187
4855.033203 0.000000 2241.338623 0.000000 0.371047 0.000000 -0.928614 0.322740 0.322740 0.322740
4829.260254 0.000000 2237.159912 0.000000 0.348863 0.000000 -0.937174 0.316366 0.316366 0.316366
4862.888184 0.000000 2239.515625 0.000000 0.022511 0.000000 -0.999747 0.329570 0.329570 0.329570
4830.667969 0.000000 2239.271973 0.000000 0.365831 0.000000 -0.930681 0.322623 0.322623 0.322623
4857.397461 0.000000 2241.041016 0.000000 0.616859 0.000000 -0.787074 0.317304 0.317304 0.317304
4831.885254 0.000000 2222.080811 0.000000 0.775686 0.000000 -0.631120 0.263428 0.263428 0.263428
4847.221680 0.000000 2236.189209 0.000000 0.400138 0.000000 -0.916455 0.322138 0.322138 0.322138
4844.435059 0.000000 2238.865723 0.000000 0.064999 0.000000 -0.997885 0.290936 0.290936 0.290936
4831.716309 0.000000 2243.341309 0.000000 0.479160 0.000000 -0.877728 0.279972 0.279972 0.279972
4845.664062 0.000000 2209.886230 0.000000 0.006256 0.000000 -0.999980 0.329881 0.329881 0.329881
4850.333496 0.000000 2241.827148 0.000000 0.763102 0.000000 -0.646278 0.313421 0.313421 0.313421
4842.243164 0.000000 2208.775635 0.000000 0.754907 0.000000 -0.655832 0.313340 0.313340 0.313340
4830.637207 0.000000 2221.059570 0.000000 0.513631 0.000000 -0.858011 0.319698 0.319698 0.319698
4842.374023 0.000000 2215.535400 0.000000 0.033303 0.000000 -0.999445 0.327349 0.327349 0.327349
4827.789062 0.000000 2233.311523 0.000000 0.637036 0.000000 -0.770834 0.316810 0.316810 0.316810
4926.830566 0.000000 2137.156982 0.000000 0.141817 0.000000 -0.989893 0.231647 0.231647 0.231647
4896.693359 0.000000 2198.394531 0.000000 0.239651 0.000000 -0.970859 0.288511 0.288511 0.288511
4880.020996 0.000000 2247.118896 0.000000 0.556670 0.000000 -0.830734 0.300560 0.300560 0.300560
4898.074219 0.000000 2208.410400 0.000000 0.139309 0.000000 -0.990249 0.242424 0.242424 0.242424
4873.163574 0.000000 2242.191406 0.000000 0.133252 0.000000 -0.991082 0.327447 0.327447 0.327447
4887.871582 0.000000 2242.371582 0.000000 0.226349 0.000000 -0.974046 0.325639 0.325639 0.325639
4896.693359 0.000000 2254.878906 0.000000 0.255244 0.000000 -0.966877 0.286366 0.286366 0.286366
4870.113770 0.000000 2241.849121 0.000000 0.398754 0.000000 -0.917058 0.236140 0.236140 0.236140
4900.845703 0.000000 2248.870605 0.000000 0.017731 0.000000 -0.999843 0.287647 0.287647 0.287647
4892.530762 0.000000 2244.565674 0.000000 0.262378 0.000000 -0.964965 0.324930 0.324930 0.324930
4866.331055 0.000000 2242.836426 0.000000 0.194858 0.000000 -0.980831 0.314466 0.314466 0.314466
4889.175293 0.000000 2245.260254 0.000000 0.595945 0.000000 -0.803025 0.317807 0.317807 0.317807
4886.173340 0.000000 2242.232178 0.000000 0.089715 0.000000 -0.995968 0.328284 0.328284 0.328284
4884.010742 0.000000 2247.099854 0.000000 0.677238 0.000000 -0.735764 0.310507 0.310507 0.310507
4892.480469 0.000000 2241.451660 0.000000 0.260182 0.000000 -0.965560 0.324973 0.324973 0.324973
4890.960938 0.000000 2239.178955 0.000000 0.772033 0.000000 -0.635583 0.313154 0.313154 0.313154
4893.621094 0.000000 2240.038086 0.000000 0.783746 0.000000 -0.621082 0.312798 0.312798 0.312798
4151.010742 0.000000 2540.265381 0.000000 0.665727 0.000000 -0.746196 0.291663 0.291663 0.291663
4148.612793 0.000000 2557.508789 0.000000 0.733615 0.000000 -0.679566 0.226966 0.226966 0.226966
4148.969238 0.000000 2546.154785 0.000000 0.395501 0.000000 -0.918466 0.247351 0.247351 0.247351
4146.542480 0.000000 2547.595459 0.000000 0.060699 0.000000 -0.998156 0.296234 0.296234 0.296234
4150.278809 0.000000 2541.828857 0.000000 0.663730 0.000000 -0.747972 0.291703 0.291703 0.291703
4174.124512 0.000000 2570.805664 0.000000 0.434071 0.000000 -0.900879 0.316093 0.316093 0.316093
4183.654785 0.000000 2575.452393 0.000000 0.782730 0.000000 -0.622362 0.238794 0.238794 0.238794
4176.434082 0.000000 2571.858154 0.000000 0.122347 0.000000 -0.992487 0.320930 0.320930 0.320930
4179.150879 0.000000 2575.558350 0.000000 0.110410 0.000000 -0.993886 0.243336 0.243336 0.243336
4182.663086 0.000000 2576.688232 0.000000 0.169734 0.000000 -0.985490 0.313572 0.313572 0.313572
4177.981934 0.000000 2571.708984 0.000000 0.693817 0.000000 -0.720151 0.310125 0.310125 0.310125
4444.282227 0.000000 2578.692871 0.000000 0.310447 0.000000 -0.950591 0.321856 0.321856 0.321856
4466.281250 0.000000 2584.865967 0.000000 0.299490 0.000000 -0.954099 0.226518 0.226518 0.226518
4473.729980 0.000000 2582.586426 0.000000 0.795693 0.000000 -0.605700 0.235616 0.235616 0.235616
4441.924805 0.000000 2595.037354 0.000000 0.309223 0.000000 -0.950990 0.252680 0.252680 0.252680
4447.273438 0.000000 2596.673340 0.000000 0.026549 0.000000 -0.999647 0.329493 0.329493 0.329493
4452.176270 0.000000 2585.816406 0.000000 0.785549 0.000000 -0.618800 0.283662 0.283662 0.283662
4454.643555 0.000000 2593.499023 0.000000 0.676682 0.000000 -0.736275 0.315805 0.315805 0.315805
4448.693359 0.000000 2593.785156 0.000000 0.168798 0.000000 -0.985651 0.237085 0.237085 0.237085
4445.075684 0.000000 2594.197021 0.000000 0.589212 0.000000 -0.807979 0.236556 0.236556 0.236556
4446.662598 0.000000 2587.987305 0.000000 0.504188 0.000000 -0.863594 0.268387 0.268387 0.268387
4449.210938 0.000000 2591.239746 0.000000 0.806230 0.000000 -0.591602 0.292794 0.292794 0.292794
4454.352539 0.000000 2590.985352 0.000000 0.570806 0.000000 -0.821085 0.317424 0.317424 0.317424
4444.691406 0.000000 2589.889160 0.000000 0.771533 0.000000 -0.636190 0.312498 0.312498 0.312498
4458.151367 0.000000 2584.308350 0.000000 0.140578 0.000000 -0.990070 0.324736 0.324736 0.324736
4447.859863 0.000000 2589.630371 0.000000 0.499620 0.000000 -0.866245 0.289041 0.289041 0.289041
4454.151855 0.000000 2582.120605 0.000000 0.533778 0.000000 -0.845625 0.292847 0.292847 0.292847
4461.863281 0.000000 2588.614014 0.000000 0.464245 0.000000 -0.885707 0.292128 0.292128 0.292128
4459.631348 0.000000 2585.346680 0.000000 0.682567 0.000000 -0.730823 0.314179 0.314179 0.314179
4443.848633 0.000000 2595.456055 0.000000 0.084724 0.000000 -0.996405 0.299166 0.299166 0.299166
4452.710938 0.000000 2591.293457 0.000000 0.552482 0.000000 -0.833525 0.306270 0.306270 0.306270
4455.682617 0.000000 2590.047852 0.000000 0.411528 0.000000 -0.911397 0.320740 0.320740 0.320740
4445.439453 0.000000 2588.683594 0.000000 0.271547 0.000000 -0.962425 0.323486 0.323486 0.323486
4441.550293 0.000000 2609.882568 0.000000 0.122442 0.000000 -0.992476 0.227398 0.227398 0.227398
4425.424316 0.000000 2626.155029 0.000000 0.622471 0.000000 -0.782643 0.259914 0.259914 0.259914
4446.227539 0.000000 2602.838623 0.000000 0.566366 0.000000 -0.824154 0.219788 0.219788 0.219788
4428.652344 0.000000 2623.708008 0.000000 0.456906 0.000000 -0.889515 0.250380 0.250380 0.250380
4449.860352 0.000000 2607.022461 0.000000 0.631682 0.000000 -0.775227 0.315248 0.315248 0.315248
4426.422852 0.000000 2622.028809 0.000000 0.526572 0.000000 -0.850131 0.241556 0.241556 0.241556
4445.269531 0.000000 2600.440674 0.000000 0.685025 0.000000 -0.728520 0.267468 0.267468 0.267468
4429.917480 0.000000 2629.727539 0.000000 0.728223 0.000000 -0.685340 0.273374 0.273374 0.273374
4444.442383 0.000000 2598.298584 0.000000 0.298846 0.000000 -0.954301 0.297274 0.297274 0.297274
4426.324219 0.000000 2629.774658 0.000000 0.645354 0.000000 -0.763883 0.306265 0.306265 0.306265
4448.870605 0.000000 2605.526855 0.000000 0.498351 0.000000 -0.866975 0.318268 0.318268 0.318268
4455.815430 0.000000 2607.834961 0.000000 0.592651 0.000000 -0.805459 0.316131 0.316131 0.316131
4427.004883 0.000000 2624.101318 0.000000 0.808224 0.000000 -0.588875 0.312026 0.312026 0.312026
4767.949707 0.000000 2463.084229 0.000000 0.567152 0.000000 -0.823613 0.316707 0.316707 0.316707
4765.234863 0.000000 2452.536865 0.000000 0.416970 0.000000 -0.908920 0.321786 0.321786 0.321786
4765.260254 0.000000 2463.097412 0.000000 0.394989 0.000000 -0.918686 0.321809 0.321809 0.321809
4769.496582 0.000000 2453.058838 0.000000 0.081087 0.000000 -0.996707 0.328450 0.328450 0.328450
4756.387207 0.000000 2455.625244 0.000000 0.013467 0.000000 -0.999909 0.242981 0.242981 0.242981
4767.429199 0.000000 2452.756348 0.000000 0.001452 0.000000 -0.999999 0.329913 0.329913 0.329913
4769.556152 0.000000 2455.502441 0.000000 0.507677 0.000000 -0.861547 0.283908 0.283908 0.283908
4894.227539 0.000000 2263.932373 0.000000 0.203243 0.000000 -0.979128 0.276159 0.276159 0.276159
4898.139648 0.000000 2261.101318 0.000000 0.618478 0.000000 -0.785802 0.315775 0.315775 0.315775
4919.879395 0.000000 2302.569824 0.000000 0.697839 0.000000 -0.716254 0.228613 0.228613 0.228613
4900.294922 0.000000 2263.031738 0.000000 0.540774 0.000000 -0.841168 0.280268 0.280268 0.280268
4911.560547 0.000000 2302.138672 0.000000 0.068330 0.000000 -0.997663 0.262336 0.262336 0.262336
4918.928223 0.000000 2276.260010 0.000000 0.054742 0.000000 -0.998501 0.263778 0.263778 0.263778
4908.263184 0.000000 2309.550049 0.000000 0.571168 0.000000 -0.820833 0.250825 0.250825 0.250825
4895.885254 0.000000 2278.565186 0.000000 0.277075 0.000000 -0.960848 0.324638 0.324638 0.324638
4908.874023 0.000000 2304.364258 0.000000 0.616805 0.000000 -0.787116 0.279024 0.279024 0.279024
4899.886719 0.000000 2289.999512 0.000000 0.687508 0.000000 -0.726177 0.259530 0.259530 0.259530
4918.075195 0.000000 2280.919922 0.000000 0.284306 0.000000 -0.958734 0.309738 0.309738 0.309738
4895.953125 0.000000 2265.050293 0.000000 0.795057 0.000000 -0.606535 0.268438 0.268438 0.268438
4907.705078 0.000000 2286.762695 0.000000 0.605395 0.000000 -0.795925 0.295913 0.295913 0.295913
4920.590820 0.000000 2313.285645 0.000000 0.213168 0.000000 -0.977016 0.324882 0.324882 0.324882
4917.692383 0.000000 2271.110107 0.000000 0.186444 0.000000 -0.982466 0.325486 0.325486 0.325486
4917.498535 0.000000 2296.851318 0.000000 0.707980 0.000000 -0.706233 0.300593 0.300593 0.300593
5095.590820 0.000000 2658.380859 0.000000 0.057509 0.000000 -0.998345 0.328901 0.328901 0.328901
5103.774902 0.000000 2673.954102 0.000000 0.564779 0.000000 -0.825242 0.309161 0.309161 0.309161
5099.779785 0.000000 2659.747070 0.000000 0.694686 0.000000 -0.719313 0.298433 0.298433 0.298433
5095.286133 0.000000 2661.587891 0.000000 0.243217 0.000000 -0.969972 0.324365 0.324365 0.324365
5176.851562 0.000000 2629.893555 0.000000 0.060051 0.000000 -0.998195 0.227284 0.227284 0.227284
5138.867188 0.000000 2641.245117 0.000000 0.773610 0.000000 -0.633662 0.279710 0.279710 0.279710
5180.718750 0.000000 2639.512695 0.000000 0.253217 0.000000 -0.967410 0.251398 0.251398 0.251398
5134.452148 0.000000 2653.875977 0.000000 0.800802 0.000000 -0.598929 0.234942 0.234942 0.234942
5153.496582 0.000000 2622.511963 0.000000 0.559189 0.000000 -0.829040 0.304889 0.304889 0.304889
5166.630859 0.000000 2622.057861 0.000000 0.702036 0.000000 -0.712141 0.247209 0.247209 0.247209
5158.985352 0.000000 2630.145752 0.000000 0.705893 0.000000 -0.708318 0.310456 0.310456 0.310456
5177.397461 0.000000 2636.431641 0.000000 0.804878 0.000000 -0.593441 0.312134 0.312134 0.312134
5154.794434 0.000000 2636.540771 0.000000 0.449313 0.000000 -0.893374 0.321100 0.321100 0.321100
5143.550293 0.000000 2640.070312 0.000000 0.082992 0.000000 -0.996550 0.328413 0.328413 0.328413
5135.977051 0.000000 2647.348389 0.000000 0.018877 0.000000 -0.999822 0.260945 0.260945 0.260945
5157.382812 0.000000 2625.863281 0.000000 0.116747 0.000000 -0.993162 0.323006 0.323006 0.323006
5148.897949 0.000000 2619.920166 0.000000 0.471073 0.000000 -0.882094 0.284480 0.284480 0.284480
5145.195312 0.000000 2643.856934 0.000000 0.713716 0.000000 -0.700435 0.263340 0.263340 0.263340
5139.139160 0.000000 2645.945068 0.000000 0.673028 0.000000 -0.739617 0.260366 0.260366 0.260366
5176.393555 0.000000 2643.407959 0.000000 0.800225 0.000000 -0.599699 0.311657 0.311657 0.311657
5147.705566 0.000000 2638.320068 0.000000 0.702249 0.000000 -0.711932 0.315131 0.315131 0.315131
5177.390625 0.000000 2640.688477 0.000000 0.661071 0.000000 -0.750324 0.288068 0.288068 0.288068
5157.219727 0.000000 2621.860596 0.000000 0.190697 0.000000 -0.981649 0.326336 0.326336 0.326336
5137.270508 0.000000 2649.098877 0.000000 0.554868 0.000000 -0.831938 0.318766 0.318766 0.318766
5146.288574 0.000000 2618.114014 0.000000 0.546812 0.000000 -0.837255 0.317055 0.317055 0.317055
5141.261719 0.000000 2645.442139 0.000000 0.275220 0.000000 -0.961381 0.324675 0.324675 0.324675
5163.594727 0.000000 2620.680908 0.000000 0.285196 0.000000 -0.958469 0.322605 0.322605 0.322605
5140.429199 0.000000 2648.303955 0.000000 0.289541 0.000000 -0.957166 0.324390 0.324390 0.324390
5178.382812 0.000000 2633.157959 0.000000 0.721170 0.000000 -0.692758 0.314100 0.314100 0.314100
5143.770020 0.000000 2643.838867 0.000000 0.240990 0.000000 -0.970528 0.325352 0.325352 0.325352
5141.857422 0.000000 2647.868408 0.000000 0.249975 0.000000 -0.968252 0.325175 0.325175 0.325175
5144.982910 0.000000 2658.639404 0.000000 0.639370 0.000000 -0.768899 0.316752 0.316752 0.316752
5145.025879 0.000000 2655.013428 0.000000 0.711997 0.000000 -0.702183 0.282190 0.282190 0.282190
5128.096191 0.000000 2656.950684 0.000000 0.601792 0.000000 -0.798653 0.269423 0.269423 0.269423
5160.327148 0.000000 2677.037598 0.000000 0.452717 0.000000 -0.891654 0.319708 0.319708 0.319708
5157.573730 0.000000 2666.269775 0.000000 0.222064 0.000000 -0.975032 0.292626 0.292626 0.292626
5140.698242 0.000000 2659.949707 0.000000 0.248479 0.000000 -0.968637 0.323425 0.323425 0.323425
5141.480469 0.000000 2658.523682 0.000000 0.371821 0.000000 -0.928305 0.321120 0.321120 0.321120
5169.868164 0.000000 2659.206787 0.000000 0.532293 0.000000 -0.846560 0.319280 0.319280 0.319280
5229.664062 0.000000 2661.761230 0.000000 0.756202 0.000000 -0.654339 0.278267 0.278267 0.278267
5222.302734 0.000000 2667.832275 0.000000 0.399475 0.000000 -0.916744 0.300783 0.300783 0.300783
5228.434570 0.000000 2666.544434 0.000000 0.028857 0.000000 -0.999584 0.307900 0.307900 0.307900
5219.248535 0.000000 2669.126953 0.000000 0.511334 0.000000 -0.859382 0.288849 0.288849 0.288849
5239.988281 0.000000 2670.388916 0.000000 0.794747 0.000000 -0.606941 0.290071 0.290071 0.290071
5282.040527 0.000000 2673.070557 0.000000 0.148898 0.000000 -0.988853 0.250588 0.250588 0.250588
5275.116211 0.000000 2673.240967 0.000000 0.780229 0.000000 -0.625494 0.241814 0.241814 0.241814
5284.534668 0.000000 2671.943604 0.000000 0.295448 0.000000 -0.955359 0.324272 0.324272 0.324272
5287.451172 0.000000 2669.761230 0.000000 0.703651 0.000000 -0.710546 0.273222 0.273222 0.273222
5259.945801 0.000000 2676.834229 0.000000 0.058235 0.000000 -0.998303 0.281239 0.281239 0.281239
5441.469238 0.000000 2652.829346 0.000000 0.172894 0.000000 -0.984940 0.209452 0.209452 0.209452
5479.443848 0.000000 2666.054932 0.000000 0.170085 0.000000 -0.985429 0.238336 0.238336 0.238336
5453.243652 0.000000 2662.006836 0.000000 0.586512 0.000000 -0.809940 0.317535 0.317535 0.317535
5448.096191 0.000000 2656.950684 0.000000 0.445712 0.000000 -0.895176 0.298112 0.298112 0.298112
5507.167969 0.000000 2755.202637 0.000000 0.170085 0.000000 -0.985429 0.239599 0.239599 0.239599
5498.085938 0.000000 2871.377441 0.000000 0.153303 0.000000 -0.988179 0.244191 0.244191 0.244191
5495.474609 0.000000 2885.773682 0.000000 0.797212 0.000000 -0.603700 0.311432 0.311432 0.311432
5490.491699 0.000000 2904.343506 0.000000 0.717026 0.000000 -0.697047 0.302837 0.302837 0.302837
5490.737793 0.000000 2914.200684 0.000000 0.158806 0.000000 -0.987310 0.307861 0.307861 0.307861
5506.892090 0.000000 2862.419922 0.000000 0.536390 0.000000 -0.843970 0.264836 0.264836 0.264836
5567.940430 0.000000 2843.668213 0.000000 0.439959 0.000000 -0.898018 0.248716 0.248716 0.248716
5505.437988 0.000000 2862.179443 0.000000 0.401977 0.000000 -0.915650 0.322099 0.322099 0.322099
5568.974121 0.000000 2836.926514 0.000000 0.570257 0.000000 -0.821466 0.245937 0.245937 0.245937
"}
