object={
	name="european_dynamic_mining_objects_generator_1_0"
	clamp_to_water_level=no
	render_under_water=no
	generated_content=yes
	layer="mines_dynamic"
	pdxmesh="generic_rural_mining_coaldepo_01_mesh"
	count=126
	transform="1978.462280 0.000000 2389.413818 0.000000 0.342190 0.000000 0.939631 0.000000 0.000000 0.000000
1956.759888 0.000000 2393.719971 0.000000 0.772272 0.000000 0.635292 1.000000 1.000000 1.000000
1958.469604 0.000000 2398.937744 0.000000 0.873923 0.000000 0.486065 0.000000 0.000000 0.000000
1978.637329 0.000000 2399.277344 0.000000 0.086339 0.000000 0.996266 1.000000 1.000000 1.000000
1964.128052 0.000000 2399.785156 0.000000 0.876059 0.000000 0.482204 1.000000 1.000000 1.000000
1976.346558 0.000000 2394.544678 0.000000 0.820558 0.000000 0.571563 1.000000 1.000000 1.000000
1961.129028 0.000000 2393.209473 0.000000 0.466048 0.000000 0.884759 1.000000 1.000000 1.000000
1976.742188 0.000000 2402.237549 0.000000 0.096192 0.000000 0.995363 1.000000 1.000000 1.000000
1992.407593 0.000000 2493.124756 0.000000 0.180752 0.000000 0.983529 0.000000 0.000000 0.000000
1986.356812 0.000000 2490.210693 0.000000 0.042483 0.000000 0.999097 0.000000 0.000000 0.000000
1992.667603 0.000000 2490.091797 0.000000 0.611655 0.000000 0.791124 0.000000 0.000000 0.000000
1660.832764 0.000000 2743.571777 0.000000 0.912179 0.000000 0.409793 1.000000 1.000000 1.000000
2063.197021 0.000000 2496.945312 0.000000 0.451473 0.000000 0.892285 0.000000 0.000000 0.000000
2057.084717 0.000000 2496.130371 0.000000 0.455151 0.000000 0.890414 0.000000 0.000000 0.000000
2071.407959 0.000000 2497.150635 0.000000 0.120460 0.000000 0.992718 0.000000 0.000000 0.000000
2736.541992 0.000000 2846.803955 0.000000 0.713705 0.000000 0.700446 0.000000 0.000000 0.000000
2733.311035 0.000000 2858.568604 0.000000 0.874606 0.000000 0.484834 0.000000 0.000000 0.000000
2726.889160 0.000000 2847.658447 0.000000 0.050645 0.000000 0.998717 0.000000 0.000000 0.000000
2741.013428 0.000000 2858.864990 0.000000 0.781847 0.000000 0.623470 0.000000 0.000000 0.000000
2720.448975 0.000000 2850.214111 0.000000 0.456896 0.000000 0.889520 1.000000 1.000000 1.000000
2721.448975 0.000000 2847.515625 0.000000 0.021342 0.000000 0.999772 0.000000 0.000000 0.000000
2716.947998 0.000000 2854.290527 0.000000 0.677934 0.000000 0.735123 0.000000 0.000000 0.000000
2722.111328 0.000000 2855.833984 0.000000 0.212020 0.000000 0.977265 0.000000 0.000000 0.000000
3052.063232 0.000000 3115.629639 0.000000 0.580803 0.000000 0.814044 0.000000 0.000000 0.000000
3061.993896 0.000000 3127.926758 0.000000 0.652234 0.000000 0.758018 0.000000 0.000000 0.000000
3048.974609 0.000000 3118.162109 0.000000 0.026770 0.000000 0.999642 0.000000 0.000000 0.000000
3055.145508 0.000000 3124.788574 0.000000 0.314411 0.000000 0.949287 0.000000 0.000000 0.000000
3063.819336 0.000000 3125.471436 0.000000 0.092153 0.000000 0.995745 0.000000 0.000000 0.000000
7152.647949 0.000000 831.257019 0.000000 0.811564 0.000000 0.584264 0.000000 0.000000 0.000000
7165.611816 0.000000 829.540894 0.000000 0.794620 0.000000 0.607107 0.000000 0.000000 0.000000
7143.591309 0.000000 832.617310 0.000000 0.866525 0.000000 0.499134 1.000000 1.000000 1.000000
7148.051758 0.000000 822.875549 0.000000 0.266602 0.000000 0.963807 1.000000 1.000000 1.000000
7167.697754 0.000000 835.505371 0.000000 0.823132 0.000000 0.567850 1.000000 1.000000 1.000000
7172.957520 0.000000 830.628357 0.000000 0.323634 0.000000 0.946182 0.000000 0.000000 0.000000
7171.510742 0.000000 837.709229 0.000000 0.134314 0.000000 0.990939 1.000000 1.000000 1.000000
7174.057129 0.000000 835.718994 0.000000 0.391009 0.000000 0.920387 0.000000 0.000000 0.000000
7170.311035 0.000000 827.392334 0.000000 0.595625 0.000000 0.803262 1.000000 1.000000 1.000000
8054.173828 0.000000 514.543640 0.000000 0.010913 0.000000 0.999940 0.000000 0.000000 0.000000
8122.305176 0.000000 552.340820 0.000000 0.232376 0.000000 0.972626 0.000000 0.000000 0.000000
8119.062500 0.000000 559.376831 0.000000 0.320246 0.000000 0.947334 0.000000 0.000000 0.000000
8121.384766 0.000000 564.611145 0.000000 0.895578 0.000000 0.444904 0.000000 0.000000 0.000000
8122.807129 0.000000 571.498291 0.000000 0.752487 0.000000 0.658607 0.000000 0.000000 0.000000
8125.512207 0.000000 564.869934 0.000000 0.864217 0.000000 0.503119 0.000000 0.000000 0.000000
8126.624512 0.000000 573.663879 0.000000 0.152258 0.000000 0.988341 1.000000 1.000000 1.000000
8132.047852 0.000000 573.193787 0.000000 0.830884 0.000000 0.556446 0.000000 0.000000 0.000000
6838.864258 0.000000 958.748657 0.000000 0.933941 0.000000 0.357427 0.000000 0.000000 0.000000
6832.023926 0.000000 956.285034 0.000000 0.753797 0.000000 0.657108 0.000000 0.000000 0.000000
6814.953613 0.000000 960.002502 0.000000 0.674025 0.000000 0.738709 0.000000 0.000000 0.000000
6822.346680 0.000000 958.007690 0.000000 0.658642 0.000000 0.752456 0.000000 0.000000 0.000000
6819.765137 0.000000 986.081604 0.000000 0.237790 0.000000 0.971317 0.000000 0.000000 0.000000
6811.932617 0.000000 980.504028 0.000000 0.438507 0.000000 0.898728 0.000000 0.000000 0.000000
6816.618164 0.000000 963.599976 0.000000 0.662627 0.000000 0.748949 0.000000 0.000000 0.000000
6826.673340 0.000000 960.378296 0.000000 0.570832 0.000000 0.821067 0.000000 0.000000 0.000000
6813.530273 0.000000 987.526733 0.000000 0.877049 0.000000 0.480400 0.000000 0.000000 0.000000
6816.449219 0.000000 986.229675 0.000000 0.506296 0.000000 0.862360 0.000000 0.000000 0.000000
7135.758301 0.000000 1046.878418 0.000000 0.835722 0.000000 0.549153 0.000000 0.000000 0.000000
7139.765137 0.000000 1042.566040 0.000000 0.169074 0.000000 0.985603 0.000000 0.000000 0.000000
7126.628418 0.000000 1046.745972 0.000000 0.588687 0.000000 0.808361 0.000000 0.000000 0.000000
7129.681152 0.000000 1050.496216 0.000000 0.114185 0.000000 0.993460 0.000000 0.000000 0.000000
7162.504395 0.000000 1040.477661 0.000000 0.894690 0.000000 0.446688 1.000000 1.000000 1.000000
7162.637207 0.000000 1043.652466 0.000000 0.454378 0.000000 0.890809 1.000000 1.000000 1.000000
7149.942871 0.000000 1038.659668 0.000000 0.142636 0.000000 0.989775 0.000000 0.000000 0.000000
4163.505371 0.000000 2528.738770 0.000000 0.748079 0.000000 0.663609 0.000000 0.000000 0.000000
4287.509766 0.000000 2804.952881 0.000000 0.665619 0.000000 0.746292 1.000000 1.000000 1.000000
4314.979980 0.000000 2809.567139 0.000000 0.544855 0.000000 0.838530 0.000000 0.000000 0.000000
4291.837402 0.000000 2791.296387 0.000000 0.531694 0.000000 0.846937 0.000000 0.000000 0.000000
4309.502930 0.000000 2816.053467 0.000000 0.396377 0.000000 0.918088 0.000000 0.000000 0.000000
4299.406250 0.000000 2800.805176 0.000000 0.289789 0.000000 0.957091 0.000000 0.000000 0.000000
4307.991699 0.000000 2800.961914 0.000000 0.926511 0.000000 0.376269 1.000000 1.000000 1.000000
4300.083496 0.000000 2813.248291 0.000000 0.433895 0.000000 0.900963 0.000000 0.000000 0.000000
4304.244141 0.000000 2796.932129 0.000000 0.111141 0.000000 0.993805 0.000000 0.000000 0.000000
4304.186523 0.000000 2786.885742 0.000000 0.254100 0.000000 0.967178 0.000000 0.000000 0.000000
4327.299805 0.000000 2814.113770 0.000000 0.590290 0.000000 0.807191 0.000000 0.000000 0.000000
4308.984863 0.000000 2804.932373 0.000000 0.839121 0.000000 0.543945 1.000000 1.000000 1.000000
4314.987305 0.000000 2824.307617 0.000000 0.130442 0.000000 0.991456 0.000000 0.000000 0.000000
4296.667480 0.000000 2828.998047 0.000000 0.899568 0.000000 0.436780 0.000000 0.000000 0.000000
4308.994629 0.000000 2826.771484 0.000000 0.811074 0.000000 0.584944 0.000000 0.000000 0.000000
4315.678223 0.000000 2829.232910 0.000000 0.131017 0.000000 0.991380 0.000000 0.000000 0.000000
4491.616211 0.000000 2853.559814 0.000000 0.774454 0.000000 0.632630 0.000000 0.000000 0.000000
4568.795410 0.000000 2852.130859 0.000000 0.008963 0.000000 0.999960 0.000000 0.000000 0.000000
4870.057129 0.000000 3151.578369 0.000000 0.013518 0.000000 0.999909 0.000000 0.000000 0.000000
4582.581055 0.000000 3367.702637 0.000000 0.846658 0.000000 0.532137 0.000000 0.000000 0.000000
4594.798340 0.000000 3369.259277 0.000000 0.629578 0.000000 0.776938 0.000000 0.000000 0.000000
4588.051758 0.000000 3364.672363 0.000000 0.524819 0.000000 0.851214 1.000000 1.000000 1.000000
4598.158691 0.000000 3364.637939 0.000000 0.930068 0.000000 0.367387 1.000000 1.000000 1.000000
4597.633789 0.000000 3369.635254 0.000000 0.861913 0.000000 0.507056 0.000000 0.000000 0.000000
4600.742188 0.000000 3362.471924 0.000000 0.026723 0.000000 0.999643 1.000000 1.000000 1.000000
4655.537109 0.000000 3190.253418 0.000000 0.715621 0.000000 0.698489 1.000000 1.000000 1.000000
4646.581055 0.000000 3198.249512 0.000000 0.625119 0.000000 0.780530 0.000000 0.000000 0.000000
4666.631836 0.000000 3198.261475 0.000000 0.921229 0.000000 0.389022 1.000000 1.000000 1.000000
4658.798340 0.000000 3199.806152 0.000000 0.391328 0.000000 0.920251 0.000000 0.000000 0.000000
4661.519043 0.000000 3189.750488 0.000000 0.795983 0.000000 0.605319 0.000000 0.000000 0.000000
4657.394043 0.000000 3188.454834 0.000000 0.206704 0.000000 0.978403 0.000000 0.000000 0.000000
4661.633789 0.000000 3200.182129 0.000000 0.216198 0.000000 0.976350 1.000000 1.000000 1.000000
4654.693848 0.000000 3195.183594 0.000000 0.098658 0.000000 0.995121 1.000000 1.000000 1.000000
4664.742188 0.000000 3193.018799 0.000000 0.899400 0.000000 0.437127 0.000000 0.000000 0.000000
4719.868652 0.000000 3211.535889 0.000000 0.183659 0.000000 0.982990 0.000000 0.000000 0.000000
4711.591309 0.000000 3204.960938 0.000000 0.885343 0.000000 0.464938 1.000000 1.000000 1.000000
4674.822754 0.000000 3197.093018 0.000000 0.627410 0.000000 0.778689 0.000000 0.000000 0.000000
4704.544434 0.000000 3210.456543 0.000000 0.375016 0.000000 0.927018 1.000000 1.000000 1.000000
4715.659668 0.000000 3199.304688 0.000000 0.574704 0.000000 0.818361 1.000000 1.000000 1.000000
5551.722656 0.000000 3320.413330 0.000000 0.890301 0.000000 0.455372 0.000000 0.000000 0.000000
5548.760254 0.000000 3314.598877 0.000000 0.723426 0.000000 0.690402 0.000000 0.000000 0.000000
5543.591309 0.000000 3317.929688 0.000000 0.677781 0.000000 0.735263 1.000000 1.000000 1.000000
5537.910645 0.000000 3318.416504 0.000000 0.851215 0.000000 0.524817 1.000000 1.000000 1.000000
5536.544434 0.000000 3323.425293 0.000000 0.569139 0.000000 0.822241 0.000000 0.000000 0.000000
6448.647949 0.000000 2808.210205 0.000000 0.114918 0.000000 0.993375 0.000000 0.000000 0.000000
6455.060547 0.000000 2809.333984 0.000000 0.758925 0.000000 0.651178 0.000000 0.000000 0.000000
6453.860840 0.000000 2815.800781 0.000000 0.154014 0.000000 0.988069 0.000000 0.000000 0.000000
7841.210449 0.000000 3151.513916 0.000000 0.613817 0.000000 0.789448 0.000000 0.000000 0.000000
7856.023926 0.000000 3159.175537 0.000000 0.600379 0.000000 0.799716 0.000000 0.000000 0.000000
7849.322754 0.000000 3154.916260 0.000000 0.705956 0.000000 0.708256 0.000000 0.000000 0.000000
7844.620605 0.000000 3153.349121 0.000000 0.694908 0.000000 0.719099 0.000000 0.000000 0.000000
7861.860840 0.000000 3154.707031 0.000000 0.522774 0.000000 0.852472 0.000000 0.000000 0.000000
7847.299805 0.000000 3153.020020 0.000000 0.280524 0.000000 0.959847 0.000000 0.000000 0.000000
7870.390625 0.000000 3162.401123 0.000000 0.692685 0.000000 0.721240 1.000000 1.000000 1.000000
7984.023926 0.000000 3441.597412 0.000000 0.701920 0.000000 0.712256 0.000000 0.000000 0.000000
7995.981445 0.000000 3444.281738 0.000000 0.871648 0.000000 0.490132 0.000000 0.000000 0.000000
7996.832520 0.000000 3421.384277 0.000000 0.795955 0.000000 0.605356 0.000000 0.000000 0.000000
7997.125000 0.000000 3441.541748 0.000000 0.121354 0.000000 0.992609 1.000000 1.000000 1.000000
8006.507812 0.000000 3441.153564 0.000000 0.446880 0.000000 0.894594 1.000000 1.000000 1.000000
8003.510742 0.000000 3435.990479 0.000000 0.443496 0.000000 0.896276 1.000000 1.000000 1.000000
8006.057129 0.000000 3434.000244 0.000000 0.071658 0.000000 0.997429 1.000000 1.000000 1.000000
8002.822754 0.000000 3423.030518 0.000000 0.595745 0.000000 0.803174 0.000000 0.000000 0.000000
7990.816895 0.000000 3446.797607 0.000000 0.903379 0.000000 0.428844 0.000000 0.000000 0.000000
8004.948730 0.000000 3445.661865 0.000000 0.873800 0.000000 0.486286 0.000000 0.000000 0.000000
"}
object={
	name="european_dynamic_mining_objects_generator_1_1"
	clamp_to_water_level=no
	render_under_water=no
	generated_content=yes
	layer="mines_dynamic"
	pdxmesh="generic_rural_mining_coaldepo_02_mesh"
	count=77
	transform="1367.293579 0.000000 2452.392822 0.000000 0.987387 0.000000 -0.158326 0.000000 0.000000 0.000000
1373.530396 0.000000 2456.120605 0.000000 0.974697 0.000000 0.223530 0.000000 0.000000 0.000000
1376.448975 0.000000 2454.823486 0.000000 0.971254 0.000000 0.238045 0.000000 0.000000 0.000000
1377.448853 0.000000 2452.125000 0.000000 0.950654 0.000000 0.310253 0.000000 0.000000 0.000000
1953.099731 0.000000 2406.293457 0.000000 0.858268 0.000000 -0.513202 0.000000 0.000000 0.000000
1978.631714 0.000000 2407.480225 0.000000 0.907805 0.000000 -0.419392 1.000000 1.000000 1.000000
1981.032837 0.000000 2394.531738 0.000000 0.991515 0.000000 0.129995 1.000000 1.000000 1.000000
1974.158813 0.000000 2404.403564 0.000000 0.978538 0.000000 -0.206065 1.000000 1.000000 1.000000
1993.400879 0.000000 2501.431641 0.000000 0.898412 0.000000 -0.439154 0.000000 0.000000 0.000000
1999.197021 0.000000 2496.945312 0.000000 0.928851 0.000000 -0.370452 0.000000 0.000000 0.000000
2000.939697 0.000000 2501.241211 0.000000 0.968720 0.000000 -0.248157 0.000000 0.000000 0.000000
2000.186279 0.000000 2504.463867 0.000000 0.827931 0.000000 -0.560831 0.000000 0.000000 0.000000
1985.451538 0.000000 2494.704834 0.000000 0.962066 0.000000 0.272818 1.000000 1.000000 1.000000
1658.631714 0.000000 2746.386475 0.000000 0.871314 0.000000 -0.490726 0.000000 0.000000 0.000000
1661.738403 0.000000 2739.499268 0.000000 0.943144 0.000000 0.332384 0.000000 0.000000 0.000000
2729.385498 0.000000 2857.136963 0.000000 0.971130 0.000000 0.238551 0.000000 0.000000 0.000000
2735.917480 0.000000 2861.000732 0.000000 0.991451 0.000000 0.130482 0.000000 0.000000 0.000000
2729.677002 0.000000 2842.285645 0.000000 0.996817 0.000000 0.079721 0.000000 0.000000 0.000000
2734.693848 0.000000 2856.277344 0.000000 0.939077 0.000000 -0.343708 1.000000 1.000000 1.000000
3058.842529 0.000000 3124.510498 0.000000 0.960902 0.000000 -0.276887 0.000000 0.000000 0.000000
3066.028564 0.000000 3119.739258 0.000000 0.850393 0.000000 -0.526148 0.000000 0.000000 0.000000
3060.463867 0.000000 3121.722412 0.000000 0.935666 0.000000 -0.352887 0.000000 0.000000 0.000000
3064.346436 0.000000 3128.841553 0.000000 0.999979 0.000000 -0.006436 1.000000 1.000000 1.000000
7150.693848 0.000000 822.839905 0.000000 0.951770 0.000000 -0.306813 1.000000 1.000000 1.000000
7147.659668 0.000000 826.960876 0.000000 0.977035 0.000000 0.213078 0.000000 0.000000 0.000000
7172.763672 0.000000 826.973450 0.000000 0.992589 0.000000 -0.121517 0.000000 0.000000 0.000000
7170.822754 0.000000 824.749390 0.000000 0.984040 0.000000 -0.177945 0.000000 0.000000 0.000000
7169.118652 0.000000 835.511353 0.000000 0.957643 0.000000 -0.287957 1.000000 1.000000 1.000000
8122.385254 0.000000 567.435791 0.000000 0.999977 0.000000 -0.006775 1.000000 1.000000 1.000000
8128.098633 0.000000 571.792725 0.000000 0.999399 0.000000 -0.034662 0.000000 0.000000 0.000000
8129.451660 0.000000 574.236206 0.000000 0.950319 0.000000 0.311278 0.000000 0.000000 0.000000
6827.601562 0.000000 956.650085 0.000000 0.981404 0.000000 -0.191954 0.000000 0.000000 0.000000
6814.530273 0.000000 983.694458 0.000000 0.998523 0.000000 -0.054333 0.000000 0.000000 0.000000
6818.900879 0.000000 960.299072 0.000000 0.825014 0.000000 -0.565113 0.000000 0.000000 0.000000
6806.937012 0.000000 974.661743 0.000000 0.998597 0.000000 0.052956 0.000000 0.000000 0.000000
6834.318359 0.000000 960.440247 0.000000 0.989290 0.000000 0.145964 0.000000 0.000000 0.000000
6814.608887 0.000000 965.774048 0.000000 0.946195 0.000000 -0.323597 0.000000 0.000000 0.000000
6811.635742 0.000000 983.284729 0.000000 0.970497 0.000000 0.241112 0.000000 0.000000 0.000000
6805.235840 0.000000 980.095459 0.000000 0.960962 0.000000 0.276681 0.000000 0.000000 0.000000
7152.541992 0.000000 1039.303955 0.000000 0.951034 0.000000 0.309087 0.000000 0.000000 0.000000
7157.994141 0.000000 1038.004883 0.000000 0.997469 0.000000 -0.071102 0.000000 0.000000 0.000000
7133.530273 0.000000 1044.011108 0.000000 0.978397 0.000000 0.206733 0.000000 0.000000 0.000000
7151.537109 0.000000 1043.847168 0.000000 0.987349 0.000000 -0.158560 0.000000 0.000000 0.000000
7165.032715 0.000000 1038.906860 0.000000 0.935854 0.000000 0.352387 0.000000 0.000000 0.000000
7142.469727 0.000000 1043.312744 0.000000 0.999474 0.000000 0.032416 1.000000 1.000000 1.000000
7165.738281 0.000000 1044.967896 0.000000 0.966070 0.000000 -0.258281 0.000000 0.000000 0.000000
4313.681152 0.000000 2801.511963 0.000000 0.981282 0.000000 -0.192576 0.000000 0.000000 0.000000
4300.457520 0.000000 2819.510254 0.000000 0.955677 0.000000 -0.294416 0.000000 0.000000 0.000000
4295.437500 0.000000 2822.778076 0.000000 0.984815 0.000000 -0.173609 1.000000 1.000000 1.000000
4298.235840 0.000000 2811.418701 0.000000 0.958430 0.000000 0.285327 0.000000 0.000000 0.000000
4303.831543 0.000000 2828.390625 0.000000 0.999747 0.000000 0.022484 0.000000 0.000000 0.000000
4292.948730 0.000000 2824.333740 0.000000 0.998773 0.000000 -0.049515 0.000000 0.000000 0.000000
4396.352051 0.000000 2841.479736 0.000000 0.943476 0.000000 0.331442 0.000000 0.000000 0.000000
4577.448730 0.000000 2847.515625 0.000000 0.955656 0.000000 0.294484 0.000000 0.000000 0.000000
4582.646484 0.000000 3364.735352 0.000000 0.997763 0.000000 -0.066848 0.000000 0.000000 0.000000
4590.693848 0.000000 3364.636719 0.000000 0.986288 0.000000 -0.165031 1.000000 1.000000 1.000000
4668.832520 0.000000 3195.446777 0.000000 0.997123 0.000000 0.075807 0.000000 0.000000 0.000000
4710.581055 0.000000 3198.249512 0.000000 0.954405 0.000000 -0.298514 1.000000 1.000000 1.000000
4705.910645 0.000000 3205.447754 0.000000 0.952371 0.000000 0.304941 1.000000 1.000000 1.000000
4853.860840 0.000000 3380.644531 0.000000 0.976405 0.000000 0.215947 0.000000 0.000000 0.000000
5548.376953 0.000000 3322.361328 0.000000 0.957214 0.000000 -0.289380 0.000000 0.000000 0.000000
7869.125000 0.000000 3159.119873 0.000000 0.999384 0.000000 -0.035098 1.000000 1.000000 1.000000
7874.552734 0.000000 3162.716797 0.000000 0.968468 0.000000 -0.249136 1.000000 1.000000 1.000000
7851.690430 0.000000 3166.688965 0.000000 0.956523 0.000000 -0.291656 0.000000 0.000000 0.000000
7876.948730 0.000000 3163.239990 0.000000 0.967867 0.000000 -0.251463 0.000000 0.000000 0.000000
7872.042480 0.000000 3163.132324 0.000000 0.833608 0.000000 -0.552356 1.000000 1.000000 1.000000
7872.090332 0.000000 3166.420654 0.000000 0.948033 0.000000 -0.318172 1.000000 1.000000 1.000000
7990.864258 0.000000 3444.061035 0.000000 0.943402 0.000000 -0.331653 0.000000 0.000000 0.000000
7994.631836 0.000000 3424.198975 0.000000 0.961947 0.000000 0.273237 1.000000 1.000000 1.000000
7999.697754 0.000000 3433.786621 0.000000 0.977292 0.000000 -0.211895 1.000000 1.000000 1.000000
7999.509766 0.000000 3426.281006 0.000000 0.872568 0.000000 -0.488492 1.000000 1.000000 1.000000
8012.083496 0.000000 3434.576416 0.000000 0.864069 0.000000 -0.503374 0.000000 0.000000 0.000000
8007.213379 0.000000 3427.262451 0.000000 0.972024 0.000000 0.234882 0.000000 0.000000 0.000000
8002.575684 0.000000 3430.189453 0.000000 0.960992 0.000000 -0.276577 1.000000 1.000000 1.000000
8002.311035 0.000000 3425.673584 0.000000 0.975287 0.000000 -0.220941 1.000000 1.000000 1.000000
8001.118652 0.000000 3433.792725 0.000000 0.938639 0.000000 0.344901 1.000000 1.000000 1.000000
7997.512207 0.000000 3445.572998 0.000000 0.963455 0.000000 -0.267868 0.000000 0.000000 0.000000
"}
object={
	name="european_dynamic_mining_objects_generator_1_2"
	clamp_to_water_level=no
	render_under_water=no
	generated_content=yes
	layer="mines_dynamic"
	pdxmesh="generic_rural_mining_pile_01_mesh"
	count=25
	transform="1371.932739 0.000000 2449.097656 0.000000 0.819628 0.000000 -0.572896 0.000000 0.000000 0.000000
1961.676880 0.000000 2390.410645 0.000000 0.758930 0.000000 -0.651172 1.000000 1.000000 1.000000
1978.504395 0.000000 2396.102539 0.000000 0.807015 0.000000 -0.590531 1.000000 1.000000 1.000000
1954.111450 0.000000 2403.958984 0.000000 0.804195 0.000000 -0.594365 0.000000 0.000000 0.000000
1979.100830 0.000000 2495.405273 0.000000 0.785367 0.000000 -0.619030 0.000000 0.000000 0.000000
1996.112305 0.000000 2500.219238 0.000000 0.671977 0.000000 -0.740572 1.000000 1.000000 1.000000
1658.637329 0.000000 2738.183594 0.000000 0.672905 0.000000 -0.739729 1.000000 1.000000 1.000000
1656.742188 0.000000 2741.143799 0.000000 0.738172 0.000000 -0.674612 1.000000 1.000000 1.000000
7164.832520 0.000000 823.103027 0.000000 0.679545 0.000000 -0.733634 0.000000 0.000000 0.000000
8052.014648 0.000000 517.202698 0.000000 0.761513 0.000000 -0.648150 0.000000 0.000000 0.000000
6831.868652 0.000000 952.160950 0.000000 0.718373 0.000000 -0.695659 0.000000 0.000000 0.000000
6807.890625 0.000000 979.292053 0.000000 0.801007 0.000000 -0.598655 0.000000 0.000000 0.000000
7149.434082 0.000000 1046.447998 0.000000 0.771034 0.000000 -0.636794 0.000000 0.000000 0.000000
7145.676758 0.000000 1034.785767 0.000000 0.763603 0.000000 -0.645686 0.000000 0.000000 0.000000
4297.203613 0.000000 2803.435059 0.000000 0.665805 0.000000 -0.746126 0.000000 0.000000 0.000000
4313.661133 0.000000 2827.284912 0.000000 0.805746 0.000000 -0.592261 0.000000 0.000000 0.000000
4460.194824 0.000000 2779.811768 0.000000 0.679713 0.000000 -0.733478 0.000000 0.000000 0.000000
4576.449219 0.000000 2850.214111 0.000000 0.745161 0.000000 -0.666885 0.000000 0.000000 0.000000
4604.832520 0.000000 3364.899902 0.000000 0.762395 0.000000 -0.647112 1.000000 1.000000 1.000000
4652.051758 0.000000 3195.219238 0.000000 0.772630 0.000000 -0.634857 1.000000 1.000000 1.000000
4662.158691 0.000000 3195.184814 0.000000 0.673069 0.000000 -0.739580 1.000000 1.000000 1.000000
5545.656250 0.000000 3316.203613 0.000000 0.713171 0.000000 -0.700990 0.000000 0.000000 0.000000
7871.976562 0.000000 3157.256104 0.000000 0.799255 0.000000 -0.600992 1.000000 1.000000 1.000000
7853.943359 0.000000 3165.479980 0.000000 0.679945 0.000000 -0.733264 0.000000 0.000000 0.000000
7983.722656 0.000000 3433.382080 0.000000 0.674757 0.000000 -0.738040 0.000000 0.000000 0.000000
"}
object={
	name="european_dynamic_mining_objects_generator_1_3"
	clamp_to_water_level=no
	render_under_water=no
	generated_content=yes
	layer="mines_dynamic"
	pdxmesh="generic_rural_mining_pile_02_mesh"
	count=26
	transform="1980.832764 0.000000 2404.665527 0.000000 0.516920 0.000000 -0.856033 1.000000 1.000000 1.000000
1508.575317 0.000000 3109.029541 0.000000 0.570826 0.000000 -0.821071 0.000000 0.000000 0.000000
2068.832764 0.000000 2497.892090 0.000000 0.494319 0.000000 -0.869280 0.000000 0.000000 0.000000
2732.083252 0.000000 2844.279785 0.000000 0.596013 0.000000 -0.802975 0.000000 0.000000 0.000000
2738.798096 0.000000 2860.899902 0.000000 0.515341 0.000000 -0.856985 0.000000 0.000000 0.000000
3060.014648 0.000000 3115.483887 0.000000 0.589161 0.000000 -0.808016 0.000000 0.000000 0.000000
3069.032959 0.000000 3128.828613 0.000000 0.569076 0.000000 -0.822285 0.000000 0.000000 0.000000
3052.352051 0.000000 3123.901611 0.000000 0.550074 0.000000 -0.835116 0.000000 0.000000 0.000000
7151.917480 0.000000 827.563293 0.000000 0.471553 0.000000 -0.881838 0.000000 0.000000 0.000000
8139.929688 0.000000 576.849609 0.000000 0.490482 0.000000 -0.871451 0.000000 0.000000 0.000000
6812.431641 0.000000 967.742249 0.000000 0.556842 0.000000 -0.830618 0.000000 0.000000 0.000000
6840.639160 0.000000 965.206726 0.000000 0.578965 0.000000 -0.815352 0.000000 0.000000 0.000000
4299.959473 0.000000 2816.225342 0.000000 0.537385 0.000000 -0.843337 0.000000 0.000000 0.000000
4291.510742 0.000000 2814.662354 0.000000 0.560423 0.000000 -0.828207 0.000000 0.000000 0.000000
4294.057129 0.000000 2812.672119 0.000000 0.584900 0.000000 -0.811106 1.000000 1.000000 1.000000
4292.384766 0.000000 2818.507080 0.000000 0.532934 0.000000 -0.846157 0.000000 0.000000 0.000000
4585.967773 0.000000 3362.395996 0.000000 0.516090 0.000000 -0.856534 0.000000 0.000000 0.000000
4667.000977 0.000000 3200.926025 0.000000 0.629438 0.000000 -0.777051 1.000000 1.000000 1.000000
6457.910645 0.000000 2815.685303 0.000000 0.567771 0.000000 -0.823186 0.000000 0.000000 0.000000
7865.384766 0.000000 3162.892334 0.000000 0.657982 0.000000 -0.753034 1.000000 1.000000 1.000000
7984.647949 0.000000 3429.538330 0.000000 0.567810 0.000000 -0.823159 0.000000 0.000000 0.000000
7987.634277 0.000000 3431.790283 0.000000 0.496141 0.000000 -0.868242 0.000000 0.000000 0.000000
7993.384766 0.000000 3445.314209 0.000000 0.555625 0.000000 -0.831433 0.000000 0.000000 0.000000
8009.641113 0.000000 3442.250244 0.000000 0.528579 0.000000 -0.848884 0.000000 0.000000 0.000000
8004.384766 0.000000 3439.835205 0.000000 0.640557 0.000000 -0.767910 1.000000 1.000000 1.000000
7993.460938 0.000000 3445.650146 0.000000 0.547576 0.000000 -0.836756 0.000000 0.000000 0.000000
"}
object={
	name="european_dynamic_mining_objects_generator_1_4"
	clamp_to_water_level=no
	render_under_water=no
	generated_content=yes
	layer="mines_dynamic"
	pdxmesh="generic_rural_mining_entrance_01_mesh"
	count=25
	transform="1958.581177 0.000000 2407.468262 0.000000 0.424747 0.000000 -0.905312 0.000000 0.000000 0.000000
1973.519043 0.000000 2398.969238 0.000000 0.442997 0.000000 -0.896523 0.000000 0.000000 0.000000
1981.638184 0.000000 2392.066895 0.000000 0.409785 0.000000 -0.912182 1.000000 1.000000 1.000000
2737.394043 0.000000 2849.548584 0.000000 0.362488 0.000000 -0.931988 0.000000 0.000000 0.000000
3048.763184 0.000000 3121.762695 0.000000 0.442403 0.000000 -0.896816 0.000000 0.000000 0.000000
3048.015625 0.000000 3114.269287 0.000000 0.460542 0.000000 -0.887638 0.000000 0.000000 0.000000
7145.967773 0.000000 820.599182 0.000000 0.456393 0.000000 -0.889778 0.000000 0.000000 0.000000
7176.908691 0.000000 836.681274 0.000000 0.358050 0.000000 -0.933702 0.000000 0.000000 0.000000
7170.575684 0.000000 831.908325 0.000000 0.429351 0.000000 -0.903138 1.000000 1.000000 1.000000
8121.460938 0.000000 564.947021 0.000000 0.318699 0.000000 -0.947856 0.000000 0.000000 0.000000
6809.283691 0.000000 981.852112 0.000000 0.341500 0.000000 -0.939882 0.000000 0.000000 0.000000
7159.819336 0.000000 1035.549683 0.000000 0.376006 0.000000 -0.926617 0.000000 0.000000 0.000000
7148.127930 0.000000 1044.160034 0.000000 0.451610 0.000000 -0.892215 0.000000 0.000000 0.000000
4158.419434 0.000000 2527.459717 0.000000 0.328772 0.000000 -0.944409 0.000000 0.000000 0.000000
4160.009766 0.000000 2527.505127 0.000000 0.343555 0.000000 -0.939133 0.000000 0.000000 0.000000
4304.971680 0.000000 2816.911377 0.000000 0.330289 0.000000 -0.943880 0.000000 0.000000 0.000000
4297.278320 0.000000 2817.817871 0.000000 0.368405 0.000000 -0.929666 0.000000 0.000000 0.000000
4304.716797 0.000000 2799.832275 0.000000 0.286097 0.000000 -0.958201 1.000000 1.000000 1.000000
4290.575684 0.000000 2808.861328 0.000000 0.260410 0.000000 -0.965498 1.000000 1.000000 1.000000
4652.127930 0.000000 3190.566406 0.000000 0.461885 0.000000 -0.886940 0.000000 0.000000 0.000000
6458.305176 0.000000 2811.715820 0.000000 0.421635 0.000000 -0.906766 0.000000 0.000000 0.000000
7865.460938 0.000000 3163.228271 0.000000 0.366271 0.000000 -0.930508 1.000000 1.000000 1.000000
7987.402344 0.000000 3443.029785 0.000000 0.444118 0.000000 -0.895968 0.000000 0.000000 0.000000
8000.156738 0.000000 3443.962646 0.000000 0.336308 0.000000 -0.941752 1.000000 1.000000 1.000000
7986.318359 0.000000 3445.752686 0.000000 0.359320 0.000000 -0.933215 0.000000 0.000000 0.000000
"}
object={
	name="european_dynamic_mining_objects_generator_1_5"
	clamp_to_water_level=no
	render_under_water=no
	generated_content=yes
	layer="mines_dynamic"
	pdxmesh="generic_rural_mining_entrance_02_mesh"
	count=27
	transform="1961.967651 0.000000 2402.161621 0.000000 0.148842 0.000000 -0.988861 1.000000 1.000000 1.000000
1967.537231 0.000000 2399.472168 0.000000 0.227329 0.000000 -0.973818 0.000000 0.000000 0.000000
1970.798096 0.000000 2409.024902 0.000000 0.006388 0.000000 -0.999980 0.000000 0.000000 0.000000
1966.693970 0.000000 2404.402344 0.000000 0.112612 0.000000 -0.993639 1.000000 1.000000 1.000000
1997.099609 0.000000 2505.089111 0.000000 0.055853 0.000000 -0.998439 1.000000 1.000000 1.000000
1998.686646 0.000000 2499.904053 0.000000 0.075189 0.000000 -0.997169 1.000000 1.000000 1.000000
2724.759766 0.000000 2845.594971 0.000000 0.195495 0.000000 -0.980705 0.000000 0.000000 0.000000
3069.292725 0.000000 3119.199707 0.000000 0.102146 0.000000 -0.994769 0.000000 0.000000 0.000000
3069.212891 0.000000 3132.032471 0.000000 0.110438 0.000000 -0.993883 0.000000 0.000000 0.000000
3054.042969 0.000000 3112.495361 0.000000 0.055917 0.000000 -0.998435 0.000000 0.000000 0.000000
7154.798340 0.000000 827.462402 0.000000 0.137148 0.000000 -0.990551 1.000000 1.000000 1.000000
6829.943359 0.000000 962.589294 0.000000 0.196568 0.000000 -0.980490 0.000000 0.000000 0.000000
6838.173828 0.000000 966.418640 0.000000 0.212336 0.000000 -0.977197 0.000000 0.000000 0.000000
7145.967773 0.000000 1046.536621 0.000000 0.202170 0.000000 -0.979350 1.000000 1.000000 1.000000
7155.016113 0.000000 1037.569824 0.000000 0.141166 0.000000 -0.989986 0.000000 0.000000 0.000000
7160.346680 0.000000 1038.919678 0.000000 0.227556 0.000000 -0.973765 1.000000 1.000000 1.000000
4396.194824 0.000000 2836.296143 0.000000 0.104688 0.000000 -0.994505 0.000000 0.000000 0.000000
4872.908691 0.000000 3152.540527 0.000000 0.031972 0.000000 -0.999489 0.000000 0.000000 0.000000
4666.637207 0.000000 3190.058594 0.000000 0.117646 0.000000 -0.993056 0.000000 0.000000 0.000000
4671.697754 0.000000 3207.849121 0.000000 0.212023 0.000000 -0.977265 0.000000 0.000000 0.000000
4863.697754 0.000000 3377.302246 0.000000 0.040451 0.000000 -0.999182 0.000000 0.000000 0.000000
7853.386719 0.000000 3161.347656 0.000000 0.119667 0.000000 -0.992814 0.000000 0.000000 0.000000
7848.832520 0.000000 3166.626221 0.000000 0.126108 0.000000 -0.992017 0.000000 0.000000 0.000000
7850.835938 0.000000 3169.131348 0.000000 0.089032 0.000000 -0.996029 0.000000 0.000000 0.000000
7995.000977 0.000000 3426.863525 0.000000 0.184700 0.000000 -0.982795 1.000000 1.000000 1.000000
8011.406250 0.000000 3422.133301 0.000000 0.130016 0.000000 -0.991512 0.000000 0.000000 0.000000
8000.042480 0.000000 3445.554199 0.000000 0.148234 0.000000 -0.988952 0.000000 0.000000 0.000000
"}
