object={
	name="european_dynamic_forestry_objects_generator_1_0"
	clamp_to_water_level=no
	render_under_water=no
	generated_content=yes
	layer="forestry_dynamic"
	pdxmesh="generic_rural_forestry_camp_01_mesh"
	count=85
	transform="1901.255371 0.000000 2257.766113 0.000000 0.884515 0.000000 0.466511 0.000000 0.000000 0.000000
1901.901245 0.000000 2260.329346 0.000000 0.279744 0.000000 0.960075 0.000000 0.000000 0.000000
1987.834473 0.000000 2259.377441 0.000000 0.428808 0.000000 0.903396 0.000000 0.000000 0.000000
800.264404 0.000000 3354.446533 0.000000 0.967707 0.000000 0.252080 0.000000 0.000000 0.000000
2537.206787 0.000000 2663.309326 0.000000 0.165219 0.000000 0.986257 0.000000 0.000000 0.000000
2559.683594 0.000000 2667.806152 0.000000 0.859981 0.000000 0.510325 0.000000 0.000000 0.000000
2527.430420 0.000000 2665.537598 0.000000 0.829247 0.000000 0.558882 0.000000 0.000000 0.000000
2563.589111 0.000000 2667.147949 0.000000 0.673817 0.000000 0.738899 0.000000 0.000000 0.000000
2591.430420 0.000000 2665.537598 0.000000 0.995523 0.000000 0.094516 0.000000 0.000000 0.000000
7957.428223 0.000000 371.253906 0.000000 0.777929 0.000000 0.628352 0.000000 0.000000 0.000000
7988.600586 0.000000 418.604431 0.000000 0.522567 0.000000 0.852598 0.000000 0.000000 0.000000
7987.915527 0.000000 407.431946 0.000000 0.932156 0.000000 0.362056 0.000000 0.000000 0.000000
4992.290527 0.000000 2745.615234 0.000000 0.888419 0.000000 0.459034 0.000000 0.000000 0.000000
5097.423340 0.000000 2743.672119 0.000000 0.080391 0.000000 0.996763 1.000000 1.000000 1.000000
5102.271484 0.000000 2748.538574 0.000000 0.124753 0.000000 0.992188 1.000000 1.000000 1.000000
6034.736816 0.000000 3552.152344 0.000000 0.865674 0.000000 0.500609 0.000000 0.000000 0.000000
6080.354004 0.000000 3549.999023 0.000000 0.549352 0.000000 0.835591 0.000000 0.000000 0.000000
6134.803711 0.000000 3560.581787 0.000000 0.999926 0.000000 0.012203 0.000000 0.000000 0.000000
6377.206543 0.000000 2550.340576 0.000000 0.377598 0.000000 0.925970 0.000000 0.000000 0.000000
6816.264648 0.000000 3523.899658 0.000000 0.939944 0.000000 0.341330 0.000000 0.000000 0.000000
7683.589355 0.000000 2836.601074 0.000000 0.878561 0.000000 0.477629 0.000000 0.000000 0.000000
8035.530762 0.000000 3157.229248 0.000000 0.975415 0.000000 0.220374 0.000000 0.000000 0.000000
8060.270508 0.000000 3154.974365 0.000000 0.507605 0.000000 0.861590 0.000000 0.000000 0.000000
8039.866699 0.000000 3148.344238 0.000000 0.902595 0.000000 0.430492 0.000000 0.000000 0.000000
8064.354004 0.000000 3154.608398 0.000000 0.439578 0.000000 0.898204 0.000000 0.000000 0.000000
7443.921875 0.000000 3413.387939 0.000000 0.567677 0.000000 0.823251 0.000000 0.000000 0.000000
7860.600586 0.000000 3242.823242 0.000000 0.744101 0.000000 0.668068 0.000000 0.000000 0.000000
7822.189453 0.000000 3256.053223 0.000000 0.071958 0.000000 0.997408 0.000000 0.000000 0.000000
7850.581543 0.000000 3238.414307 0.000000 0.041265 0.000000 0.999148 0.000000 0.000000 0.000000
7829.035156 0.000000 3260.326416 0.000000 0.687915 0.000000 0.725791 0.000000 0.000000 0.000000
7846.465332 0.000000 3244.707031 0.000000 0.930874 0.000000 0.365341 1.000000 1.000000 1.000000
7875.589355 0.000000 3231.991699 0.000000 0.256497 0.000000 0.966545 1.000000 1.000000 1.000000
7874.164551 0.000000 3238.980957 0.000000 0.636401 0.000000 0.771359 1.000000 1.000000 1.000000
7775.273438 0.000000 3330.970215 0.000000 0.886892 0.000000 0.461977 1.000000 1.000000 1.000000
7774.802246 0.000000 3332.639160 0.000000 0.956553 0.000000 0.291559 1.000000 1.000000 1.000000
7858.281250 0.000000 3319.162842 0.000000 0.574131 0.000000 0.818763 0.000000 0.000000 0.000000
7860.449707 0.000000 3308.854248 0.000000 0.920534 0.000000 0.390663 0.000000 0.000000 0.000000
7862.803711 0.000000 3334.644287 0.000000 0.846507 0.000000 0.532377 0.000000 0.000000 0.000000
7817.453613 0.000000 3338.897461 0.000000 0.028538 0.000000 0.999593 0.000000 0.000000 0.000000
7869.524414 0.000000 3338.091553 0.000000 0.772319 0.000000 0.635235 0.000000 0.000000 0.000000
7855.844727 0.000000 3339.688477 0.000000 0.817540 0.000000 0.575872 0.000000 0.000000 0.000000
7875.834473 0.000000 3332.580566 0.000000 0.818425 0.000000 0.574613 0.000000 0.000000 0.000000
8041.206543 0.000000 3171.668701 0.000000 0.857438 0.000000 0.514588 0.000000 0.000000 0.000000
8031.430176 0.000000 3173.896973 0.000000 0.407193 0.000000 0.913342 0.000000 0.000000 0.000000
8057.729980 0.000000 3203.914551 0.000000 0.845478 0.000000 0.534011 0.000000 0.000000 0.000000
7968.264648 0.000000 3241.477783 0.000000 0.998802 0.000000 0.048940 0.000000 0.000000 0.000000
7981.255371 0.000000 3274.484863 0.000000 0.510686 0.000000 0.859767 0.000000 0.000000 0.000000
8032.264648 0.000000 3241.477783 0.000000 0.685622 0.000000 0.727958 0.000000 0.000000 0.000000
8060.270508 0.000000 3267.943115 0.000000 0.674029 0.000000 0.738705 0.000000 0.000000 0.000000
8061.041992 0.000000 3275.267578 0.000000 0.927406 0.000000 0.374057 0.000000 0.000000 0.000000
8082.736816 0.000000 3213.246094 0.000000 0.590752 0.000000 0.806853 0.000000 0.000000 0.000000
8083.921875 0.000000 3187.450439 0.000000 0.915167 0.000000 0.403075 0.000000 0.000000 0.000000
8077.467773 0.000000 3178.680176 0.000000 0.617915 0.000000 0.786245 0.000000 0.000000 0.000000
8103.866699 0.000000 3204.828613 0.000000 0.727921 0.000000 0.685661 0.000000 0.000000 0.000000
8116.885254 0.000000 3214.876221 0.000000 0.565452 0.000000 0.824782 0.000000 0.000000 0.000000
8083.298340 0.000000 3181.072266 0.000000 0.734534 0.000000 0.678572 0.000000 0.000000 0.000000
8128.290527 0.000000 3197.490234 0.000000 0.999998 0.000000 0.002063 0.000000 0.000000 0.000000
8064.354004 0.000000 3267.577148 0.000000 0.096775 0.000000 0.995306 0.000000 0.000000 0.000000
8118.803711 0.000000 3221.675537 0.000000 0.559116 0.000000 0.829089 0.000000 0.000000 0.000000
8127.683594 0.000000 3232.649902 0.000000 0.061710 0.000000 0.998094 0.000000 0.000000 0.000000
8074.048340 0.000000 3265.109619 0.000000 0.031656 0.000000 0.999499 0.000000 0.000000 0.000000
8121.729980 0.000000 3260.398926 0.000000 0.242124 0.000000 0.970245 0.000000 0.000000 0.000000
8131.834473 0.000000 3219.611816 0.000000 0.975632 0.000000 0.219413 0.000000 0.000000 0.000000
7977.206543 0.000000 3284.637451 0.000000 0.935656 0.000000 0.352913 0.000000 0.000000 0.000000
7956.950195 0.000000 3285.262939 0.000000 0.848463 0.000000 0.529255 0.000000 0.000000 0.000000
7997.733887 0.000000 3310.303955 0.000000 0.998178 0.000000 0.060341 0.000000 0.000000 0.000000
8050.281250 0.000000 3319.162842 0.000000 0.942936 0.000000 0.332975 0.000000 0.000000 0.000000
8061.733887 0.000000 3310.303955 0.000000 0.443670 0.000000 0.896190 0.000000 0.000000 0.000000
8063.683594 0.000000 3289.134277 0.000000 0.586852 0.000000 0.809694 1.000000 1.000000 1.000000
8060.270508 0.000000 3324.427490 0.000000 0.926881 0.000000 0.375354 0.000000 0.000000 0.000000
8057.729980 0.000000 3316.883301 0.000000 0.142797 0.000000 0.989752 0.000000 0.000000 0.000000
8007.693359 0.000000 3307.926270 0.000000 0.401376 0.000000 0.915913 0.000000 0.000000 0.000000
8020.950195 0.000000 3341.747314 0.000000 0.616590 0.000000 0.787284 0.000000 0.000000 0.000000
8063.419434 0.000000 3354.450195 0.000000 0.341426 0.000000 0.939909 0.000000 0.000000 0.000000
8105.206543 0.000000 3284.637451 0.000000 0.299443 0.000000 0.954114 0.000000 0.000000 0.000000
8114.281250 0.000000 3319.162842 0.000000 0.099532 0.000000 0.995034 0.000000 0.000000 0.000000
8127.683594 0.000000 3289.134277 0.000000 0.369949 0.000000 0.929052 0.000000 0.000000 0.000000
8064.290527 0.000000 3310.458984 0.000000 0.938938 0.000000 0.344086 0.000000 0.000000 0.000000
8124.270508 0.000000 3324.427490 0.000000 0.330767 0.000000 0.943712 0.000000 0.000000 0.000000
8115.915527 0.000000 3288.135010 0.000000 0.852436 0.000000 0.522832 0.000000 0.000000 0.000000
8128.354004 0.000000 3324.061523 0.000000 0.000407 0.000000 1.000000 0.000000 0.000000 0.000000
8135.674805 0.000000 3300.039795 0.000000 0.999965 0.000000 0.008336 1.000000 1.000000 1.000000
8130.164551 0.000000 3295.465332 0.000000 0.589888 0.000000 0.807485 0.000000 0.000000 0.000000
8067.589355 0.000000 3344.960449 0.000000 0.932384 0.000000 0.361469 0.000000 0.000000 0.000000
8066.164551 0.000000 3351.949707 0.000000 0.627778 0.000000 0.778392 0.000000 0.000000 0.000000
"}
object={
	name="european_dynamic_forestry_objects_generator_1_1"
	clamp_to_water_level=no
	render_under_water=no
	generated_content=yes
	layer="forestry_dynamic"
	pdxmesh="generic_rural_forestry_camp_02_mesh"
	count=74
	transform="1874.736938 0.000000 2253.011719 0.000000 0.647498 0.000000 -0.762067 0.000000 0.000000 0.000000
1965.790894 0.000000 2272.713135 0.000000 0.085167 0.000000 -0.996367 1.000000 1.000000 1.000000
155.221832 0.000000 3265.637939 0.000000 0.743234 0.000000 -0.669031 0.000000 0.000000 0.000000
2505.453857 0.000000 2661.084961 0.000000 0.999049 0.000000 -0.043603 1.000000 1.000000 1.000000
7981.233887 0.000000 421.287903 0.000000 0.292350 0.000000 -0.956311 1.000000 1.000000 1.000000
4743.693359 0.000000 2686.598145 0.000000 0.845862 0.000000 -0.533402 0.000000 0.000000 0.000000
5327.347656 0.000000 3558.799805 0.000000 0.098368 0.000000 -0.995150 0.000000 0.000000 0.000000
6954.581543 0.000000 3294.898682 0.000000 0.520182 0.000000 -0.854056 0.000000 0.000000 0.000000
6886.465332 0.000000 3527.128906 0.000000 0.999973 0.000000 -0.007328 0.000000 0.000000 0.000000
6931.921875 0.000000 3526.356689 0.000000 0.768725 0.000000 -0.639580 0.000000 0.000000 0.000000
6997.428223 0.000000 3534.378906 0.000000 0.395580 0.000000 -0.918431 0.000000 0.000000 0.000000
7686.599121 0.000000 2820.835205 0.000000 0.994694 0.000000 -0.102880 1.000000 1.000000 1.000000
7932.270508 0.000000 3154.974365 0.000000 0.657315 0.000000 -0.753616 0.000000 0.000000 0.000000
7913.206543 0.000000 3171.668701 0.000000 0.742722 0.000000 -0.669600 0.000000 0.000000 0.000000
7900.282227 0.000000 3200.020996 0.000000 0.996179 0.000000 -0.087337 1.000000 1.000000 1.000000
7926.803711 0.000000 3165.191162 0.000000 0.937227 0.000000 -0.348721 0.000000 0.000000 0.000000
7935.419434 0.000000 3184.997070 0.000000 0.372569 0.000000 -0.928005 0.000000 0.000000 0.000000
7826.736816 0.000000 3269.730469 0.000000 0.720850 0.000000 -0.693091 0.000000 0.000000 0.000000
7840.264648 0.000000 3241.477783 0.000000 0.696529 0.000000 -0.717529 0.000000 0.000000 0.000000
7818.048340 0.000000 3265.109619 0.000000 0.349074 0.000000 -0.937095 0.000000 0.000000 0.000000
7835.221680 0.000000 3265.637939 0.000000 0.997773 0.000000 -0.066701 0.000000 0.000000 0.000000
7935.683594 0.000000 3232.649902 0.000000 0.592486 0.000000 -0.805581 1.000000 1.000000 1.000000
7805.041992 0.000000 3331.751953 0.000000 0.213876 0.000000 -0.976861 0.000000 0.000000 0.000000
7714.074219 0.000000 3338.097900 0.000000 0.876639 0.000000 -0.481148 1.000000 1.000000 1.000000
7798.803711 0.000000 3334.644287 0.000000 0.993262 0.000000 -0.115894 0.000000 0.000000 0.000000
7826.736816 0.000000 3326.214844 0.000000 0.088695 0.000000 -0.996059 0.000000 0.000000 0.000000
7834.840820 0.000000 3302.798096 0.000000 0.987402 0.000000 -0.158230 0.000000 0.000000 0.000000
7869.041992 0.000000 3331.751953 0.000000 0.424920 0.000000 -0.905231 1.000000 1.000000 1.000000
7823.347656 0.000000 3332.862305 0.000000 0.491983 0.000000 -0.870605 0.000000 0.000000 0.000000
7842.074219 0.000000 3338.097900 0.000000 0.854773 0.000000 -0.519001 0.000000 0.000000 0.000000
7986.281250 0.000000 3206.194092 0.000000 0.548745 0.000000 -0.835990 0.000000 0.000000 0.000000
7949.467773 0.000000 3178.680176 0.000000 0.724558 0.000000 -0.689214 0.000000 0.000000 0.000000
8000.354004 0.000000 3211.092773 0.000000 0.798204 0.000000 -0.602387 0.000000 0.000000 0.000000
8007.674805 0.000000 3187.071045 0.000000 0.593513 0.000000 -0.804824 0.000000 0.000000 0.000000
8030.802246 0.000000 3163.186035 0.000000 0.906876 0.000000 -0.421397 0.000000 0.000000 0.000000
8063.419434 0.000000 3184.997070 0.000000 0.915825 0.000000 -0.401577 0.000000 0.000000 0.000000
7936.354004 0.000000 3267.577148 0.000000 0.184569 0.000000 -0.982820 0.000000 0.000000 0.000000
7964.282227 0.000000 3256.505371 0.000000 0.067710 0.000000 -0.997705 0.000000 0.000000 0.000000
7956.950195 0.000000 3228.778564 0.000000 0.965434 0.000000 -0.260646 0.000000 0.000000 0.000000
7939.589355 0.000000 3231.991699 0.000000 0.814862 0.000000 -0.579655 0.000000 0.000000 0.000000
7955.921875 0.000000 3243.934814 0.000000 0.773169 0.000000 -0.634200 1.000000 1.000000 1.000000
8054.803711 0.000000 3221.675537 0.000000 0.995086 0.000000 -0.099018 0.000000 0.000000 0.000000
8063.419434 0.000000 3241.481445 0.000000 0.787944 0.000000 -0.615746 0.000000 0.000000 0.000000
8014.146973 0.000000 3241.462891 0.000000 0.519472 0.000000 -0.854488 0.000000 0.000000 0.000000
8092.282227 0.000000 3200.020996 0.000000 0.808193 0.000000 -0.588918 0.000000 0.000000 0.000000
8114.281250 0.000000 3206.194092 0.000000 0.467188 0.000000 -0.884158 0.000000 0.000000 0.000000
8127.419434 0.000000 3184.997070 0.000000 0.236096 0.000000 -0.971730 0.000000 0.000000 0.000000
8114.281250 0.000000 3262.678467 0.000000 0.784946 0.000000 -0.619564 0.000000 0.000000 0.000000
8116.600586 0.000000 3242.823242 0.000000 0.999996 0.000000 -0.002691 0.000000 0.000000 0.000000
8082.736816 0.000000 3269.730469 0.000000 0.609095 0.000000 -0.793097 0.000000 0.000000 0.000000
8109.255371 0.000000 3274.484863 0.000000 0.963506 0.000000 -0.267688 0.000000 0.000000 0.000000
8071.693359 0.000000 3251.441895 0.000000 0.976934 0.000000 -0.213544 0.000000 0.000000 0.000000
8146.736816 0.000000 3269.730469 0.000000 0.686935 0.000000 -0.726719 0.000000 0.000000 0.000000
8138.048340 0.000000 3265.109619 0.000000 0.981667 0.000000 -0.190606 0.000000 0.000000 0.000000
7978.581543 0.000000 3294.898682 0.000000 0.296653 0.000000 -0.954985 1.000000 1.000000 1.000000
8045.255371 0.000000 3330.969238 0.000000 0.511392 0.000000 -0.859347 0.000000 0.000000 0.000000
8063.419434 0.000000 3297.965820 0.000000 0.712807 0.000000 -0.701360 0.000000 0.000000 0.000000
8009.453613 0.000000 3282.413086 0.000000 0.961257 0.000000 -0.275654 0.000000 0.000000 0.000000
8061.524414 0.000000 3281.607178 0.000000 0.479749 0.000000 -0.877406 0.000000 0.000000 0.000000
8019.921875 0.000000 3356.903564 0.000000 0.999877 0.000000 -0.015696 0.000000 0.000000 0.000000
8013.467773 0.000000 3348.133301 0.000000 0.676611 0.000000 -0.736341 0.000000 0.000000 0.000000
8045.901367 0.000000 3333.532471 0.000000 0.551621 0.000000 -0.834095 0.000000 0.000000 0.000000
8064.354004 0.000000 3324.061523 0.000000 0.152763 0.000000 -0.988263 0.000000 0.000000 0.000000
8096.264648 0.000000 3297.962158 0.000000 0.703448 0.000000 -0.710747 0.000000 0.000000 0.000000
8118.803711 0.000000 3278.159912 0.000000 0.176475 0.000000 -0.984305 0.000000 0.000000 0.000000
8091.221680 0.000000 3322.122314 0.000000 0.565754 0.000000 -0.824574 0.000000 0.000000 0.000000
8109.901367 0.000000 3277.048096 0.000000 0.940421 0.000000 -0.340013 0.000000 0.000000 0.000000
8127.419434 0.000000 3297.965820 0.000000 0.833698 0.000000 -0.552220 0.000000 0.000000 0.000000
8097.639160 0.000000 3306.131348 0.000000 0.265369 0.000000 -0.964147 0.000000 0.000000 0.000000
8138.048340 0.000000 3321.593994 0.000000 0.582365 0.000000 -0.812928 0.000000 0.000000 0.000000
8134.599121 0.000000 3329.194580 0.000000 0.884778 0.000000 -0.466013 0.000000 0.000000 0.000000
8067.834473 0.000000 3332.580566 0.000000 0.829856 0.000000 -0.557978 0.000000 0.000000 0.000000
8073.453613 0.000000 3338.897461 0.000000 0.569792 0.000000 -0.821789 0.000000 0.000000 0.000000
8131.834473 0.000000 3332.580566 0.000000 0.473029 0.000000 -0.881047 0.000000 0.000000 0.000000
"}
