object={
	name="european_dynamic_farmland_objects_generator_1_0"
	clamp_to_water_level=no
	render_under_water=no
	generated_content=yes
	layer="farms_dynamic"
	pdxmesh="european_province_farm_01_mesh"
	count=108
	transform="1353.939697 0.000000 2387.632080 0.000000 0.104635 0.000000 0.994511 1.000000 1.000000 1.000000
1360.764038 0.000000 2388.295654 0.000000 0.478308 0.000000 0.878192 1.000000 1.000000 1.000000
423.866577 0.000000 3035.375488 0.000000 0.379021 0.000000 0.925388 0.000000 0.000000 0.000000
489.423431 0.000000 3026.093994 0.000000 0.345117 0.000000 0.938560 0.000000 0.000000 0.000000
461.646271 0.000000 3034.418213 0.000000 0.650888 0.000000 0.759173 0.000000 0.000000 0.000000
465.216461 0.000000 3033.553223 0.000000 0.071737 0.000000 0.997424 0.000000 0.000000 0.000000
484.176422 0.000000 3037.691406 0.000000 0.353494 0.000000 0.935437 1.000000 1.000000 1.000000
461.152710 0.000000 3038.902832 0.000000 0.382448 0.000000 0.923977 1.000000 1.000000 1.000000
521.163696 0.000000 3032.972656 0.000000 0.610359 0.000000 0.792125 0.000000 0.000000 0.000000
512.390503 0.000000 3037.221924 0.000000 0.418071 0.000000 0.908414 1.000000 1.000000 1.000000
519.290527 0.000000 3036.517090 0.000000 0.504138 0.000000 0.863623 0.000000 0.000000 0.000000
1191.675415 0.000000 2766.023926 0.000000 0.527712 0.000000 0.849423 0.000000 0.000000 0.000000
1190.192993 0.000000 2773.441162 0.000000 0.075038 0.000000 0.997181 1.000000 1.000000 1.000000
1357.467529 0.000000 2952.742676 0.000000 0.044359 0.000000 0.999016 0.000000 0.000000 0.000000
1396.612793 0.000000 2952.899414 0.000000 0.591759 0.000000 0.806115 1.000000 1.000000 1.000000
1360.764038 0.000000 2953.139404 0.000000 0.597158 0.000000 0.802123 1.000000 1.000000 1.000000
1433.268799 0.000000 2953.596680 0.000000 0.288713 0.000000 0.957416 0.000000 0.000000 0.000000
1535.419312 0.000000 2959.059570 0.000000 0.016483 0.000000 0.999864 0.000000 0.000000 0.000000
1494.343750 0.000000 2954.579834 0.000000 0.403899 0.000000 0.914804 0.000000 0.000000 0.000000
1537.476685 0.000000 2774.193115 0.000000 0.224340 0.000000 0.974511 0.000000 0.000000 0.000000
1602.164551 0.000000 2956.559082 0.000000 0.513574 0.000000 0.858045 0.000000 0.000000 0.000000
1614.146729 0.000000 2959.041016 0.000000 0.195354 0.000000 0.980733 1.000000 1.000000 1.000000
1637.443237 0.000000 2956.989502 0.000000 0.034244 0.000000 0.999413 1.000000 1.000000 1.000000
1625.550537 0.000000 2948.788818 0.000000 0.186205 0.000000 0.982511 0.000000 0.000000 0.000000
1635.651001 0.000000 2960.129883 0.000000 0.203941 0.000000 0.978983 1.000000 1.000000 1.000000
1716.600708 0.000000 2960.401367 0.000000 0.342156 0.000000 0.939643 0.000000 0.000000 0.000000
1780.600708 0.000000 2960.401367 0.000000 0.462253 0.000000 0.886748 0.000000 0.000000 0.000000
1763.651001 0.000000 2960.129883 0.000000 0.527218 0.000000 0.849730 0.000000 0.000000 0.000000
1840.015381 0.000000 2964.968994 0.000000 0.007539 0.000000 0.999972 1.000000 1.000000 1.000000
1904.015381 0.000000 2964.968994 0.000000 0.152177 0.000000 0.988353 1.000000 1.000000 1.000000
1932.652466 0.000000 2962.614258 0.000000 0.197055 0.000000 0.980393 0.000000 0.000000 0.000000
2228.885254 0.000000 2141.673096 0.000000 0.112759 0.000000 0.993622 0.000000 0.000000 0.000000
2238.612305 0.000000 2141.562256 0.000000 0.419274 0.000000 0.907860 0.000000 0.000000 0.000000
2231.010986 0.000000 2144.874756 0.000000 0.019238 0.000000 0.999815 1.000000 1.000000 1.000000
2232.579102 0.000000 2139.084229 0.000000 0.424007 0.000000 0.905659 1.000000 1.000000 1.000000
2246.599365 0.000000 2143.022705 0.000000 0.624794 0.000000 0.780790 0.000000 0.000000 0.000000
2221.901367 0.000000 2147.360596 0.000000 0.446625 0.000000 0.894721 0.000000 0.000000 0.000000
2221.456787 0.000000 2150.619873 0.000000 0.007160 0.000000 0.999974 1.000000 1.000000 1.000000
2219.551025 0.000000 2153.206055 0.000000 0.070681 0.000000 0.997499 0.000000 0.000000 0.000000
2225.495361 0.000000 2146.506348 0.000000 0.226044 0.000000 0.974117 1.000000 1.000000 1.000000
2250.448242 0.000000 2150.011230 0.000000 0.418800 0.000000 0.908079 1.000000 1.000000 1.000000
6778.815430 0.000000 741.866028 0.000000 0.542188 0.000000 0.840257 1.000000 1.000000 1.000000
6873.164062 0.000000 733.671936 0.000000 0.417880 0.000000 0.908502 1.000000 1.000000 1.000000
6808.982910 0.000000 738.170776 0.000000 0.154212 0.000000 0.988038 1.000000 1.000000 1.000000
6872.982910 0.000000 738.170776 0.000000 0.487110 0.000000 0.873341 1.000000 1.000000 1.000000
7158.117188 0.000000 741.318298 0.000000 0.313734 0.000000 0.949511 0.000000 0.000000 0.000000
7903.085938 0.000000 403.019501 0.000000 0.102585 0.000000 0.994724 0.000000 0.000000 0.000000
7905.860352 0.000000 404.131805 0.000000 0.157781 0.000000 0.987474 0.000000 0.000000 0.000000
7974.270996 0.000000 396.797546 0.000000 0.405107 0.000000 0.914269 0.000000 0.000000 0.000000
7987.006836 0.000000 403.835724 0.000000 0.169032 0.000000 0.985611 0.000000 0.000000 0.000000
7407.152344 0.000000 497.345703 0.000000 0.483905 0.000000 0.875121 1.000000 1.000000 1.000000
7415.033203 0.000000 490.322906 0.000000 0.235212 0.000000 0.971944 1.000000 1.000000 1.000000
7413.008789 0.000000 496.096863 0.000000 0.423309 0.000000 0.905985 0.000000 0.000000 0.000000
7416.270996 0.000000 472.384705 0.000000 0.336918 0.000000 0.941534 1.000000 1.000000 1.000000
7383.427734 0.000000 670.323486 0.000000 0.561912 0.000000 0.827197 0.000000 0.000000 0.000000
7401.605957 0.000000 658.809631 0.000000 0.517062 0.000000 0.855948 0.000000 0.000000 0.000000
7389.565918 0.000000 664.626892 0.000000 0.645267 0.000000 0.763957 1.000000 1.000000 1.000000
7378.867188 0.000000 664.292053 0.000000 0.608396 0.000000 0.793634 1.000000 1.000000 1.000000
7450.661621 0.000000 473.312683 0.000000 0.300475 0.000000 0.953790 0.000000 0.000000 0.000000
7462.737793 0.000000 490.352875 0.000000 0.413289 0.000000 0.910600 1.000000 1.000000 1.000000
7465.246582 0.000000 500.186768 0.000000 0.420012 0.000000 0.907519 1.000000 1.000000 1.000000
7466.622559 0.000000 505.900055 0.000000 0.481044 0.000000 0.876697 1.000000 1.000000 1.000000
7455.273438 0.000000 676.204529 0.000000 0.318091 0.000000 0.948060 0.000000 0.000000 0.000000
7458.997070 0.000000 677.291565 0.000000 0.327977 0.000000 0.944686 0.000000 0.000000 0.000000
7221.757812 0.000000 866.630371 0.000000 0.173854 0.000000 0.984771 0.000000 0.000000 0.000000
7469.791016 0.000000 747.635010 0.000000 0.165408 0.000000 0.986225 0.000000 0.000000 0.000000
7114.048340 0.000000 1175.187866 0.000000 0.239274 0.000000 0.970952 0.000000 0.000000 0.000000
7120.020996 0.000000 1173.915771 0.000000 0.273628 0.000000 0.961836 0.000000 0.000000 0.000000
7104.390625 0.000000 1173.237671 0.000000 0.370674 0.000000 0.928763 0.000000 0.000000 0.000000
7111.290527 0.000000 1172.532593 0.000000 0.321849 0.000000 0.946791 0.000000 0.000000 0.000000
7499.443359 0.000000 933.737061 0.000000 0.532746 0.000000 0.846275 0.000000 0.000000 0.000000
4589.060059 0.000000 2527.704346 0.000000 0.582157 0.000000 0.813076 1.000000 1.000000 1.000000
4654.444824 0.000000 2536.674805 0.000000 0.037291 0.000000 0.999304 0.000000 0.000000 0.000000
4621.152832 0.000000 2530.543457 0.000000 0.560612 0.000000 0.828078 1.000000 1.000000 1.000000
4675.856934 0.000000 2535.384521 0.000000 0.575241 0.000000 0.817984 0.000000 0.000000 0.000000
4701.075684 0.000000 2537.712646 0.000000 0.436023 0.000000 0.899935 1.000000 1.000000 1.000000
4460.877441 0.000000 3140.427490 0.000000 0.505358 0.000000 0.862910 1.000000 1.000000 1.000000
5063.693359 0.000000 2743.082520 0.000000 0.589244 0.000000 0.807956 0.000000 0.000000 0.000000
5072.913574 0.000000 2743.820068 0.000000 0.230060 0.000000 0.973176 1.000000 1.000000 1.000000
5067.937012 0.000000 2744.019287 0.000000 0.087243 0.000000 0.996187 1.000000 1.000000 1.000000
5085.536621 0.000000 2751.263184 0.000000 0.506140 0.000000 0.862451 1.000000 1.000000 1.000000
5116.718750 0.000000 2752.481445 0.000000 0.497935 0.000000 0.867215 0.000000 0.000000 0.000000
5116.365723 0.000000 2770.462158 0.000000 0.250445 0.000000 0.968131 1.000000 1.000000 1.000000
4388.314453 0.000000 3273.005371 0.000000 0.206803 0.000000 0.978383 1.000000 1.000000 1.000000
4393.896973 0.000000 3276.122070 0.000000 0.496111 0.000000 0.868259 0.000000 0.000000 0.000000
4404.340820 0.000000 3276.429932 0.000000 0.256332 0.000000 0.966589 0.000000 0.000000 0.000000
4436.950195 0.000000 3285.262939 0.000000 0.052649 0.000000 0.998613 0.000000 0.000000 0.000000
4522.549316 0.000000 3287.205078 0.000000 0.352010 0.000000 0.935996 0.000000 0.000000 0.000000
4553.939941 0.000000 3291.382080 0.000000 0.325151 0.000000 0.945662 0.000000 0.000000 0.000000
4560.764160 0.000000 3292.045654 0.000000 0.552976 0.000000 0.833197 1.000000 1.000000 1.000000
5139.298340 0.000000 2785.681641 0.000000 0.494879 0.000000 0.868962 0.000000 0.000000 0.000000
5133.333984 0.000000 2772.063721 0.000000 0.653877 0.000000 0.756601 0.000000 0.000000 0.000000
5130.448242 0.000000 2771.339355 0.000000 0.184955 0.000000 0.982747 1.000000 1.000000 1.000000
5172.969238 0.000000 2772.092285 0.000000 0.246466 0.000000 0.969151 1.000000 1.000000 1.000000
5798.465332 0.000000 2905.800781 0.000000 0.053207 0.000000 0.998583 1.000000 1.000000 1.000000
5786.661621 0.000000 2902.140869 0.000000 0.437237 0.000000 0.899346 0.000000 0.000000 0.000000
5782.596680 0.000000 2901.234375 0.000000 0.203194 0.000000 0.979138 0.000000 0.000000 0.000000
5810.335449 0.000000 2901.596191 0.000000 0.080063 0.000000 0.996790 1.000000 1.000000 1.000000
5782.343750 0.000000 2898.095459 0.000000 0.037391 0.000000 0.999301 1.000000 1.000000 1.000000
5787.116211 0.000000 2899.178467 0.000000 0.316263 0.000000 0.948672 1.000000 1.000000 1.000000
5982.600098 0.000000 2930.406738 0.000000 0.356573 0.000000 0.934267 1.000000 1.000000 1.000000
5988.176270 0.000000 2924.722656 0.000000 0.399393 0.000000 0.916780 1.000000 1.000000 1.000000
5692.880859 0.000000 3073.385986 0.000000 0.438377 0.000000 0.898791 0.000000 0.000000 0.000000
5886.018555 0.000000 3076.051270 0.000000 0.246634 0.000000 0.969109 0.000000 0.000000 0.000000
5224.221680 0.000000 3183.568359 0.000000 0.022001 0.000000 0.999758 1.000000 1.000000 1.000000
5322.422852 0.000000 3186.872559 0.000000 0.459494 0.000000 0.888181 1.000000 1.000000 1.000000
6524.365723 0.000000 2883.430908 0.000000 0.245577 0.000000 0.969377 0.000000 0.000000 0.000000
6672.764160 0.000000 3292.045654 0.000000 0.050719 0.000000 0.998713 1.000000 1.000000 1.000000
"}
object={
	name="european_dynamic_farmland_objects_generator_1_1"
	clamp_to_water_level=no
	render_under_water=no
	generated_content=yes
	layer="farms_dynamic"
	pdxmesh="european_province_farm_02_mesh"
	count=111
	transform="1363.298462 0.000000 2390.291016 0.000000 0.951074 0.000000 0.308964 0.000000 0.000000 0.000000
1366.003418 0.000000 2386.046143 0.000000 0.684483 0.000000 0.729029 1.000000 1.000000 1.000000
1289.095337 0.000000 2553.784180 0.000000 0.950938 0.000000 0.309380 0.000000 0.000000 0.000000
1366.343750 0.000000 2559.189209 0.000000 0.671642 0.000000 0.740876 1.000000 1.000000 1.000000
1511.443970 0.000000 2553.086182 0.000000 0.984621 0.000000 0.174707 0.000000 0.000000 0.000000
469.428101 0.000000 3026.019531 0.000000 0.834613 0.000000 0.550837 1.000000 1.000000 1.000000
505.730042 0.000000 3034.461426 0.000000 0.960945 0.000000 0.276738 0.000000 0.000000 0.000000
510.112122 0.000000 3037.590576 0.000000 0.952316 0.000000 0.305115 1.000000 1.000000 1.000000
448.390503 0.000000 3037.221924 0.000000 0.918664 0.000000 0.395040 0.000000 0.000000 0.000000
484.219879 0.000000 3033.829346 0.000000 0.664476 0.000000 0.747310 0.000000 0.000000 0.000000
486.737762 0.000000 3032.149658 0.000000 0.850571 0.000000 0.525860 1.000000 1.000000 1.000000
501.008698 0.000000 3037.893799 0.000000 0.989315 0.000000 0.145794 1.000000 1.000000 1.000000
513.602234 0.000000 3024.045166 0.000000 0.881857 0.000000 0.471517 1.000000 1.000000 1.000000
516.219482 0.000000 3026.305908 0.000000 0.731426 0.000000 0.681920 1.000000 1.000000 1.000000
519.290405 0.000000 3028.344238 0.000000 0.893219 0.000000 0.449622 1.000000 1.000000 1.000000
1531.875732 0.000000 2781.940674 0.000000 0.748570 0.000000 0.663055 1.000000 1.000000 1.000000
1533.449707 0.000000 2777.220459 0.000000 0.871913 0.000000 0.489660 0.000000 0.000000 0.000000
1399.430908 0.000000 2951.064453 0.000000 0.716396 0.000000 0.697694 0.000000 0.000000 0.000000
1404.880859 0.000000 2960.417236 0.000000 0.895253 0.000000 0.445558 1.000000 1.000000 1.000000
1599.419312 0.000000 2959.059570 0.000000 0.877166 0.000000 0.480187 0.000000 0.000000 0.000000
1620.950073 0.000000 2946.356689 0.000000 0.987961 0.000000 0.154702 0.000000 0.000000 0.000000
1632.264404 0.000000 2959.055908 0.000000 0.661592 0.000000 0.749864 0.000000 0.000000 0.000000
1732.219482 0.000000 2969.821533 0.000000 0.970989 0.000000 0.239124 1.000000 1.000000 1.000000
1951.949707 0.000000 2971.443604 0.000000 0.765890 0.000000 0.642972 0.000000 0.000000 0.000000
2233.729980 0.000000 2130.711426 0.000000 0.876020 0.000000 0.482274 0.000000 0.000000 0.000000
2230.872314 0.000000 2136.256348 0.000000 0.881772 0.000000 0.471675 0.000000 0.000000 0.000000
2249.597900 0.000000 2139.797363 0.000000 0.982152 0.000000 0.188091 0.000000 0.000000 0.000000
2246.827393 0.000000 2145.920654 0.000000 0.968062 0.000000 0.250711 0.000000 0.000000 0.000000
2221.790771 0.000000 2159.744385 0.000000 0.749607 0.000000 0.661883 0.000000 0.000000 0.000000
2218.157715 0.000000 2169.242432 0.000000 0.926209 0.000000 0.377009 1.000000 1.000000 1.000000
2228.968994 0.000000 2150.764160 0.000000 0.915969 0.000000 0.401249 0.000000 0.000000 0.000000
2218.549316 0.000000 2157.517578 0.000000 0.869414 0.000000 0.494085 1.000000 1.000000 1.000000
2257.653076 0.000000 2154.875732 0.000000 0.939905 0.000000 0.341437 1.000000 1.000000 1.000000
6742.302246 0.000000 739.350952 0.000000 0.988388 0.000000 0.151949 0.000000 0.000000 0.000000
6790.599121 0.000000 730.913452 0.000000 0.946372 0.000000 0.323078 0.000000 0.000000 0.000000
6796.406250 0.000000 735.245178 0.000000 0.719230 0.000000 0.694772 0.000000 0.000000 0.000000
6799.844238 0.000000 737.424072 0.000000 0.930795 0.000000 0.365541 0.000000 0.000000 0.000000
6934.797363 0.000000 735.271484 0.000000 0.976126 0.000000 0.217207 0.000000 0.000000 0.000000
6946.074219 0.000000 739.816650 0.000000 0.888424 0.000000 0.459024 1.000000 1.000000 1.000000
6938.844238 0.000000 736.014343 0.000000 0.721607 0.000000 0.692303 0.000000 0.000000 0.000000
6942.227539 0.000000 738.854248 0.000000 0.926216 0.000000 0.376993 1.000000 1.000000 1.000000
6922.448242 0.000000 737.901794 0.000000 0.801686 0.000000 0.597746 0.000000 0.000000 0.000000
7945.453613 0.000000 401.709991 0.000000 0.682007 0.000000 0.731345 0.000000 0.000000 0.000000
7411.720703 0.000000 489.746765 0.000000 0.725987 0.000000 0.687709 0.000000 0.000000 0.000000
7402.064453 0.000000 503.198792 0.000000 0.986889 0.000000 0.161402 1.000000 1.000000 1.000000
7413.811523 0.000000 493.174072 0.000000 0.955327 0.000000 0.295551 1.000000 1.000000 1.000000
7410.335449 0.000000 472.768036 0.000000 0.972765 0.000000 0.231795 0.000000 0.000000 0.000000
7415.879395 0.000000 495.069824 0.000000 0.973523 0.000000 0.228588 1.000000 1.000000 1.000000
7465.605957 0.000000 489.356506 0.000000 0.863158 0.000000 0.504935 1.000000 1.000000 1.000000
7466.064453 0.000000 503.198792 0.000000 0.988132 0.000000 0.153606 1.000000 1.000000 1.000000
7469.255371 0.000000 676.203613 0.000000 0.915726 0.000000 0.401804 1.000000 1.000000 1.000000
7473.605957 0.000000 674.182007 0.000000 0.908729 0.000000 0.417387 0.000000 0.000000 0.000000
7430.113770 0.000000 660.286621 0.000000 0.760450 0.000000 0.649396 1.000000 1.000000 1.000000
7479.879395 0.000000 664.522949 0.000000 0.890618 0.000000 0.454753 1.000000 1.000000 1.000000
7515.221680 0.000000 667.356689 0.000000 0.889249 0.000000 0.457423 0.000000 0.000000 0.000000
7514.771973 0.000000 671.238403 0.000000 0.770117 0.000000 0.637903 0.000000 0.000000 0.000000
7237.348633 0.000000 742.738647 0.000000 0.963029 0.000000 0.269397 0.000000 0.000000 0.000000
7457.860352 0.000000 743.038025 0.000000 0.687113 0.000000 0.726551 0.000000 0.000000 0.000000
7551.419434 0.000000 925.622070 0.000000 0.708652 0.000000 0.705558 0.000000 0.000000 0.000000
7571.921875 0.000000 928.075439 0.000000 0.655404 0.000000 0.755279 0.000000 0.000000 0.000000
7562.422852 0.000000 927.497559 0.000000 0.935409 0.000000 0.353566 1.000000 1.000000 1.000000
4608.390625 0.000000 2528.862549 0.000000 0.739303 0.000000 0.673373 0.000000 0.000000 0.000000
4636.116211 0.000000 2540.728027 0.000000 0.883971 0.000000 0.467541 1.000000 1.000000 1.000000
4672.354004 0.000000 2533.280273 0.000000 0.874481 0.000000 0.485059 0.000000 0.000000 0.000000
4682.048340 0.000000 2530.812744 0.000000 0.952608 0.000000 0.304200 0.000000 0.000000 0.000000
4675.716309 0.000000 2526.418701 0.000000 0.655194 0.000000 0.755461 0.000000 0.000000 0.000000
4681.597656 0.000000 2535.187988 0.000000 0.853792 0.000000 0.520614 1.000000 1.000000 1.000000
4700.116211 0.000000 2540.728027 0.000000 0.843602 0.000000 0.536969 1.000000 1.000000 1.000000
4465.158691 0.000000 3141.269043 0.000000 0.681893 0.000000 0.731452 1.000000 1.000000 1.000000
4455.131348 0.000000 3141.619873 0.000000 0.671475 0.000000 0.741027 1.000000 1.000000 1.000000
4469.610352 0.000000 3142.133545 0.000000 0.892338 0.000000 0.451367 0.000000 0.000000 0.000000
4597.008789 0.000000 3150.862549 0.000000 0.934540 0.000000 0.355858 1.000000 1.000000 1.000000
5108.392090 0.000000 2759.636719 0.000000 0.766996 0.000000 0.641651 1.000000 1.000000 1.000000
5114.107422 0.000000 2766.450439 0.000000 0.706540 0.000000 0.707674 1.000000 1.000000 1.000000
4383.273438 0.000000 3274.485840 0.000000 0.836511 0.000000 0.547950 1.000000 1.000000 1.000000
4386.997070 0.000000 3275.572754 0.000000 0.894709 0.000000 0.446649 1.000000 1.000000 1.000000
4386.074219 0.000000 3281.613525 0.000000 0.747478 0.000000 0.664286 0.000000 0.000000 0.000000
4535.430664 0.000000 3289.970703 0.000000 0.699337 0.000000 0.714793 0.000000 0.000000 0.000000
4574.773926 0.000000 3292.565430 0.000000 0.946230 0.000000 0.323496 0.000000 0.000000 0.000000
4566.596680 0.000000 3296.625000 0.000000 0.739509 0.000000 0.673146 1.000000 1.000000 1.000000
5129.163574 0.000000 2750.550781 0.000000 0.854855 0.000000 0.518867 1.000000 1.000000 1.000000
5120.073242 0.000000 2749.811523 0.000000 0.809587 0.000000 0.587000 1.000000 1.000000 1.000000
5123.856934 0.000000 2761.322021 0.000000 0.739035 0.000000 0.673667 0.000000 0.000000 0.000000
5127.290527 0.000000 2754.095215 0.000000 0.708579 0.000000 0.705631 0.000000 0.000000 0.000000
5133.467773 0.000000 2783.289551 0.000000 0.944325 0.000000 0.329015 0.000000 0.000000 0.000000
5134.716309 0.000000 2777.468018 0.000000 0.895580 0.000000 0.444900 0.000000 0.000000 0.000000
5137.653320 0.000000 2776.203857 0.000000 0.725433 0.000000 0.688293 0.000000 0.000000 0.000000
5132.406250 0.000000 2768.682617 0.000000 0.952434 0.000000 0.304746 0.000000 0.000000 0.000000
5533.536621 0.000000 2864.231934 0.000000 0.815691 0.000000 0.578488 1.000000 1.000000 1.000000
5756.880859 0.000000 2903.932861 0.000000 0.779627 0.000000 0.626244 1.000000 1.000000 1.000000
5773.467773 0.000000 2896.258301 0.000000 0.888417 0.000000 0.459037 0.000000 0.000000 0.000000
5777.893555 0.000000 2894.017822 0.000000 0.775347 0.000000 0.631536 0.000000 0.000000 0.000000
5783.828125 0.000000 2904.879883 0.000000 0.797351 0.000000 0.603516 0.000000 0.000000 0.000000
5803.534668 0.000000 2896.692871 0.000000 0.903138 0.000000 0.429350 1.000000 1.000000 1.000000
5800.221680 0.000000 2901.146484 0.000000 0.977728 0.000000 0.209874 1.000000 1.000000 1.000000
5993.927734 0.000000 2925.436279 0.000000 0.935495 0.000000 0.353340 0.000000 0.000000 0.000000
5981.565918 0.000000 2924.001953 0.000000 0.960054 0.000000 0.279813 1.000000 1.000000 1.000000
5981.075684 0.000000 2933.103271 0.000000 0.741566 0.000000 0.670880 0.000000 0.000000 0.000000
5899.443359 0.000000 3080.143311 0.000000 0.787645 0.000000 0.616129 1.000000 1.000000 1.000000
6012.880859 0.000000 3073.385986 0.000000 0.981367 0.000000 0.192140 0.000000 0.000000 0.000000
5236.612793 0.000000 3178.836914 0.000000 0.988222 0.000000 0.153024 0.000000 0.000000 0.000000
5240.270996 0.000000 3183.634766 0.000000 0.974037 0.000000 0.226387 0.000000 0.000000 0.000000
5226.549316 0.000000 3174.236328 0.000000 0.905910 0.000000 0.423471 1.000000 1.000000 1.000000
5260.396484 0.000000 3175.632812 0.000000 0.951766 0.000000 0.306825 1.000000 1.000000 1.000000
5321.939941 0.000000 3178.413330 0.000000 0.979557 0.000000 0.201167 1.000000 1.000000 1.000000
6436.101074 0.000000 2872.080078 0.000000 0.735190 0.000000 0.677861 1.000000 1.000000 1.000000
6516.885254 0.000000 2875.969971 0.000000 0.667451 0.000000 0.744654 0.000000 0.000000 0.000000
6477.066406 0.000000 2877.435059 0.000000 0.721156 0.000000 0.692773 1.000000 1.000000 1.000000
6473.349609 0.000000 2876.773926 0.000000 0.852003 0.000000 0.523537 1.000000 1.000000 1.000000
6509.901367 0.000000 2881.657471 0.000000 0.722823 0.000000 0.691033 0.000000 0.000000 0.000000
6505.896973 0.000000 2880.731445 0.000000 0.830454 0.000000 0.557088 1.000000 1.000000 1.000000
"}
object={
	name="european_dynamic_farmland_objects_generator_1_2"
	clamp_to_water_level=no
	render_under_water=no
	generated_content=yes
	layer="farms_dynamic"
	pdxmesh="european_farm_farmhouse_01_mesh"
	count=134
	transform="563.720520 0.000000 1958.340576 0.000000 0.942357 0.000000 -0.334608 0.000000 0.000000 0.000000
1366.343750 0.000000 2389.736084 0.000000 0.973573 0.000000 -0.228378 1.000000 1.000000 1.000000
1371.115967 0.000000 2390.819092 0.000000 0.886547 0.000000 -0.462638 1.000000 1.000000 1.000000
1264.446289 0.000000 2552.627686 0.000000 0.992459 0.000000 -0.122576 0.000000 0.000000 0.000000
425.927551 0.000000 3038.405029 0.000000 0.971945 0.000000 -0.235209 0.000000 0.000000 0.000000
476.282135 0.000000 3030.567871 0.000000 0.916943 0.000000 -0.399017 0.000000 0.000000 0.000000
451.716339 0.000000 3034.778076 0.000000 0.970872 0.000000 -0.239597 0.000000 0.000000 0.000000
501.811371 0.000000 3034.970947 0.000000 0.999874 0.000000 0.015906 1.000000 1.000000 1.000000
455.290527 0.000000 3036.517090 0.000000 0.997177 0.000000 0.075088 1.000000 1.000000 1.000000
500.391937 0.000000 3042.058594 0.000000 0.879460 0.000000 -0.475972 1.000000 1.000000 1.000000
466.867188 0.000000 3036.635742 0.000000 0.994399 0.000000 -0.105688 1.000000 1.000000 1.000000
503.033234 0.000000 3032.119873 0.000000 0.971363 0.000000 -0.237601 1.000000 1.000000 1.000000
490.699799 0.000000 3034.050781 0.000000 0.852535 0.000000 -0.522670 1.000000 1.000000 1.000000
508.718964 0.000000 3034.903320 0.000000 0.998735 0.000000 -0.050290 0.000000 0.000000 0.000000
510.830780 0.000000 3040.906982 0.000000 0.885626 0.000000 -0.464399 1.000000 1.000000 1.000000
516.956848 0.000000 3039.838867 0.000000 0.858767 0.000000 -0.512366 1.000000 1.000000 1.000000
521.807983 0.000000 3029.377441 0.000000 0.890482 0.000000 -0.455018 1.000000 1.000000 1.000000
1204.340698 0.000000 2768.070557 0.000000 0.908809 0.000000 -0.417211 1.000000 1.000000 1.000000
1334.469360 0.000000 2777.888428 0.000000 0.873622 0.000000 -0.486606 0.000000 0.000000 0.000000
1449.396362 0.000000 2781.493164 0.000000 0.977651 0.000000 -0.210233 0.000000 0.000000 0.000000
1529.915649 0.000000 2778.449219 0.000000 0.863994 0.000000 -0.503502 0.000000 0.000000 0.000000
1470.127319 0.000000 2954.627441 0.000000 0.999599 0.000000 0.028307 0.000000 0.000000 0.000000
1484.424805 0.000000 2955.607178 0.000000 0.995127 0.000000 -0.098603 1.000000 1.000000 1.000000
1545.939697 0.000000 2783.022705 0.000000 0.967116 0.000000 -0.254336 0.000000 0.000000 0.000000
1563.115967 0.000000 2955.662842 0.000000 0.970710 0.000000 -0.240256 1.000000 1.000000 1.000000
1625.268799 0.000000 2953.596680 0.000000 0.991496 0.000000 -0.130137 0.000000 0.000000 0.000000
1640.221680 0.000000 2957.630859 0.000000 0.994213 0.000000 0.107432 1.000000 1.000000 1.000000
1722.989014 0.000000 2970.821533 0.000000 0.992964 0.000000 -0.118418 1.000000 1.000000 1.000000
1730.892212 0.000000 2975.388672 0.000000 0.985815 0.000000 -0.167833 1.000000 1.000000 1.000000
1735.290405 0.000000 2971.859863 0.000000 0.993860 0.000000 -0.110642 1.000000 1.000000 1.000000
1863.674683 0.000000 2961.133545 0.000000 0.854090 0.000000 -0.520125 0.000000 0.000000 0.000000
1908.600708 0.000000 2960.401367 0.000000 0.934246 0.000000 -0.356630 0.000000 0.000000 0.000000
1931.443359 0.000000 2967.174561 0.000000 0.919393 0.000000 -0.393340 1.000000 1.000000 1.000000
2217.206787 0.000000 2154.949951 0.000000 0.967543 0.000000 -0.252705 0.000000 0.000000 0.000000
2218.581543 0.000000 2165.211182 0.000000 0.959377 0.000000 -0.282128 0.000000 0.000000 0.000000
2235.875732 0.000000 2160.612549 0.000000 0.909229 0.000000 -0.416297 0.000000 0.000000 0.000000
2222.165527 0.000000 2163.948486 0.000000 0.998223 0.000000 0.059589 1.000000 1.000000 1.000000
2220.817139 0.000000 2155.932129 0.000000 0.999984 0.000000 0.005613 1.000000 1.000000 1.000000
2260.950195 0.000000 2155.575439 0.000000 0.960620 0.000000 -0.277866 0.000000 0.000000 0.000000
2262.797119 0.000000 2147.380859 0.000000 0.984070 0.000000 -0.177783 0.000000 0.000000 0.000000
2248.260498 0.000000 2155.411865 0.000000 0.998923 0.000000 -0.046395 0.000000 0.000000 0.000000
6733.333984 0.000000 738.626221 0.000000 0.985515 0.000000 -0.169588 0.000000 0.000000 0.000000
6759.443848 0.000000 745.586243 0.000000 0.999989 0.000000 0.004599 0.000000 0.000000 0.000000
6809.164062 0.000000 733.671936 0.000000 0.991726 0.000000 0.128374 1.000000 1.000000 1.000000
6876.116211 0.000000 733.228088 0.000000 0.999541 0.000000 -0.030312 0.000000 0.000000 0.000000
6874.616699 0.000000 740.506287 0.000000 0.847974 0.000000 -0.530038 0.000000 0.000000 0.000000
7977.896973 0.000000 395.418976 0.000000 0.997408 0.000000 0.071952 0.000000 0.000000 0.000000
7411.521484 0.000000 479.883850 0.000000 0.982987 0.000000 -0.183677 0.000000 0.000000 0.000000
7413.757812 0.000000 471.239746 0.000000 0.991508 0.000000 0.130044 1.000000 1.000000 1.000000
7406.444824 0.000000 503.237244 0.000000 0.996285 0.000000 -0.086112 0.000000 0.000000 0.000000
7412.392090 0.000000 500.261719 0.000000 0.973990 0.000000 -0.226593 1.000000 1.000000 1.000000
7420.718750 0.000000 493.106445 0.000000 0.863655 0.000000 -0.504084 1.000000 1.000000 1.000000
7418.988770 0.000000 485.509064 0.000000 0.944286 0.000000 -0.329127 1.000000 1.000000 1.000000
7412.885254 0.000000 673.079224 0.000000 0.997742 0.000000 0.067168 0.000000 0.000000 0.000000
7381.035156 0.000000 662.045227 0.000000 0.874097 0.000000 -0.485751 0.000000 0.000000 0.000000
7373.152832 0.000000 666.559204 0.000000 0.841518 0.000000 -0.540229 0.000000 0.000000 0.000000
7413.008789 0.000000 665.549988 0.000000 0.954526 0.000000 -0.298127 1.000000 1.000000 1.000000
7469.255371 0.000000 506.750488 0.000000 0.939196 0.000000 -0.343380 0.000000 0.000000 0.000000
7450.840820 0.000000 478.579346 0.000000 0.994186 0.000000 0.107676 0.000000 0.000000 0.000000
7468.186523 0.000000 499.583221 0.000000 0.857265 0.000000 -0.514875 0.000000 0.000000 0.000000
7471.152344 0.000000 497.345703 0.000000 0.990519 0.000000 0.137378 0.000000 0.000000 0.000000
7459.650879 0.000000 474.817352 0.000000 0.882947 0.000000 -0.469473 1.000000 1.000000 1.000000
7453.234863 0.000000 475.583801 0.000000 0.994679 0.000000 -0.103022 0.000000 0.000000 0.000000
7466.699707 0.000000 492.253815 0.000000 0.965088 0.000000 -0.261927 1.000000 1.000000 1.000000
7445.436035 0.000000 503.172943 0.000000 0.983697 0.000000 -0.179833 1.000000 1.000000 1.000000
7454.841309 0.000000 483.507141 0.000000 0.981546 0.000000 -0.191229 0.000000 0.000000 0.000000
7476.392090 0.000000 669.714844 0.000000 0.965380 0.000000 -0.260849 0.000000 0.000000 0.000000
7460.314453 0.000000 674.723999 0.000000 0.989159 0.000000 -0.146846 1.000000 1.000000 1.000000
7477.008789 0.000000 665.549988 0.000000 0.983206 0.000000 -0.182497 1.000000 1.000000 1.000000
7518.600098 0.000000 671.031738 0.000000 0.918866 0.000000 -0.394570 0.000000 0.000000 0.000000
7454.802246 0.000000 677.873657 0.000000 0.946080 0.000000 -0.323933 0.000000 0.000000 0.000000
7469.901367 0.000000 678.766907 0.000000 0.997215 0.000000 0.074582 0.000000 0.000000 0.000000
8064.073242 0.000000 659.889587 0.000000 0.951168 0.000000 -0.308675 0.000000 0.000000 0.000000
7153.916504 0.000000 921.539978 0.000000 0.962145 0.000000 -0.272537 0.000000 0.000000 0.000000
7154.281250 0.000000 1172.756714 0.000000 0.915640 0.000000 -0.401998 0.000000 0.000000 0.000000
7117.646484 0.000000 1170.433716 0.000000 0.991648 0.000000 -0.128977 0.000000 0.000000 0.000000
7114.749023 0.000000 1171.880371 0.000000 0.999914 0.000000 -0.013139 0.000000 0.000000 0.000000
7294.018555 0.000000 929.645081 0.000000 0.908419 0.000000 -0.418060 1.000000 1.000000 1.000000
7506.409180 0.000000 932.159546 0.000000 0.990138 0.000000 0.140098 0.000000 0.000000 0.000000
7564.652344 0.000000 929.176819 0.000000 0.928231 0.000000 -0.372003 1.000000 1.000000 1.000000
7569.983398 0.000000 925.118225 0.000000 0.999877 0.000000 0.015689 0.000000 0.000000 0.000000
7556.219238 0.000000 936.384155 0.000000 0.964648 0.000000 -0.263541 0.000000 0.000000 0.000000
4660.885254 0.000000 2537.063721 0.000000 0.997581 0.000000 0.069520 0.000000 0.000000 0.000000
4669.041992 0.000000 2540.970703 0.000000 0.998125 0.000000 -0.061205 0.000000 0.000000 0.000000
4662.872070 0.000000 2531.646973 0.000000 0.921669 0.000000 -0.387978 1.000000 1.000000 1.000000
4658.569336 0.000000 2541.286377 0.000000 0.936096 0.000000 -0.351743 0.000000 0.000000 0.000000
4615.290527 0.000000 2528.157715 0.000000 0.857991 0.000000 -0.513665 0.000000 0.000000 0.000000
4657.605957 0.000000 2538.166260 0.000000 0.999985 0.000000 0.005506 1.000000 1.000000 1.000000
4660.392090 0.000000 2533.699219 0.000000 0.962152 0.000000 -0.272513 1.000000 1.000000 1.000000
4685.883301 0.000000 2533.808594 0.000000 0.971121 0.000000 -0.238586 0.000000 0.000000 0.000000
4672.390625 0.000000 2528.862549 0.000000 0.988136 0.000000 -0.153582 1.000000 1.000000 1.000000
4679.290527 0.000000 2528.157715 0.000000 0.999961 0.000000 -0.008857 0.000000 0.000000 0.000000
4672.226074 0.000000 2536.629395 0.000000 0.909984 0.000000 -0.414643 1.000000 1.000000 1.000000
4689.116211 0.000000 2532.560059 0.000000 0.906741 0.000000 -0.421688 0.000000 0.000000 0.000000
4634.844238 0.000000 2543.514404 0.000000 0.997783 0.000000 -0.066545 1.000000 1.000000 1.000000
4596.392090 0.000000 3155.027344 0.000000 0.911972 0.000000 -0.410251 1.000000 1.000000 1.000000
5044.600586 0.000000 2734.463867 0.000000 0.988867 0.000000 -0.148803 0.000000 0.000000 0.000000
5070.124512 0.000000 2740.258789 0.000000 0.999817 0.000000 0.019133 0.000000 0.000000 0.000000
5092.049805 0.000000 2747.539551 0.000000 0.912916 0.000000 -0.408147 0.000000 0.000000 0.000000
5085.565918 0.000000 2754.548828 0.000000 0.962441 0.000000 -0.271492 0.000000 0.000000 0.000000
5082.132812 0.000000 2745.701904 0.000000 0.873080 0.000000 -0.487576 1.000000 1.000000 1.000000
4434.974121 0.000000 3277.496582 0.000000 0.999983 0.000000 -0.005842 1.000000 1.000000 1.000000
4521.396484 0.000000 3289.852539 0.000000 0.921680 0.000000 -0.387950 0.000000 0.000000 0.000000
4573.587891 0.000000 3295.761475 0.000000 0.965562 0.000000 -0.260172 0.000000 0.000000 0.000000
4566.343750 0.000000 3293.486084 0.000000 0.996730 0.000000 0.080800 1.000000 1.000000 1.000000
4554.422852 0.000000 3299.841309 0.000000 0.999994 0.000000 0.003343 1.000000 1.000000 1.000000
4632.982910 0.000000 3166.998779 0.000000 0.998291 0.000000 0.058432 1.000000 1.000000 1.000000
5133.066406 0.000000 2764.466309 0.000000 0.995893 0.000000 0.090539 0.000000 0.000000 0.000000
5124.957031 0.000000 2757.416992 0.000000 0.990170 0.000000 -0.139870 1.000000 1.000000 1.000000
5120.226074 0.000000 2762.566895 0.000000 0.999933 0.000000 -0.011610 0.000000 0.000000 0.000000
5135.660156 0.000000 2762.415283 0.000000 0.990177 0.000000 -0.139822 1.000000 1.000000 1.000000
5122.892090 0.000000 2749.451172 0.000000 0.896129 0.000000 -0.443794 0.000000 0.000000 0.000000
5123.167969 0.000000 2755.202637 0.000000 0.999110 0.000000 -0.042188 0.000000 0.000000 0.000000
5168.446289 0.000000 2778.565186 0.000000 0.999035 0.000000 0.043920 0.000000 0.000000 0.000000
5131.269531 0.000000 2777.064453 0.000000 0.993243 0.000000 -0.116049 1.000000 1.000000 1.000000
5180.365723 0.000000 2770.462158 0.000000 0.999706 0.000000 -0.024234 0.000000 0.000000 0.000000
5122.492188 0.000000 2771.323975 0.000000 0.999205 0.000000 -0.039878 1.000000 1.000000 1.000000
5126.297363 0.000000 2769.082520 0.000000 0.994725 0.000000 -0.102578 1.000000 1.000000 1.000000
5779.921875 0.000000 2905.028564 0.000000 0.863425 0.000000 -0.504476 0.000000 0.000000 0.000000
5779.298340 0.000000 2898.650391 0.000000 0.911335 0.000000 -0.411665 1.000000 1.000000 1.000000
5791.822266 0.000000 2906.764160 0.000000 0.998281 0.000000 0.058612 1.000000 1.000000 1.000000
5795.373047 0.000000 2907.646484 0.000000 0.920573 0.000000 -0.390570 0.000000 0.000000 0.000000
5816.270996 0.000000 2901.212891 0.000000 0.961148 0.000000 -0.276033 1.000000 1.000000 1.000000
5987.530762 0.000000 2931.291748 0.000000 0.900349 0.000000 -0.435169 0.000000 0.000000 0.000000
5984.909180 0.000000 2922.946533 0.000000 0.999955 0.000000 0.009495 0.000000 0.000000 0.000000
5985.638184 0.000000 2927.471680 0.000000 0.920288 0.000000 -0.391241 0.000000 0.000000 0.000000
5882.165039 0.000000 3072.707031 0.000000 0.999126 0.000000 -0.041800 0.000000 0.000000 0.000000
5878.755859 0.000000 3076.251709 0.000000 0.846241 0.000000 -0.532800 1.000000 1.000000 1.000000
5975.828125 0.000000 3074.333008 0.000000 0.938547 0.000000 -0.345150 0.000000 0.000000 0.000000
5304.270996 0.000000 3183.634766 0.000000 0.864906 0.000000 -0.501933 1.000000 1.000000 1.000000
6477.883301 0.000000 2872.714844 0.000000 0.978856 0.000000 -0.204549 0.000000 0.000000 0.000000
6506.622559 0.000000 2878.243896 0.000000 0.997839 0.000000 0.065704 1.000000 1.000000 1.000000
6502.270996 0.000000 2882.110107 0.000000 0.986401 0.000000 -0.164354 0.000000 0.000000 0.000000
6433.639160 0.000000 2967.225098 0.000000 0.990574 0.000000 -0.136978 0.000000 0.000000 0.000000
"}
object={
	name="european_dynamic_farmland_objects_generator_1_3"
	clamp_to_water_level=no
	render_under_water=no
	generated_content=yes
	layer="farms_dynamic"
	pdxmesh="european_farm_farmhouse_02_mesh"
	count=136
	transform="558.271301 0.000000 1957.757202 0.000000 0.366840 0.000000 -0.930284 0.000000 0.000000 0.000000
1322.581665 0.000000 2391.148682 0.000000 0.776278 0.000000 -0.630391 0.000000 0.000000 0.000000
1336.270874 0.000000 2392.853516 0.000000 0.821087 0.000000 -0.570804 1.000000 1.000000 1.000000
1494.596802 0.000000 2392.875000 0.000000 0.767458 0.000000 -0.641099 0.000000 0.000000 0.000000
1263.844604 0.000000 2548.907227 0.000000 0.395268 0.000000 -0.918566 0.000000 0.000000 0.000000
1265.916626 0.000000 2559.586914 0.000000 0.396419 0.000000 -0.918070 0.000000 0.000000 0.000000
1289.939697 0.000000 2557.085205 0.000000 0.667871 0.000000 -0.744277 1.000000 1.000000 1.000000
1372.282104 0.000000 2635.177246 0.000000 0.512551 0.000000 -0.858657 0.000000 0.000000 0.000000
429.059875 0.000000 3036.063721 0.000000 0.508009 0.000000 -0.861352 0.000000 0.000000 0.000000
446.112122 0.000000 3037.590576 0.000000 0.372136 0.000000 -0.928178 0.000000 0.000000 0.000000
420.176422 0.000000 3037.691406 0.000000 0.466888 0.000000 -0.884317 1.000000 1.000000 1.000000
480.909119 0.000000 3035.915283 0.000000 0.408395 0.000000 -0.912805 0.000000 0.000000 0.000000
499.720520 0.000000 3031.543701 0.000000 0.310442 0.000000 -0.950592 0.000000 0.000000 0.000000
475.974304 0.000000 3025.401367 0.000000 0.403505 0.000000 -0.914977 1.000000 1.000000 1.000000
471.538177 0.000000 3029.958740 0.000000 0.776437 0.000000 -0.630195 1.000000 1.000000 1.000000
492.877289 0.000000 3027.458740 0.000000 0.371219 0.000000 -0.928545 1.000000 1.000000 1.000000
496.763611 0.000000 3033.478271 0.000000 0.531120 0.000000 -0.847296 1.000000 1.000000 1.000000
472.763702 0.000000 3024.403076 0.000000 0.490507 0.000000 -0.871437 1.000000 1.000000 1.000000
471.871582 0.000000 3033.152832 0.000000 0.398370 0.000000 -0.917225 1.000000 1.000000 1.000000
478.662659 0.000000 3039.862305 0.000000 0.354537 0.000000 -0.935042 1.000000 1.000000 1.000000
503.879425 0.000000 3036.866699 0.000000 0.799118 0.000000 -0.601174 1.000000 1.000000 1.000000
451.168213 0.000000 3037.624512 0.000000 0.731699 0.000000 -0.681628 1.000000 1.000000 1.000000
517.003174 0.000000 3029.799805 0.000000 0.300804 0.000000 -0.953686 0.000000 0.000000 0.000000
524.424805 0.000000 3012.091553 0.000000 0.829233 0.000000 -0.558903 1.000000 1.000000 1.000000
523.714050 0.000000 3031.675049 0.000000 0.715101 0.000000 -0.699021 1.000000 1.000000 1.000000
1202.317383 0.000000 2770.925537 0.000000 0.428067 0.000000 -0.903747 0.000000 0.000000 0.000000
1188.294800 0.000000 2771.391113 0.000000 0.760055 0.000000 -0.649858 1.000000 1.000000 1.000000
1380.590088 0.000000 2777.740967 0.000000 0.754826 0.000000 -0.655925 0.000000 0.000000 0.000000
1527.430908 0.000000 2781.611328 0.000000 0.543220 0.000000 -0.839590 0.000000 0.000000 0.000000
1273.915649 0.000000 2947.902344 0.000000 0.568155 0.000000 -0.822921 0.000000 0.000000 0.000000
1390.165649 0.000000 2954.729736 0.000000 0.555211 0.000000 -0.831709 1.000000 1.000000 1.000000
1377.456543 0.000000 2951.112305 0.000000 0.454138 0.000000 -0.890931 0.000000 0.000000 0.000000
1622.003418 0.000000 2950.889893 0.000000 0.327014 0.000000 -0.945020 1.000000 1.000000 1.000000
1612.424805 0.000000 2955.607178 0.000000 0.518804 0.000000 -0.854893 0.000000 0.000000 0.000000
1622.343750 0.000000 2954.579834 0.000000 0.757261 0.000000 -0.653112 0.000000 0.000000 0.000000
1616.764038 0.000000 2953.139404 0.000000 0.832810 0.000000 -0.553559 1.000000 1.000000 1.000000
1833.423462 0.000000 2969.609619 0.000000 0.778987 0.000000 -0.627040 0.000000 0.000000 0.000000
1852.880859 0.000000 2960.417236 0.000000 0.684958 0.000000 -0.728582 1.000000 1.000000 1.000000
1900.084717 0.000000 2967.931396 0.000000 0.402740 0.000000 -0.915314 1.000000 1.000000 1.000000
1906.278564 0.000000 2967.896484 0.000000 0.578875 0.000000 -0.815416 1.000000 1.000000 1.000000
2226.569092 0.000000 2145.895752 0.000000 0.389481 0.000000 -0.921035 0.000000 0.000000 0.000000
2234.107422 0.000000 2145.122314 0.000000 0.287659 0.000000 -0.957733 1.000000 1.000000 1.000000
2240.354004 0.000000 2137.889648 0.000000 0.732198 0.000000 -0.681092 0.000000 0.000000 0.000000
2246.656738 0.000000 2138.739746 0.000000 0.627983 0.000000 -0.778227 0.000000 0.000000 0.000000
2214.465332 0.000000 2171.503906 0.000000 0.397032 0.000000 -0.917805 0.000000 0.000000 0.000000
2218.134033 0.000000 2150.543701 0.000000 0.769237 0.000000 -0.638963 0.000000 0.000000 0.000000
2225.098145 0.000000 2160.782227 0.000000 0.557488 0.000000 -0.830185 1.000000 1.000000 1.000000
2226.335205 0.000000 2167.299316 0.000000 0.689271 0.000000 -0.724503 0.000000 0.000000 0.000000
2228.340576 0.000000 2146.742432 0.000000 0.700918 0.000000 -0.713241 1.000000 1.000000 1.000000
2249.437988 0.000000 2147.223877 0.000000 0.356770 0.000000 -0.934192 0.000000 0.000000 0.000000
2257.893799 0.000000 2159.720947 0.000000 0.736806 0.000000 -0.676104 0.000000 0.000000 0.000000
2262.302246 0.000000 2151.460205 0.000000 0.798618 0.000000 -0.601838 0.000000 0.000000 0.000000
2256.310547 0.000000 2171.200928 0.000000 0.554177 0.000000 -0.832399 0.000000 0.000000 0.000000
2246.297607 0.000000 2147.754395 0.000000 0.771375 0.000000 -0.636380 0.000000 0.000000 0.000000
2872.579102 0.000000 3607.677979 0.000000 0.812943 0.000000 -0.582343 0.000000 0.000000 0.000000
3319.010986 0.000000 3613.468506 0.000000 0.472449 0.000000 -0.881358 1.000000 1.000000 1.000000
6733.066406 0.000000 731.028687 0.000000 0.365481 0.000000 -0.930819 0.000000 0.000000 0.000000
6777.786621 0.000000 738.821716 0.000000 0.588871 0.000000 -0.808227 0.000000 0.000000 0.000000
6737.653320 0.000000 742.766296 0.000000 0.738512 0.000000 -0.674240 1.000000 1.000000 1.000000
6753.860352 0.000000 743.038025 0.000000 0.551702 0.000000 -0.834042 0.000000 0.000000 0.000000
6732.406250 0.000000 735.245178 0.000000 0.463724 0.000000 -0.885980 0.000000 0.000000 0.000000
6865.626465 0.000000 739.506348 0.000000 0.824094 0.000000 -0.566453 0.000000 0.000000 0.000000
6936.982910 0.000000 738.170776 0.000000 0.624381 0.000000 -0.781120 1.000000 1.000000 1.000000
6927.844238 0.000000 737.424072 0.000000 0.809560 0.000000 -0.587037 1.000000 1.000000 1.000000
7960.982910 0.000000 399.264496 0.000000 0.286959 0.000000 -0.957943 0.000000 0.000000 0.000000
7412.449707 0.000000 484.635498 0.000000 0.511501 0.000000 -0.859283 1.000000 1.000000 1.000000
7404.186523 0.000000 499.583221 0.000000 0.635983 0.000000 -0.771703 1.000000 1.000000 1.000000
7408.887695 0.000000 476.750519 0.000000 0.288036 0.000000 -0.957620 0.000000 0.000000 0.000000
7410.616699 0.000000 497.928223 0.000000 0.743395 0.000000 -0.668852 1.000000 1.000000 1.000000
7398.720703 0.000000 668.062805 0.000000 0.757818 0.000000 -0.652466 0.000000 0.000000 0.000000
7413.811523 0.000000 662.627197 0.000000 0.800735 0.000000 -0.599019 0.000000 0.000000 0.000000
7383.871582 0.000000 660.809143 0.000000 0.480453 0.000000 -0.877021 0.000000 0.000000 0.000000
7456.264648 0.000000 473.743530 0.000000 0.714331 0.000000 -0.699808 0.000000 0.000000 0.000000
7449.924805 0.000000 505.115479 0.000000 0.649601 0.000000 -0.760275 1.000000 1.000000 1.000000
7462.465332 0.000000 476.972748 0.000000 0.729219 0.000000 -0.684281 1.000000 1.000000 1.000000
7465.764648 0.000000 480.199219 0.000000 0.641843 0.000000 -0.766836 1.000000 1.000000 1.000000
7463.131348 0.000000 486.854126 0.000000 0.510832 0.000000 -0.859681 1.000000 1.000000 1.000000
7462.643555 0.000000 503.577087 0.000000 0.364924 0.000000 -0.931037 1.000000 1.000000 1.000000
7485.733887 0.000000 655.538330 0.000000 0.549999 0.000000 -0.835165 0.000000 0.000000 0.000000
7424.390625 0.000000 664.878235 0.000000 0.334990 0.000000 -0.942222 0.000000 0.000000 0.000000
7462.643555 0.000000 673.030212 0.000000 0.488577 0.000000 -0.872521 0.000000 0.000000 0.000000
7426.892090 0.000000 659.529419 0.000000 0.431572 0.000000 -0.902079 1.000000 1.000000 1.000000
7220.612793 0.000000 862.977600 0.000000 0.430578 0.000000 -0.902554 0.000000 0.000000 0.000000
7463.443848 0.000000 745.586243 0.000000 0.713799 0.000000 -0.700351 1.000000 1.000000 1.000000
7140.176270 0.000000 1173.707153 0.000000 0.650935 0.000000 -0.759133 0.000000 0.000000 0.000000
7133.565918 0.000000 1172.986206 0.000000 0.740942 0.000000 -0.671569 0.000000 0.000000 0.000000
7121.116211 0.000000 1176.935059 0.000000 0.491225 0.000000 -0.871033 1.000000 1.000000 1.000000
7296.315430 0.000000 930.175598 0.000000 0.444466 0.000000 -0.895795 0.000000 0.000000 0.000000
7354.133789 0.000000 931.214478 0.000000 0.305837 0.000000 -0.952084 1.000000 1.000000 1.000000
7350.755859 0.000000 929.845398 0.000000 0.504944 0.000000 -0.863152 1.000000 1.000000 1.000000
7538.278320 0.000000 934.458923 0.000000 0.300978 0.000000 -0.953631 0.000000 0.000000 0.000000
7554.164551 0.000000 923.121521 0.000000 0.770628 0.000000 -0.637285 0.000000 0.000000 0.000000
4670.612305 0.000000 2536.952881 0.000000 0.610329 0.000000 -0.792148 0.000000 0.000000 0.000000
4625.116211 0.000000 2532.560059 0.000000 0.327990 0.000000 -0.944681 0.000000 0.000000 0.000000
4614.656738 0.000000 2534.130371 0.000000 0.749223 0.000000 -0.662318 1.000000 1.000000 1.000000
4710.720703 0.000000 2532.047119 0.000000 0.545409 0.000000 -0.838170 0.000000 0.000000 0.000000
4687.660156 0.000000 2536.477783 0.000000 0.469222 0.000000 -0.883080 1.000000 1.000000 1.000000
4702.662598 0.000000 2531.502930 0.000000 0.668643 0.000000 -0.743583 1.000000 1.000000 1.000000
4681.349609 0.000000 2537.867676 0.000000 0.320087 0.000000 -0.947388 1.000000 1.000000 1.000000
4474.988770 0.000000 3140.274658 0.000000 0.547646 0.000000 -0.836710 1.000000 1.000000 1.000000
4487.290527 0.000000 3141.312988 0.000000 0.616186 0.000000 -0.787600 1.000000 1.000000 1.000000
4594.616699 0.000000 3152.693848 0.000000 0.425318 0.000000 -0.905044 1.000000 1.000000 1.000000
5079.871582 0.000000 2750.730957 0.000000 0.753826 0.000000 -0.657074 1.000000 1.000000 1.000000
5097.246582 0.000000 2759.561768 0.000000 0.617486 0.000000 -0.786582 1.000000 1.000000 1.000000
5106.616699 0.000000 2757.303223 0.000000 0.747806 0.000000 -0.663917 0.000000 0.000000 0.000000
5111.879395 0.000000 2754.444824 0.000000 0.726644 0.000000 -0.687014 1.000000 1.000000 1.000000
4633.164062 0.000000 3162.500000 0.000000 0.594428 0.000000 -0.804149 1.000000 1.000000 1.000000
4382.802246 0.000000 3276.154785 0.000000 0.745202 0.000000 -0.666839 0.000000 0.000000 0.000000
4438.797363 0.000000 3277.068359 0.000000 0.740899 0.000000 -0.671616 0.000000 0.000000 0.000000
4438.302246 0.000000 3281.147705 0.000000 0.558514 0.000000 -0.829495 0.000000 0.000000 0.000000
4569.268555 0.000000 3292.502930 0.000000 0.525557 0.000000 -0.850758 0.000000 0.000000 0.000000
4644.294922 0.000000 3166.781738 0.000000 0.808210 0.000000 -0.588895 1.000000 1.000000 1.000000
5130.048340 0.000000 2756.750244 0.000000 0.572629 0.000000 -0.819814 0.000000 0.000000 0.000000
5137.114746 0.000000 2765.809814 0.000000 0.824600 0.000000 -0.565716 0.000000 0.000000 0.000000
5126.656738 0.000000 2760.067871 0.000000 0.724641 0.000000 -0.689126 0.000000 0.000000 0.000000
5141.436035 0.000000 2762.547852 0.000000 0.759816 0.000000 -0.650139 0.000000 0.000000 0.000000
5135.347656 0.000000 2768.018555 0.000000 0.441995 0.000000 -0.897017 0.000000 0.000000 0.000000
5137.626465 0.000000 2772.943848 0.000000 0.697230 0.000000 -0.716847 0.000000 0.000000 0.000000
5137.893555 0.000000 2781.049072 0.000000 0.583951 0.000000 -0.811789 0.000000 0.000000 0.000000
5138.974121 0.000000 2769.137207 0.000000 0.814702 0.000000 -0.579880 1.000000 1.000000 1.000000
5133.243652 0.000000 2774.975586 0.000000 0.831595 0.000000 -0.555382 1.000000 1.000000 1.000000
5515.713867 0.000000 2862.221924 0.000000 0.628491 0.000000 -0.777817 0.000000 0.000000 0.000000
5744.015137 0.000000 2908.484619 0.000000 0.667523 0.000000 -0.744589 0.000000 0.000000 0.000000
5792.264648 0.000000 2902.571533 0.000000 0.437324 0.000000 -0.899304 0.000000 0.000000 0.000000
5789.234863 0.000000 2904.411865 0.000000 0.541153 0.000000 -0.840924 1.000000 1.000000 1.000000
5814.469238 0.000000 2890.857178 0.000000 0.583482 0.000000 -0.812126 0.000000 0.000000 0.000000
5988.049805 0.000000 2916.992676 0.000000 0.611824 0.000000 -0.790994 0.000000 0.000000 0.000000
5984.344727 0.000000 2919.020752 0.000000 0.373362 0.000000 -0.927686 1.000000 1.000000 1.000000
5981.536621 0.000000 2920.716309 0.000000 0.520378 0.000000 -0.853936 0.000000 0.000000 0.000000
5994.699707 0.000000 2921.082031 0.000000 0.784252 0.000000 -0.620442 0.000000 0.000000 0.000000
5990.737793 0.000000 2919.180908 0.000000 0.722517 0.000000 -0.691353 1.000000 1.000000 1.000000
5980.116211 0.000000 2936.118652 0.000000 0.380617 0.000000 -0.924733 0.000000 0.000000 0.000000
5888.315430 0.000000 3076.581787 0.000000 0.444238 0.000000 -0.895909 0.000000 0.000000 0.000000
6421.636230 0.000000 2878.720947 0.000000 0.326834 0.000000 -0.945082 0.000000 0.000000 0.000000
6509.255371 0.000000 2879.094238 0.000000 0.591598 0.000000 -0.806233 0.000000 0.000000 0.000000
6516.340820 0.000000 2881.039307 0.000000 0.489674 0.000000 -0.871906 1.000000 1.000000 1.000000
"}
object={
	name="european_dynamic_farmland_objects_generator_1_4"
	clamp_to_water_level=no
	render_under_water=no
	generated_content=yes
	layer="farms_dynamic"
	pdxmesh="windmill_01_mesh"
	count=52
	transform="560.763611 0.000000 1960.275146 0.000000 0.002380 0.000000 -0.999997 0.000000 0.000000 0.000000
1323.534790 0.000000 2388.333496 0.000000 0.102907 0.000000 -0.994691 0.000000 0.000000 0.000000
466.852844 0.000000 3030.279297 0.000000 0.238278 0.000000 -0.971197 1.000000 1.000000 1.000000
489.606049 0.000000 3031.153320 0.000000 0.205635 0.000000 -0.978629 0.000000 0.000000 0.000000
465.116180 0.000000 3040.919434 0.000000 0.182339 0.000000 -0.983236 1.000000 1.000000 1.000000
477.536743 0.000000 3033.685059 0.000000 0.103342 0.000000 -0.994646 1.000000 1.000000 1.000000
531.921631 0.000000 3017.997314 0.000000 0.015594 0.000000 -0.999878 0.000000 0.000000 0.000000
1215.290771 0.000000 2768.139404 0.000000 0.261942 0.000000 -0.965084 0.000000 0.000000 0.000000
1418.276367 0.000000 2957.794922 0.000000 0.221452 0.000000 -0.975171 0.000000 0.000000 0.000000
1617.983643 0.000000 2958.555664 0.000000 0.003254 0.000000 -0.999995 0.000000 0.000000 0.000000
1629.234741 0.000000 2960.896240 0.000000 0.013889 0.000000 -0.999904 1.000000 1.000000 1.000000
2242.492188 0.000000 2149.995850 0.000000 0.040014 0.000000 -0.999199 1.000000 1.000000 1.000000
2255.212646 0.000000 2158.859619 0.000000 0.279360 0.000000 -0.960186 1.000000 1.000000 1.000000
6774.117188 0.000000 741.318298 0.000000 0.100576 0.000000 -0.994929 0.000000 0.000000 0.000000
6735.844238 0.000000 737.424072 0.000000 0.168889 0.000000 -0.985635 1.000000 1.000000 1.000000
6900.340820 0.000000 734.632935 0.000000 0.147478 0.000000 -0.989065 0.000000 0.000000 0.000000
7981.457031 0.000000 399.604156 0.000000 0.125589 0.000000 -0.992082 1.000000 1.000000 1.000000
7413.610352 0.000000 487.367828 0.000000 0.008269 0.000000 -0.999966 1.000000 1.000000 1.000000
7386.548828 0.000000 662.641174 0.000000 0.270876 0.000000 -0.962614 0.000000 0.000000 0.000000
7383.759277 0.000000 665.453918 0.000000 0.085426 0.000000 -0.996345 0.000000 0.000000 0.000000
7469.060059 0.000000 494.266785 0.000000 0.066610 0.000000 -0.997779 1.000000 1.000000 1.000000
7466.622559 0.000000 675.353210 0.000000 0.192692 0.000000 -0.981259 1.000000 1.000000 1.000000
7158.117188 0.000000 910.771423 0.000000 0.237605 0.000000 -0.971362 0.000000 0.000000 0.000000
7295.419434 0.000000 925.622070 0.000000 0.124121 0.000000 -0.992267 0.000000 0.000000 0.000000
7292.880859 0.000000 926.979675 0.000000 0.103169 0.000000 -0.994664 1.000000 1.000000 1.000000
7502.124512 0.000000 932.758789 0.000000 0.222187 0.000000 -0.975004 0.000000 0.000000 0.000000
4586.699707 0.000000 2525.691406 0.000000 0.213469 0.000000 -0.976950 1.000000 1.000000 1.000000
4668.270508 0.000000 2533.646240 0.000000 0.133547 0.000000 -0.991042 1.000000 1.000000 1.000000
4658.616699 0.000000 2531.365723 0.000000 0.159329 0.000000 -0.987226 0.000000 0.000000 0.000000
4676.957031 0.000000 2531.479492 0.000000 0.192987 0.000000 -0.981201 0.000000 0.000000 0.000000
4692.194824 0.000000 2531.225342 0.000000 0.043336 0.000000 -0.999061 1.000000 1.000000 1.000000
4704.693359 0.000000 2537.300781 0.000000 0.038106 0.000000 -0.999274 0.000000 0.000000 0.000000
4678.656738 0.000000 2534.130371 0.000000 0.265202 0.000000 -0.964193 1.000000 1.000000 1.000000
4589.060059 0.000000 3149.032471 0.000000 0.133773 0.000000 -0.991012 0.000000 0.000000 0.000000
5118.830566 0.000000 2758.485107 0.000000 0.081817 0.000000 -0.996647 1.000000 1.000000 1.000000
5085.260254 0.000000 2745.519287 0.000000 0.154732 0.000000 -0.987957 1.000000 1.000000 1.000000
4617.349609 0.000000 3159.195801 0.000000 0.228720 0.000000 -0.973492 1.000000 1.000000 1.000000
4401.605957 0.000000 3272.463135 0.000000 0.265587 0.000000 -0.964087 0.000000 0.000000 0.000000
4386.139648 0.000000 3277.820068 0.000000 0.113901 0.000000 -0.993492 0.000000 0.000000 0.000000
4570.661621 0.000000 3297.531494 0.000000 0.098056 0.000000 -0.995181 0.000000 0.000000 0.000000
5130.749023 0.000000 2753.442871 0.000000 0.121975 0.000000 -0.992533 1.000000 1.000000 1.000000
5137.116211 0.000000 2758.497559 0.000000 0.211024 0.000000 -0.977481 0.000000 0.000000 0.000000
5126.827637 0.000000 2767.248779 0.000000 0.091649 0.000000 -0.995791 0.000000 0.000000 0.000000
5774.146973 0.000000 2902.556641 0.000000 0.062928 0.000000 -0.998018 0.000000 0.000000 0.000000
5770.276367 0.000000 2901.310547 0.000000 0.116450 0.000000 -0.993197 1.000000 1.000000 1.000000
5769.939941 0.000000 2895.991455 0.000000 0.194389 0.000000 -0.980924 1.000000 1.000000 1.000000
5772.424805 0.000000 2899.122803 0.000000 0.028109 0.000000 -0.999605 0.000000 0.000000 0.000000
5984.693359 0.000000 2932.691406 0.000000 0.219072 0.000000 -0.975709 1.000000 1.000000 1.000000
5288.221680 0.000000 3183.568359 0.000000 0.113722 0.000000 -0.993513 1.000000 1.000000 1.000000
5317.963867 0.000000 3183.823975 0.000000 0.228705 0.000000 -0.973496 0.000000 0.000000 0.000000
6386.616699 0.000000 2870.271973 0.000000 0.151509 0.000000 -0.988456 1.000000 1.000000 1.000000
6513.495117 0.000000 2880.803223 0.000000 0.142008 0.000000 -0.989865 1.000000 1.000000 1.000000
"}
