object={
	name="european_dynamic_forestry_objects_generator_2_0"
	clamp_to_water_level=no
	render_under_water=no
	generated_content=yes
	layer="forestry_dynamic"
	pdxmesh="generic_forestry_lumberpile_02_mesh"
	count=752
	transform="1912.579102 0.000000 2252.052979 0.000000 0.925447 0.000000 0.378877 0.000000 0.000000 0.000000
1892.314209 0.000000 2256.286621 0.000000 0.362132 0.000000 0.932127 0.000000 0.000000 0.000000
1898.622314 0.000000 2256.915771 0.000000 0.989426 0.000000 -0.145040 1.000000 1.000000 1.000000
1903.961792 0.000000 2258.150635 0.000000 0.562913 0.000000 0.826516 0.000000 0.000000 0.000000
1896.552612 0.000000 2255.741699 0.000000 0.609247 0.000000 -0.792980 0.000000 0.000000 0.000000
1899.936890 0.000000 2259.318115 0.000000 0.931431 0.000000 0.363919 0.000000 0.000000 0.000000
1961.396362 0.000000 2273.133789 0.000000 0.732787 0.000000 -0.680458 0.000000 0.000000 0.000000
1963.534790 0.000000 2275.364746 0.000000 0.975138 0.000000 -0.221598 1.000000 1.000000 1.000000
1962.549194 0.000000 2270.486328 0.000000 0.076548 0.000000 -0.997066 1.000000 1.000000 1.000000
1963.536621 0.000000 2272.937988 0.000000 0.000309 0.000000 -1.000000 1.000000 1.000000 1.000000
1961.380981 0.000000 2275.322510 0.000000 0.528783 0.000000 0.848757 1.000000 1.000000 1.000000
124.270508 0.000000 3267.943115 0.000000 0.036285 0.000000 -0.999341 0.000000 0.000000 0.000000
128.354095 0.000000 3267.577148 0.000000 0.633551 0.000000 -0.773701 0.000000 0.000000 0.000000
142.189468 0.000000 3256.053223 0.000000 0.833857 0.000000 -0.551980 0.000000 0.000000 0.000000
141.152710 0.000000 3264.840332 0.000000 0.080265 0.000000 0.996774 0.000000 0.000000 0.000000
134.113907 0.000000 3258.567871 0.000000 0.897761 0.000000 -0.440483 0.000000 0.000000 0.000000
139.714066 0.000000 3257.612549 0.000000 0.420929 0.000000 -0.907094 0.000000 0.000000 0.000000
135.299622 0.000000 3260.347412 0.000000 0.971010 0.000000 0.239038 0.000000 0.000000 0.000000
791.828003 0.000000 3356.754883 0.000000 0.497917 0.000000 0.867225 0.000000 0.000000 0.000000
784.310486 0.000000 3357.372803 0.000000 0.997869 0.000000 -0.065255 0.000000 0.000000 0.000000
784.763977 0.000000 3348.530029 0.000000 0.715164 0.000000 0.698957 0.000000 0.000000 0.000000
787.875549 0.000000 3348.026855 0.000000 0.926964 0.000000 -0.375151 0.000000 0.000000 0.000000
884.600708 0.000000 3355.791992 0.000000 0.303791 0.000000 0.952739 0.000000 0.000000 0.000000
864.264404 0.000000 3354.446533 0.000000 0.454618 0.000000 -0.890687 0.000000 0.000000 0.000000
892.880859 0.000000 3355.807861 0.000000 0.977676 0.000000 0.210120 0.000000 0.000000 0.000000
908.424805 0.000000 3350.997803 0.000000 0.487348 0.000000 0.873208 0.000000 0.000000 0.000000
2083.373291 0.000000 2286.318359 0.000000 0.029296 0.000000 -0.999571 0.000000 0.000000 0.000000
2087.437012 0.000000 2286.756836 0.000000 0.827019 0.000000 -0.562174 1.000000 1.000000 1.000000
2066.112793 0.000000 2285.566650 0.000000 0.981354 0.000000 0.192211 1.000000 1.000000 1.000000
2069.939941 0.000000 2284.708496 0.000000 0.955539 0.000000 -0.294864 0.000000 0.000000 0.000000
2085.382812 0.000000 2286.957031 0.000000 0.846043 0.000000 0.533115 1.000000 1.000000 1.000000
2554.815186 0.000000 2662.334717 0.000000 0.832870 0.000000 0.553468 0.000000 0.000000 0.000000
2508.396729 0.000000 2667.273438 0.000000 0.965154 0.000000 0.261681 0.000000 0.000000 0.000000
2529.860352 0.000000 2663.506836 0.000000 0.999473 0.000000 0.032465 0.000000 0.000000 0.000000
2504.260498 0.000000 2663.771240 0.000000 0.664280 0.000000 0.747484 1.000000 1.000000 1.000000
2509.243652 0.000000 2662.006836 0.000000 0.798189 0.000000 0.602407 0.000000 0.000000 0.000000
2506.448242 0.000000 2658.370605 0.000000 0.875478 0.000000 -0.483257 0.000000 0.000000 0.000000
2552.357666 0.000000 2663.112549 0.000000 0.179912 0.000000 -0.983683 0.000000 0.000000 0.000000
2550.928223 0.000000 2671.650635 0.000000 0.876082 0.000000 0.482162 0.000000 0.000000 0.000000
2500.014893 0.000000 2660.852783 0.000000 0.199876 0.000000 -0.979821 0.000000 0.000000 0.000000
2502.927734 0.000000 2661.113037 0.000000 0.295348 0.000000 -0.955390 1.000000 1.000000 1.000000
2504.000732 0.000000 2658.826904 0.000000 0.236270 0.000000 -0.971687 0.000000 0.000000 0.000000
2511.571045 0.000000 2661.378174 0.000000 0.975324 0.000000 -0.220779 0.000000 0.000000 0.000000
2555.596436 0.000000 2671.291992 0.000000 0.867106 0.000000 -0.498123 0.000000 0.000000 0.000000
2558.188965 0.000000 2669.840332 0.000000 0.965675 0.000000 0.259754 0.000000 0.000000 0.000000
2507.600586 0.000000 2660.487549 0.000000 0.989070 0.000000 0.147448 1.000000 1.000000 1.000000
2559.211670 0.000000 2665.597412 0.000000 0.865058 0.000000 -0.501671 0.000000 0.000000 0.000000
2557.495117 0.000000 2673.925781 0.000000 0.744676 0.000000 -0.667426 0.000000 0.000000 0.000000
2531.804932 0.000000 2673.679932 0.000000 0.584844 0.000000 0.811146 0.000000 0.000000 0.000000
2506.859131 0.000000 2662.294189 0.000000 0.336119 0.000000 0.941819 1.000000 1.000000 1.000000
2593.860352 0.000000 2663.506836 0.000000 0.372943 0.000000 -0.927854 0.000000 0.000000 0.000000
2595.895264 0.000000 2667.279297 0.000000 0.889164 0.000000 -0.457588 1.000000 1.000000 1.000000
2587.921387 0.000000 2670.721436 0.000000 0.988477 0.000000 -0.151369 0.000000 0.000000 0.000000
2560.974365 0.000000 2667.473389 0.000000 0.440255 0.000000 0.897873 1.000000 1.000000 1.000000
2586.002197 0.000000 2668.801025 0.000000 0.988245 0.000000 0.152878 1.000000 1.000000 1.000000
2593.762939 0.000000 2666.134277 0.000000 0.686172 0.000000 0.727439 1.000000 1.000000 1.000000
2590.946777 0.000000 2668.004639 0.000000 0.692518 0.000000 -0.721401 0.000000 0.000000 0.000000
2560.668701 0.000000 2672.536133 0.000000 0.274023 0.000000 0.961723 0.000000 0.000000 0.000000
2591.909912 0.000000 2669.733154 0.000000 0.748265 0.000000 -0.663400 0.000000 0.000000 0.000000
2589.993164 0.000000 2669.563477 0.000000 0.996480 0.000000 -0.083835 0.000000 0.000000 0.000000
7905.638184 0.000000 385.674896 0.000000 0.682496 0.000000 -0.730889 0.000000 0.000000 0.000000
7924.600586 0.000000 418.604431 0.000000 0.995302 0.000000 -0.096814 0.000000 0.000000 0.000000
7914.581543 0.000000 414.195435 0.000000 0.546498 0.000000 0.837460 0.000000 0.000000 0.000000
7909.084961 0.000000 410.188232 0.000000 0.416685 0.000000 0.909051 0.000000 0.000000 0.000000
7935.097656 0.000000 434.779846 0.000000 0.988256 0.000000 0.152810 0.000000 0.000000 0.000000
7913.396484 0.000000 409.149506 0.000000 0.921181 0.000000 0.389134 0.000000 0.000000 0.000000
7902.227539 0.000000 399.947998 0.000000 0.920103 0.000000 -0.391677 0.000000 0.000000 0.000000
7920.015137 0.000000 423.172089 0.000000 0.055511 0.000000 0.998458 0.000000 0.000000 0.000000
7952.913574 0.000000 371.476349 0.000000 0.311483 0.000000 0.950252 0.000000 0.000000 0.000000
7993.426758 0.000000 412.789581 0.000000 0.027203 0.000000 -0.999630 0.000000 0.000000 0.000000
7936.073242 0.000000 433.952087 0.000000 0.145280 0.000000 -0.989391 0.000000 0.000000 0.000000
7975.443848 0.000000 406.679993 0.000000 0.793289 0.000000 0.608845 0.000000 0.000000 0.000000
7986.335449 0.000000 416.283661 0.000000 0.951936 0.000000 0.306296 0.000000 0.000000 0.000000
7984.015137 0.000000 423.172089 0.000000 0.467264 0.000000 -0.884118 1.000000 1.000000 1.000000
7979.534668 0.000000 411.380341 0.000000 0.520342 0.000000 -0.853958 0.000000 0.000000 0.000000
7986.278320 0.000000 426.099548 0.000000 0.218198 0.000000 -0.975905 0.000000 0.000000 0.000000
7978.549316 0.000000 406.501984 0.000000 0.595810 0.000000 0.803125 0.000000 0.000000 0.000000
7978.478516 0.000000 421.127747 0.000000 0.682876 0.000000 -0.730534 0.000000 0.000000 0.000000
7981.452148 0.000000 423.960449 0.000000 0.575406 0.000000 0.817868 1.000000 1.000000 1.000000
7982.630859 0.000000 419.167297 0.000000 0.397133 0.000000 -0.917761 1.000000 1.000000 1.000000
7975.437012 0.000000 422.772522 0.000000 0.948017 0.000000 0.318220 0.000000 0.000000 0.000000
7983.774902 0.000000 414.579163 0.000000 0.291650 0.000000 0.956525 0.000000 0.000000 0.000000
7984.749512 0.000000 417.998260 0.000000 0.714378 0.000000 -0.699760 0.000000 0.000000 0.000000
7979.536621 0.000000 408.953705 0.000000 0.294783 0.000000 -0.955564 0.000000 0.000000 0.000000
7979.705078 0.000000 422.778381 0.000000 0.097706 0.000000 0.995215 1.000000 1.000000 1.000000
7985.818848 0.000000 422.138367 0.000000 0.683068 0.000000 0.730355 1.000000 1.000000 1.000000
7983.143066 0.000000 421.068115 0.000000 0.097689 0.000000 -0.995217 1.000000 1.000000 1.000000
7985.665527 0.000000 424.153229 0.000000 0.975132 0.000000 0.221623 0.000000 0.000000 0.000000
7977.043945 0.000000 407.406250 0.000000 0.999804 0.000000 -0.019800 0.000000 0.000000 0.000000
7977.028320 0.000000 422.097473 0.000000 0.088359 0.000000 -0.996089 1.000000 1.000000 1.000000
7975.815430 0.000000 404.944336 0.000000 0.263549 0.000000 -0.964646 1.000000 1.000000 1.000000
7432.084473 0.000000 467.509949 0.000000 0.939516 0.000000 0.342505 1.000000 1.000000 1.000000
8121.729980 0.000000 549.148865 0.000000 0.192638 0.000000 -0.981270 0.000000 0.000000 0.000000
8114.616699 0.000000 554.412598 0.000000 0.837827 0.000000 0.545935 0.000000 0.000000 0.000000
4423.674805 0.000000 2396.289795 0.000000 0.480639 0.000000 -0.876919 0.000000 0.000000 0.000000
4420.861816 0.000000 2400.298340 0.000000 0.944321 0.000000 -0.329026 0.000000 0.000000 0.000000
4444.282227 0.000000 2691.661621 0.000000 0.659517 0.000000 -0.751690 0.000000 0.000000 0.000000
4622.189453 0.000000 2408.787598 0.000000 0.805051 0.000000 0.593206 0.000000 0.000000 0.000000
4634.616699 0.000000 2435.037598 0.000000 0.576259 0.000000 -0.817267 0.000000 0.000000 0.000000
4609.476562 0.000000 2435.286865 0.000000 0.192112 0.000000 0.981373 0.000000 0.000000 0.000000
5005.917480 0.000000 2742.696289 0.000000 0.064287 0.000000 -0.997931 0.000000 0.000000 0.000000
5002.324219 0.000000 2742.743408 0.000000 0.609506 0.000000 -0.792782 1.000000 1.000000 1.000000
5100.084473 0.000000 2741.993896 0.000000 0.659984 0.000000 0.751280 1.000000 1.000000 1.000000
5101.452148 0.000000 2739.819824 0.000000 0.915135 0.000000 0.403147 1.000000 1.000000 1.000000
5095.437012 0.000000 2738.631836 0.000000 0.115822 0.000000 -0.993270 0.000000 0.000000 0.000000
5094.985352 0.000000 2743.114502 0.000000 0.008920 0.000000 0.999960 1.000000 1.000000 1.000000
5105.258789 0.000000 2748.707031 0.000000 0.084970 0.000000 0.996383 0.000000 0.000000 0.000000
5103.221680 0.000000 2744.548584 0.000000 0.835323 0.000000 -0.549759 1.000000 1.000000 1.000000
5096.581055 0.000000 2741.514404 0.000000 0.999544 0.000000 -0.030204 1.000000 1.000000 1.000000
5100.435059 0.000000 2747.225098 0.000000 0.984170 0.000000 0.177228 0.000000 0.000000 0.000000
5102.922852 0.000000 2746.571289 0.000000 0.052505 0.000000 -0.998621 1.000000 1.000000 1.000000
5099.705078 0.000000 2738.637695 0.000000 0.454606 0.000000 0.890693 1.000000 1.000000 1.000000
5101.660156 0.000000 2743.200195 0.000000 0.481637 0.000000 -0.876371 0.000000 0.000000 0.000000
5099.434082 0.000000 2740.340088 0.000000 0.966275 0.000000 0.257513 1.000000 1.000000 1.000000
5098.288086 0.000000 2741.932373 0.000000 0.525528 0.000000 0.850776 1.000000 1.000000 1.000000
5330.736816 0.000000 3552.152344 0.000000 0.962457 0.000000 -0.271434 0.000000 0.000000 0.000000
5330.409180 0.000000 3530.440674 0.000000 0.863801 0.000000 -0.503834 0.000000 0.000000 0.000000
5332.724609 0.000000 3531.731689 0.000000 0.623157 0.000000 0.782097 0.000000 0.000000 0.000000
5327.844238 0.000000 3561.642822 0.000000 0.627339 0.000000 0.778746 0.000000 0.000000 0.000000
5710.486328 0.000000 3540.713135 0.000000 0.573768 0.000000 0.819018 0.000000 0.000000 0.000000
5700.253418 0.000000 3541.397217 0.000000 0.549033 0.000000 0.835800 1.000000 1.000000 1.000000
6020.957031 0.000000 3548.198242 0.000000 0.951129 0.000000 0.308795 0.000000 0.000000 0.000000
6031.660156 0.000000 3553.196533 0.000000 0.998915 0.000000 0.046579 0.000000 0.000000 0.000000
6023.626953 0.000000 3548.381592 0.000000 0.137734 0.000000 0.990469 0.000000 0.000000 0.000000
6031.977051 0.000000 3551.098389 0.000000 0.109702 0.000000 -0.993965 0.000000 0.000000 0.000000
7014.885742 0.000000 3207.286621 0.000000 0.858019 0.000000 0.513619 0.000000 0.000000 0.000000
6985.640137 0.000000 3196.352051 0.000000 0.676846 0.000000 -0.736125 0.000000 0.000000 0.000000
6955.534668 0.000000 3292.083496 0.000000 0.284090 0.000000 0.958798 0.000000 0.000000 0.000000
6956.193359 0.000000 3297.038330 0.000000 0.459469 0.000000 -0.888194 0.000000 0.000000 0.000000
6956.596680 0.000000 3295.045166 0.000000 0.808919 0.000000 -0.587920 0.000000 0.000000 0.000000
7089.916504 0.000000 3293.883789 0.000000 0.926233 0.000000 0.376951 0.000000 0.000000 0.000000
6888.507812 0.000000 3526.453613 0.000000 0.949951 0.000000 -0.312398 0.000000 0.000000 0.000000
6933.939941 0.000000 3527.364746 0.000000 0.997897 0.000000 -0.064821 0.000000 0.000000 0.000000
7673.729980 0.000000 2808.523926 0.000000 0.610999 0.000000 -0.791631 0.000000 0.000000 0.000000
7675.742676 0.000000 2805.411377 0.000000 0.903535 0.000000 -0.428514 0.000000 0.000000 0.000000
7686.656738 0.000000 2816.552246 0.000000 0.922538 0.000000 0.385906 0.000000 0.000000 0.000000
7686.827637 0.000000 2823.733154 0.000000 0.957719 0.000000 -0.287706 0.000000 0.000000 0.000000
7684.256348 0.000000 2823.250000 0.000000 0.780937 0.000000 -0.624610 0.000000 0.000000 0.000000
7687.561523 0.000000 2818.708252 0.000000 0.774096 0.000000 0.633068 1.000000 1.000000 1.000000
7685.476562 0.000000 2819.012695 0.000000 0.675639 0.000000 0.737232 0.000000 0.000000 0.000000
7692.396484 0.000000 2836.726562 0.000000 0.293844 0.000000 -0.955853 0.000000 0.000000 0.000000
7686.202148 0.000000 2835.731445 0.000000 0.902182 0.000000 -0.431356 0.000000 0.000000 0.000000
7684.386230 0.000000 2834.635742 0.000000 0.750444 0.000000 -0.660935 1.000000 1.000000 1.000000
7682.093750 0.000000 2835.285156 0.000000 0.031009 0.000000 0.999519 0.000000 0.000000 0.000000
7687.854492 0.000000 2834.966797 0.000000 0.999861 0.000000 -0.016687 0.000000 0.000000 0.000000
7687.353027 0.000000 2836.920166 0.000000 0.463202 0.000000 0.886253 1.000000 1.000000 1.000000
7933.041992 0.000000 3162.298828 0.000000 0.780708 0.000000 -0.624896 0.000000 0.000000 0.000000
7897.164062 0.000000 3162.500000 0.000000 0.027760 0.000000 -0.999615 0.000000 0.000000 0.000000
8032.693359 0.000000 3158.628906 0.000000 0.278313 0.000000 -0.960491 0.000000 0.000000 0.000000
8058.107422 0.000000 3161.841064 0.000000 0.362564 0.000000 -0.931959 0.000000 0.000000 0.000000
8037.593262 0.000000 3148.851318 0.000000 0.842941 0.000000 -0.538007 0.000000 0.000000 0.000000
8070.656738 0.000000 3155.458496 0.000000 0.476348 0.000000 0.879257 0.000000 0.000000 0.000000
8066.854492 0.000000 3154.187500 0.000000 0.511550 0.000000 -0.859253 0.000000 0.000000 0.000000
8065.278809 0.000000 3152.515869 0.000000 0.106509 0.000000 -0.994312 0.000000 0.000000 0.000000
8083.281738 0.000000 3162.295166 0.000000 0.804220 0.000000 -0.594332 0.000000 0.000000 0.000000
7386.616211 0.000000 3413.145020 0.000000 0.040940 0.000000 -0.999162 0.000000 0.000000 0.000000
7440.003418 0.000000 3416.365234 0.000000 0.894239 0.000000 -0.447589 0.000000 0.000000 0.000000
7444.387207 0.000000 3415.859619 0.000000 0.728357 0.000000 0.685198 0.000000 0.000000 0.000000
7442.112793 0.000000 3415.254150 0.000000 0.691825 0.000000 0.722065 0.000000 0.000000 0.000000
7445.939941 0.000000 3414.395996 0.000000 0.032151 0.000000 -0.999483 0.000000 0.000000 0.000000
7523.914551 0.000000 3417.821533 0.000000 0.442402 0.000000 -0.896817 0.000000 0.000000 0.000000
7522.170410 0.000000 3417.419922 0.000000 0.997713 0.000000 0.067588 0.000000 0.000000 0.000000
7928.634766 0.000000 3198.913574 0.000000 0.441172 0.000000 -0.897422 0.000000 0.000000 0.000000
7917.602051 0.000000 3203.050049 0.000000 0.420678 0.000000 -0.907210 0.000000 0.000000 0.000000
7929.683105 0.000000 3165.280762 0.000000 0.440024 0.000000 0.897986 1.000000 1.000000 1.000000
7905.651855 0.000000 3199.322510 0.000000 0.969437 0.000000 -0.245341 0.000000 0.000000 0.000000
7915.827148 0.000000 3201.311768 0.000000 0.974459 0.000000 0.224564 0.000000 0.000000 0.000000
7934.188965 0.000000 3178.199707 0.000000 0.306766 0.000000 0.951785 0.000000 0.000000 0.000000
7909.505371 0.000000 3218.812744 0.000000 0.956422 0.000000 0.291987 1.000000 1.000000 1.000000
7902.427246 0.000000 3201.412109 0.000000 0.489727 0.000000 -0.871876 0.000000 0.000000 0.000000
7928.123047 0.000000 3166.468506 0.000000 0.813755 0.000000 -0.581208 1.000000 1.000000 1.000000
7811.716309 0.000000 3260.715576 0.000000 0.999967 0.000000 0.008172 0.000000 0.000000 0.000000
7826.867188 0.000000 3262.573242 0.000000 0.667745 0.000000 0.744390 0.000000 0.000000 0.000000
7831.871582 0.000000 3259.090332 0.000000 0.926684 0.000000 0.375842 1.000000 1.000000 1.000000
7823.660156 0.000000 3270.774658 0.000000 0.790382 0.000000 0.612614 0.000000 0.000000 0.000000
7836.116211 0.000000 3275.024902 0.000000 0.571460 0.000000 -0.820630 0.000000 0.000000 0.000000
7848.221680 0.000000 3240.052734 0.000000 0.995169 0.000000 -0.098178 0.000000 0.000000 0.000000
7864.270996 0.000000 3240.119141 0.000000 0.793606 0.000000 0.608432 1.000000 1.000000 1.000000
7829.228027 0.000000 3257.514404 0.000000 0.099312 0.000000 -0.995056 0.000000 0.000000 0.000000
7850.478516 0.000000 3245.346436 0.000000 0.586587 0.000000 0.809886 0.000000 0.000000 0.000000
7834.616211 0.000000 3243.691895 0.000000 0.108414 0.000000 -0.994106 0.000000 0.000000 0.000000
7820.244629 0.000000 3270.226074 0.000000 0.056391 0.000000 0.998409 0.000000 0.000000 0.000000
7863.542480 0.000000 3242.739258 0.000000 0.978501 0.000000 -0.206242 0.000000 0.000000 0.000000
7822.569336 0.000000 3253.378174 0.000000 0.844553 0.000000 -0.535472 1.000000 1.000000 1.000000
7828.862305 0.000000 3268.276367 0.000000 0.344139 0.000000 -0.938919 0.000000 0.000000 0.000000
7830.697754 0.000000 3266.127930 0.000000 0.949935 0.000000 0.312447 0.000000 0.000000 0.000000
7822.452148 0.000000 3275.204102 0.000000 0.244148 0.000000 -0.969738 0.000000 0.000000 0.000000
7859.409180 0.000000 3245.095703 0.000000 0.634948 0.000000 0.772554 0.000000 0.000000 0.000000
7829.389160 0.000000 3262.835205 0.000000 0.990217 0.000000 -0.139534 1.000000 1.000000 1.000000
7815.626953 0.000000 3265.959717 0.000000 0.734000 0.000000 -0.679149 0.000000 0.000000 0.000000
7819.346680 0.000000 3267.573486 0.000000 0.883063 0.000000 -0.469254 1.000000 1.000000 1.000000
7841.496582 0.000000 3243.840088 0.000000 0.735324 0.000000 -0.677715 1.000000 1.000000 1.000000
7824.687988 0.000000 3254.794434 0.000000 0.930257 0.000000 -0.366908 0.000000 0.000000 0.000000
7847.437012 0.000000 3246.991211 0.000000 0.756347 0.000000 -0.654170 1.000000 1.000000 1.000000
7828.387207 0.000000 3246.406494 0.000000 0.686472 0.000000 0.727157 0.000000 0.000000 0.000000
7871.940430 0.000000 3239.058838 0.000000 0.842193 0.000000 -0.539176 1.000000 1.000000 1.000000
7843.024414 0.000000 3240.181396 0.000000 0.184821 0.000000 0.982772 0.000000 0.000000 0.000000
7824.405273 0.000000 3257.164551 0.000000 0.411250 0.000000 -0.911523 0.000000 0.000000 0.000000
7834.280762 0.000000 3263.455811 0.000000 0.998365 0.000000 0.057168 0.000000 0.000000 0.000000
7831.550293 0.000000 3261.398438 0.000000 0.050421 0.000000 0.998728 0.000000 0.000000 0.000000
7832.466797 0.000000 3246.133545 0.000000 0.325874 0.000000 -0.945413 0.000000 0.000000 0.000000
7826.130371 0.000000 3264.702637 0.000000 0.823418 0.000000 0.567436 1.000000 1.000000 1.000000
7822.486328 0.000000 3258.291260 0.000000 0.846363 0.000000 0.532606 0.000000 0.000000 0.000000
7848.507812 0.000000 3244.031738 0.000000 0.958535 0.000000 0.284975 1.000000 1.000000 1.000000
7869.359375 0.000000 3240.682861 0.000000 0.073028 0.000000 0.997330 0.000000 0.000000 0.000000
7815.299805 0.000000 3260.347412 0.000000 0.601899 0.000000 -0.798572 0.000000 0.000000 0.000000
7823.150391 0.000000 3273.220459 0.000000 0.744691 0.000000 -0.667410 0.000000 0.000000 0.000000
7816.816895 0.000000 3267.617676 0.000000 0.384322 0.000000 0.923199 1.000000 1.000000 1.000000
7844.267090 0.000000 3244.500000 0.000000 0.746501 0.000000 -0.665384 1.000000 1.000000 1.000000
7851.705078 0.000000 3246.997070 0.000000 0.755229 0.000000 0.655461 1.000000 1.000000 1.000000
7833.195312 0.000000 3265.185059 0.000000 0.944568 0.000000 -0.328317 1.000000 1.000000 1.000000
7814.227051 0.000000 3264.184326 0.000000 0.255535 0.000000 -0.966800 0.000000 0.000000 0.000000
7827.139160 0.000000 3267.273193 0.000000 0.975200 0.000000 -0.221326 1.000000 1.000000 1.000000
7819.577637 0.000000 3263.630615 0.000000 0.781376 0.000000 0.624060 0.000000 0.000000 0.000000
7817.185059 0.000000 3263.144531 0.000000 0.424848 0.000000 -0.905264 1.000000 1.000000 1.000000
7869.495117 0.000000 3238.769531 0.000000 0.759054 0.000000 -0.651027 1.000000 1.000000 1.000000
7817.040527 0.000000 3261.134033 0.000000 0.993028 0.000000 0.117875 0.000000 0.000000 0.000000
7829.837891 0.000000 3264.556641 0.000000 0.444611 0.000000 -0.895724 1.000000 1.000000 1.000000
7867.648926 0.000000 3241.122070 0.000000 0.897697 0.000000 -0.440614 1.000000 1.000000 1.000000
7849.028320 0.000000 3246.316162 0.000000 0.610660 0.000000 0.791893 1.000000 1.000000 1.000000
7830.173340 0.000000 3258.950928 0.000000 0.768121 0.000000 0.640305 1.000000 1.000000 1.000000
7828.010742 0.000000 3263.818604 0.000000 0.636951 0.000000 0.770905 1.000000 1.000000 1.000000
7893.428223 0.000000 3251.957031 0.000000 0.928042 0.000000 0.372475 0.000000 0.000000 0.000000
7906.074219 0.000000 3225.129150 0.000000 0.190153 0.000000 -0.981754 0.000000 0.000000 0.000000
7922.569336 0.000000 3275.583252 0.000000 0.171766 0.000000 -0.985138 0.000000 0.000000 0.000000
7906.139648 0.000000 3221.335693 0.000000 0.999983 0.000000 -0.005843 0.000000 0.000000 0.000000
7884.424805 0.000000 3238.029053 0.000000 0.012868 0.000000 0.999917 0.000000 0.000000 0.000000
7908.294922 0.000000 3223.266113 0.000000 0.550289 0.000000 -0.834974 0.000000 0.000000 0.000000
7932.880859 0.000000 3242.839111 0.000000 0.723181 0.000000 0.690658 0.000000 0.000000 0.000000
7878.202148 0.000000 3231.122070 0.000000 0.999755 0.000000 -0.022140 0.000000 0.000000 0.000000
7934.830566 0.000000 3266.844482 0.000000 0.413653 0.000000 -0.910434 0.000000 0.000000 0.000000
7891.922852 0.000000 3223.408691 0.000000 0.981359 0.000000 0.192183 1.000000 1.000000 1.000000
7933.258301 0.000000 3231.623779 0.000000 0.938768 0.000000 -0.344549 0.000000 0.000000 0.000000
7872.974121 0.000000 3232.317139 0.000000 0.961992 0.000000 0.273077 1.000000 1.000000 1.000000
7908.142090 0.000000 3219.704590 0.000000 0.563000 0.000000 -0.826457 1.000000 1.000000 1.000000
7876.637695 0.000000 3238.182129 0.000000 0.384334 0.000000 -0.923194 1.000000 1.000000 1.000000
7874.523438 0.000000 3234.024170 0.000000 0.831083 0.000000 -0.556148 1.000000 1.000000 1.000000
7875.661133 0.000000 3240.682861 0.000000 0.342841 0.000000 0.939393 1.000000 1.000000 1.000000
7933.359375 0.000000 3240.682861 0.000000 0.961501 0.000000 -0.274802 0.000000 0.000000 0.000000
7935.211914 0.000000 3230.441162 0.000000 0.763077 0.000000 0.646308 0.000000 0.000000 0.000000
7876.386230 0.000000 3230.026367 0.000000 0.933667 0.000000 0.358143 1.000000 1.000000 1.000000
7872.668457 0.000000 3237.379883 0.000000 0.054021 0.000000 -0.998540 1.000000 1.000000 1.000000
7895.051758 0.000000 3222.657227 0.000000 0.778726 0.000000 0.627364 0.000000 0.000000 0.000000
7876.679688 0.000000 3233.845703 0.000000 0.929843 0.000000 -0.367957 0.000000 0.000000 0.000000
7874.093750 0.000000 3230.675781 0.000000 0.623805 0.000000 0.781580 1.000000 1.000000 1.000000
7874.200195 0.000000 3236.228516 0.000000 0.194856 0.000000 0.980832 1.000000 1.000000 1.000000
7878.483887 0.000000 3238.541748 0.000000 0.101881 0.000000 0.994797 0.000000 0.000000 0.000000
7879.854492 0.000000 3230.357422 0.000000 0.511079 0.000000 -0.859534 0.000000 0.000000 0.000000
7872.520996 0.000000 3239.379395 0.000000 0.000352 0.000000 -1.000000 1.000000 1.000000 1.000000
7908.465820 0.000000 3221.395264 0.000000 0.999657 0.000000 -0.026175 1.000000 1.000000 1.000000
7776.693359 0.000000 3328.082031 0.000000 0.642487 0.000000 0.766296 0.000000 0.000000 0.000000
7772.116211 0.000000 3331.509277 0.000000 0.925099 0.000000 -0.379727 0.000000 0.000000 0.000000
7802.107422 0.000000 3331.294189 0.000000 0.368607 0.000000 -0.929585 1.000000 1.000000 1.000000
7780.314453 0.000000 3329.489746 0.000000 0.848541 0.000000 -0.529130 0.000000 0.000000 0.000000
7804.341309 0.000000 3329.261475 0.000000 0.925728 0.000000 -0.378190 0.000000 0.000000 0.000000
7796.503418 0.000000 3330.511230 0.000000 0.847864 0.000000 0.530213 0.000000 0.000000 0.000000
7781.505371 0.000000 3331.781494 0.000000 0.971656 0.000000 0.236398 0.000000 0.000000 0.000000
7777.615234 0.000000 3330.189453 0.000000 0.786829 0.000000 -0.617171 1.000000 1.000000 1.000000
7776.929688 0.000000 3332.571289 0.000000 0.799569 0.000000 0.600574 1.000000 1.000000 1.000000
7778.607422 0.000000 3328.487793 0.000000 0.413012 0.000000 -0.910725 0.000000 0.000000 0.000000
7800.590820 0.000000 3330.004395 0.000000 0.539013 0.000000 0.842297 1.000000 1.000000 1.000000
7713.860352 0.000000 3341.319336 0.000000 0.496659 0.000000 -0.867946 1.000000 1.000000 1.000000
7716.294922 0.000000 3336.234863 0.000000 0.736926 0.000000 0.675974 0.000000 0.000000 0.000000
7715.895020 0.000000 3345.091797 0.000000 0.869026 0.000000 0.494767 0.000000 0.000000 0.000000
7716.193359 0.000000 3340.037109 0.000000 0.876027 0.000000 -0.482261 0.000000 0.000000 0.000000
7716.534668 0.000000 3349.756104 0.000000 0.178535 0.000000 0.983934 0.000000 0.000000 0.000000
7713.762695 0.000000 3343.946777 0.000000 0.328624 0.000000 -0.944461 0.000000 0.000000 0.000000
7719.451172 0.000000 3347.573730 0.000000 0.908547 0.000000 -0.417783 0.000000 0.000000 0.000000
7714.286621 0.000000 3336.205811 0.000000 0.635641 0.000000 -0.771985 1.000000 1.000000 1.000000
7712.870605 0.000000 3339.823730 0.000000 0.256999 0.000000 0.966412 1.000000 1.000000 1.000000
7715.859863 0.000000 3338.260498 0.000000 0.981242 0.000000 -0.192779 1.000000 1.000000 1.000000
7717.573730 0.000000 3344.082275 0.000000 0.789882 0.000000 -0.613259 1.000000 1.000000 1.000000
7712.125000 0.000000 3341.720215 0.000000 0.430820 0.000000 -0.902438 1.000000 1.000000 1.000000
7796.340820 0.000000 3332.914307 0.000000 0.687779 0.000000 -0.725920 1.000000 1.000000 1.000000
7796.969238 0.000000 3336.936035 0.000000 0.956911 0.000000 -0.290381 0.000000 0.000000 0.000000
7780.294922 0.000000 3336.234863 0.000000 0.259052 0.000000 0.965864 0.000000 0.000000 0.000000
7794.542480 0.000000 3338.376709 0.000000 0.952027 0.000000 -0.306014 0.000000 0.000000 0.000000
7783.590820 0.000000 3336.193359 0.000000 0.378528 0.000000 -0.925590 0.000000 0.000000 0.000000
7773.269531 0.000000 3334.737549 0.000000 0.950431 0.000000 -0.310936 0.000000 0.000000 0.000000
7775.881836 0.000000 3335.227539 0.000000 0.866631 0.000000 0.498949 1.000000 1.000000 1.000000
7800.373535 0.000000 3332.716553 0.000000 0.409540 0.000000 -0.912292 1.000000 1.000000 1.000000
7772.903809 0.000000 3339.199463 0.000000 0.951033 0.000000 -0.309089 0.000000 0.000000 0.000000
7772.442383 0.000000 3332.595459 0.000000 0.873917 0.000000 -0.486076 0.000000 0.000000 0.000000
7796.116699 0.000000 3334.908936 0.000000 0.248245 0.000000 0.968697 1.000000 1.000000 1.000000
7798.278809 0.000000 3332.610107 0.000000 0.820316 0.000000 0.571911 1.000000 1.000000 1.000000
7776.666016 0.000000 3333.217041 0.000000 0.665222 0.000000 -0.746646 1.000000 1.000000 1.000000
7827.921875 0.000000 3300.419189 0.000000 0.449456 0.000000 0.893303 0.000000 0.000000 0.000000
7864.634766 0.000000 3311.882324 0.000000 0.772650 0.000000 0.634833 0.000000 0.000000 0.000000
7829.636230 0.000000 3330.595947 0.000000 0.998010 0.000000 -0.063055 0.000000 0.000000 0.000000
7861.811523 0.000000 3317.392822 0.000000 0.612171 0.000000 -0.790725 0.000000 0.000000 0.000000
7825.983398 0.000000 3297.461914 0.000000 0.089063 0.000000 0.996026 0.000000 0.000000 0.000000
7862.496094 0.000000 3305.402588 0.000000 0.877173 0.000000 -0.480175 0.000000 0.000000 0.000000
7825.116211 0.000000 3323.341309 0.000000 0.322906 0.000000 -0.946431 0.000000 0.000000 0.000000
7826.867188 0.000000 3319.057617 0.000000 0.728406 0.000000 -0.685146 0.000000 0.000000 0.000000
7823.660156 0.000000 3327.259033 0.000000 0.976850 0.000000 -0.213925 1.000000 1.000000 1.000000
7861.610352 0.000000 3311.586670 0.000000 0.586792 0.000000 0.809738 0.000000 0.000000 0.000000
7858.278320 0.000000 3306.802734 0.000000 0.767135 0.000000 -0.641486 0.000000 0.000000 0.000000
7866.107422 0.000000 3331.294189 0.000000 0.074140 0.000000 -0.997248 0.000000 0.000000 0.000000
7863.879395 0.000000 3319.288574 0.000000 0.122894 0.000000 -0.992420 1.000000 1.000000 1.000000
7861.008789 0.000000 3320.315674 0.000000 0.999064 0.000000 0.043265 0.000000 0.000000 0.000000
7818.422852 0.000000 3299.841309 0.000000 0.998298 0.000000 0.058325 0.000000 0.000000 0.000000
7834.616211 0.000000 3300.176270 0.000000 0.976784 0.000000 0.214226 0.000000 0.000000 0.000000
7827.100098 0.000000 3328.840576 0.000000 0.553044 0.000000 -0.833152 0.000000 0.000000 0.000000
7868.341309 0.000000 3329.261475 0.000000 0.306351 0.000000 -0.951919 1.000000 1.000000 1.000000
7822.452148 0.000000 3331.688477 0.000000 0.977510 0.000000 -0.210888 0.000000 0.000000 0.000000
7835.115234 0.000000 3305.377441 0.000000 0.166520 0.000000 0.986038 0.000000 0.000000 0.000000
7815.626953 0.000000 3322.444092 0.000000 0.672352 0.000000 0.740231 0.000000 0.000000 0.000000
7866.085938 0.000000 3323.252441 0.000000 0.153046 0.000000 -0.988219 0.000000 0.000000 0.000000
7871.022949 0.000000 3330.259277 0.000000 0.816960 0.000000 0.576694 1.000000 1.000000 1.000000
7859.473145 0.000000 3316.471680 0.000000 0.189297 0.000000 0.981920 0.000000 0.000000 0.000000
7858.714844 0.000000 3326.566650 0.000000 0.927723 0.000000 0.373270 0.000000 0.000000 0.000000
7867.743652 0.000000 3326.821289 0.000000 0.832670 0.000000 -0.553769 1.000000 1.000000 1.000000
7854.583984 0.000000 3324.874268 0.000000 0.929435 0.000000 -0.368985 1.000000 1.000000 1.000000
7852.263184 0.000000 3326.268799 0.000000 0.911026 0.000000 0.412349 0.000000 0.000000 0.000000
7827.281738 0.000000 3331.748291 0.000000 0.906300 0.000000 -0.422635 0.000000 0.000000 0.000000
7832.466797 0.000000 3302.617920 0.000000 0.675253 0.000000 0.737586 0.000000 0.000000 0.000000
7859.339844 0.000000 3311.383057 0.000000 0.998019 0.000000 -0.062917 0.000000 0.000000 0.000000
7856.587402 0.000000 3327.019775 0.000000 0.199455 0.000000 0.979907 1.000000 1.000000 1.000000
7819.945801 0.000000 3298.162354 0.000000 0.011502 0.000000 0.999934 0.000000 0.000000 0.000000
7823.977051 0.000000 3325.160889 0.000000 0.782412 0.000000 -0.622761 1.000000 1.000000 1.000000
7832.739258 0.000000 3304.662842 0.000000 0.514894 0.000000 -0.857254 0.000000 0.000000 0.000000
7854.877930 0.000000 3329.517334 0.000000 0.722201 0.000000 0.691683 1.000000 1.000000 1.000000
7823.150391 0.000000 3329.704834 0.000000 0.969660 0.000000 0.244456 0.000000 0.000000 0.000000
7814.227051 0.000000 3320.668701 0.000000 0.411754 0.000000 -0.911295 1.000000 1.000000 1.000000
7825.040527 0.000000 3328.629150 0.000000 0.939885 0.000000 0.341490 0.000000 0.000000 0.000000
7860.105469 0.000000 3318.484619 0.000000 0.731840 0.000000 0.681477 1.000000 1.000000 1.000000
7858.737793 0.000000 3309.591309 0.000000 0.592664 0.000000 -0.805449 1.000000 1.000000 1.000000
7861.498535 0.000000 3313.570068 0.000000 0.689238 0.000000 0.724535 1.000000 1.000000 1.000000
7865.560059 0.000000 3326.737793 0.000000 0.906893 0.000000 0.421361 0.000000 0.000000 0.000000
7825.633301 0.000000 3324.922607 0.000000 0.850378 0.000000 -0.526173 1.000000 1.000000 1.000000
7872.164062 0.000000 3332.432861 0.000000 0.726381 0.000000 0.687292 0.000000 0.000000 0.000000
7873.941895 0.000000 3328.721680 0.000000 0.067124 0.000000 0.997745 0.000000 0.000000 0.000000
7872.004883 0.000000 3329.407715 0.000000 0.793054 0.000000 0.609151 0.000000 0.000000 0.000000
7811.834473 0.000000 3332.580566 0.000000 0.372447 0.000000 0.928053 0.000000 0.000000 0.000000
7865.915527 0.000000 3343.292969 0.000000 0.511609 0.000000 0.859218 0.000000 0.000000 0.000000
7866.815430 0.000000 3340.147217 0.000000 0.982843 0.000000 0.184443 0.000000 0.000000 0.000000
7868.365723 0.000000 3335.305908 0.000000 0.961869 0.000000 0.273512 0.000000 0.000000 0.000000
7860.969238 0.000000 3336.936035 0.000000 0.349506 0.000000 -0.936934 0.000000 0.000000 0.000000
7844.193359 0.000000 3340.037109 0.000000 0.951003 0.000000 -0.309181 0.000000 0.000000 0.000000
7858.542480 0.000000 3338.376709 0.000000 0.707595 0.000000 -0.706618 1.000000 1.000000 1.000000
7864.357422 0.000000 3340.925049 0.000000 0.988583 0.000000 0.150678 0.000000 0.000000 0.000000
7871.835938 0.000000 3337.062256 0.000000 0.896209 0.000000 -0.443632 0.000000 0.000000 0.000000
7863.474609 0.000000 3337.648682 0.000000 0.749602 0.000000 -0.661888 0.000000 0.000000 0.000000
7865.683105 0.000000 3334.733887 0.000000 0.914223 0.000000 0.405212 0.000000 0.000000 0.000000
7870.677246 0.000000 3335.124268 0.000000 0.807547 0.000000 0.589803 0.000000 0.000000 0.000000
7869.061035 0.000000 3333.134521 0.000000 0.923352 0.000000 0.383955 0.000000 0.000000 0.000000
7856.601562 0.000000 3337.420410 0.000000 0.344879 0.000000 -0.938647 1.000000 1.000000 1.000000
7825.373535 0.000000 3332.684570 0.000000 0.868149 0.000000 -0.496304 1.000000 1.000000 1.000000
7865.029297 0.000000 3339.014893 0.000000 0.258828 0.000000 -0.965923 1.000000 1.000000 1.000000
7868.870605 0.000000 3339.970703 0.000000 0.970068 0.000000 0.242833 0.000000 0.000000 0.000000
7867.533691 0.000000 3338.152832 0.000000 0.822888 0.000000 -0.568203 1.000000 1.000000 1.000000
7860.201660 0.000000 3339.526123 0.000000 0.586560 0.000000 0.809905 1.000000 1.000000 1.000000
7867.459473 0.000000 3341.938232 0.000000 0.470434 0.000000 -0.882435 0.000000 0.000000 0.000000
7854.857422 0.000000 3338.082031 0.000000 0.144513 0.000000 0.989503 0.000000 0.000000 0.000000
7843.859863 0.000000 3338.260498 0.000000 0.978978 0.000000 0.203964 0.000000 0.000000 0.000000
7857.566406 0.000000 3339.760742 0.000000 0.265314 0.000000 0.964162 1.000000 1.000000 1.000000
7878.798828 0.000000 3346.845215 0.000000 0.943123 0.000000 0.332445 0.000000 0.000000 0.000000
7881.939941 0.000000 3347.866455 0.000000 0.918819 0.000000 0.394680 1.000000 1.000000 1.000000
7880.607910 0.000000 3346.413574 0.000000 0.493443 0.000000 0.869778 1.000000 1.000000 1.000000
7958.003418 0.000000 3176.827393 0.000000 0.995046 0.000000 -0.099414 0.000000 0.000000 0.000000
7958.645996 0.000000 3193.790771 0.000000 0.852672 0.000000 -0.522447 0.000000 0.000000 0.000000
7960.739258 0.000000 3191.694092 0.000000 0.974307 0.000000 0.225224 0.000000 0.000000 0.000000
7940.679688 0.000000 3177.361328 0.000000 0.405664 0.000000 0.914022 0.000000 0.000000 0.000000
7942.215332 0.000000 3179.278320 0.000000 0.552546 0.000000 0.833482 0.000000 0.000000 0.000000
7988.105469 0.000000 3205.515869 0.000000 0.835567 0.000000 0.549388 0.000000 0.000000 0.000000
7965.381836 0.000000 3193.720215 0.000000 0.789761 0.000000 0.613415 0.000000 0.000000 0.000000
8003.856934 0.000000 3213.197021 0.000000 0.731838 0.000000 0.681479 0.000000 0.000000 0.000000
8058.815430 0.000000 3170.694092 0.000000 0.344489 0.000000 0.938790 0.000000 0.000000 0.000000
8052.392090 0.000000 3211.511719 0.000000 0.663373 0.000000 0.748289 0.000000 0.000000 0.000000
8055.033203 0.000000 3201.572998 0.000000 0.522161 0.000000 0.852847 0.000000 0.000000 0.000000
8035.895020 0.000000 3175.638672 0.000000 0.934164 0.000000 0.356844 0.000000 0.000000 0.000000
8059.279297 0.000000 3188.326416 0.000000 0.994790 0.000000 0.101945 0.000000 0.000000 0.000000
8063.940430 0.000000 3182.574463 0.000000 0.654729 0.000000 -0.755864 0.000000 0.000000 0.000000
8013.917480 0.000000 3194.571289 0.000000 0.985626 0.000000 -0.168941 0.000000 0.000000 0.000000
8011.910645 0.000000 3190.807861 0.000000 0.978003 0.000000 -0.208590 0.000000 0.000000 0.000000
8019.281738 0.000000 3218.779541 0.000000 0.349061 0.000000 0.937100 1.000000 1.000000 1.000000
8034.304199 0.000000 3179.224854 0.000000 0.566120 0.000000 0.824323 0.000000 0.000000 0.000000
8023.825684 0.000000 3217.045410 0.000000 0.941135 0.000000 0.338030 0.000000 0.000000 0.000000
8061.061035 0.000000 3163.681396 0.000000 0.493855 0.000000 -0.869544 0.000000 0.000000 0.000000
8048.587402 0.000000 3214.051025 0.000000 0.651199 0.000000 0.758907 0.000000 0.000000 0.000000
8063.035645 0.000000 3204.733154 0.000000 0.969176 0.000000 -0.246370 0.000000 0.000000 0.000000
8061.359375 0.000000 3184.198486 0.000000 0.693188 0.000000 0.720756 0.000000 0.000000 0.000000
8046.877930 0.000000 3216.548584 0.000000 0.437778 0.000000 0.899083 0.000000 0.000000 0.000000
8055.657227 0.000000 3203.498779 0.000000 0.746259 0.000000 0.665655 0.000000 0.000000 0.000000
8032.410645 0.000000 3180.494629 0.000000 0.045903 0.000000 0.998946 0.000000 0.000000 0.000000
8023.245605 0.000000 3218.785400 0.000000 0.697944 0.000000 -0.716153 1.000000 1.000000 1.000000
7968.909180 0.000000 3261.852783 0.000000 0.643384 0.000000 0.765544 0.000000 0.000000 0.000000
7973.443359 0.000000 3239.411377 0.000000 0.589389 0.000000 -0.807850 0.000000 0.000000 0.000000
7940.957031 0.000000 3265.776367 0.000000 0.386036 0.000000 0.922484 0.000000 0.000000 0.000000
7947.937012 0.000000 3252.378662 0.000000 0.105151 0.000000 0.994456 0.000000 0.000000 0.000000
7936.110840 0.000000 3229.973877 0.000000 0.977590 0.000000 -0.210518 0.000000 0.000000 0.000000
7945.939941 0.000000 3234.897705 0.000000 0.781777 0.000000 -0.623559 0.000000 0.000000 0.000000
7980.084473 0.000000 3250.353271 0.000000 0.742375 0.000000 -0.669985 0.000000 0.000000 0.000000
7958.343750 0.000000 3237.001709 0.000000 0.932584 0.000000 -0.360953 0.000000 0.000000 0.000000
7947.713867 0.000000 3257.612549 0.000000 0.015961 0.000000 0.999873 0.000000 0.000000 0.000000
7947.443359 0.000000 3249.596436 0.000000 0.900126 0.000000 0.435630 0.000000 0.000000 0.000000
7938.759766 0.000000 3228.723877 0.000000 0.447295 0.000000 -0.894386 0.000000 0.000000 0.000000
7943.626953 0.000000 3265.959717 0.000000 0.837731 0.000000 -0.546083 0.000000 0.000000 0.000000
7936.974121 0.000000 3232.317139 0.000000 0.254699 0.000000 0.967020 0.000000 0.000000 0.000000
7975.437012 0.000000 3246.991211 0.000000 0.989741 0.000000 0.142876 0.000000 0.000000 0.000000
7962.002441 0.000000 3233.644775 0.000000 0.688057 0.000000 -0.725656 0.000000 0.000000 0.000000
7938.854492 0.000000 3267.156250 0.000000 0.860642 0.000000 0.509210 0.000000 0.000000 0.000000
7971.024414 0.000000 3240.181396 0.000000 0.999998 0.000000 -0.001881 0.000000 0.000000 0.000000
7956.471191 0.000000 3241.435059 0.000000 0.732081 0.000000 -0.681217 0.000000 0.000000 0.000000
7966.667969 0.000000 3255.990723 0.000000 0.129461 0.000000 -0.991584 0.000000 0.000000 0.000000
7954.112793 0.000000 3245.801025 0.000000 0.769192 0.000000 -0.639018 0.000000 0.000000 0.000000
7958.294922 0.000000 3227.082520 0.000000 0.466752 0.000000 0.884388 1.000000 1.000000 1.000000
7945.114258 0.000000 3249.723145 0.000000 0.559187 0.000000 0.829042 0.000000 0.000000 0.000000
7959.342285 0.000000 3235.120117 0.000000 0.939424 0.000000 0.342757 0.000000 0.000000 0.000000
7990.447266 0.000000 3268.818848 0.000000 0.637975 0.000000 0.770057 0.000000 0.000000 0.000000
7972.267090 0.000000 3244.500000 0.000000 0.513339 0.000000 -0.858186 0.000000 0.000000 0.000000
7954.017090 0.000000 3243.394043 0.000000 0.081215 0.000000 0.996697 1.000000 1.000000 1.000000
8003.834473 0.000000 3219.611816 0.000000 0.896610 0.000000 -0.442820 0.000000 0.000000 0.000000
8014.189453 0.000000 3256.053223 0.000000 0.219964 0.000000 0.975508 0.000000 0.000000 0.000000
8031.430176 0.000000 3230.381348 0.000000 0.367348 0.000000 -0.930083 0.000000 0.000000 0.000000
8019.298340 0.000000 3237.556641 0.000000 0.991701 0.000000 -0.128564 0.000000 0.000000 0.000000
8062.612305 0.000000 3271.249756 0.000000 0.945647 0.000000 -0.325195 0.000000 0.000000 0.000000
8030.089844 0.000000 3248.544678 0.000000 0.709559 0.000000 0.704646 0.000000 0.000000 0.000000
8017.653320 0.000000 3228.078857 0.000000 0.627892 0.000000 0.778301 0.000000 0.000000 0.000000
8012.424805 0.000000 3238.029053 0.000000 0.855649 0.000000 -0.517556 0.000000 0.000000 0.000000
8006.656738 0.000000 3268.427246 0.000000 0.997711 0.000000 0.067627 0.000000 0.000000 0.000000
8058.107422 0.000000 3274.809814 0.000000 0.812958 0.000000 0.582322 0.000000 0.000000 0.000000
8062.830566 0.000000 3266.844482 0.000000 0.018203 0.000000 -0.999834 0.000000 0.000000 0.000000
8035.895020 0.000000 3232.123047 0.000000 0.958125 0.000000 0.286351 0.000000 0.000000 0.000000
8060.341309 0.000000 3272.777100 0.000000 0.416067 0.000000 -0.909334 0.000000 0.000000 0.000000
8058.085938 0.000000 3266.768066 0.000000 0.862090 0.000000 0.506755 0.000000 0.000000 0.000000
8033.496582 0.000000 3243.840088 0.000000 0.524623 0.000000 0.851335 0.000000 0.000000 0.000000
8059.743652 0.000000 3270.336914 0.000000 0.215865 0.000000 -0.976423 0.000000 0.000000 0.000000
8063.940430 0.000000 3239.058838 0.000000 0.941683 0.000000 -0.336502 0.000000 0.000000 0.000000
8060.370605 0.000000 3265.506104 0.000000 0.538610 0.000000 -0.842555 0.000000 0.000000 0.000000
8015.571289 0.000000 3226.221924 0.000000 0.041101 0.000000 0.999155 0.000000 0.000000 0.000000
8025.025879 0.000000 3219.857178 0.000000 0.359849 0.000000 0.933011 0.000000 0.000000 0.000000
8015.784668 0.000000 3261.432129 0.000000 0.899803 0.000000 0.436297 0.000000 0.000000 0.000000
8020.737793 0.000000 3219.612305 0.000000 0.301008 0.000000 0.953622 1.000000 1.000000 1.000000
8013.897461 0.000000 3262.717285 0.000000 0.953293 0.000000 0.302046 0.000000 0.000000 0.000000
8061.359375 0.000000 3240.682861 0.000000 0.895811 0.000000 -0.444436 0.000000 0.000000 0.000000
8041.380859 0.000000 3235.556885 0.000000 0.830213 0.000000 0.557446 1.000000 1.000000 1.000000
8032.249023 0.000000 3247.985107 0.000000 0.970454 0.000000 -0.241288 0.000000 0.000000 0.000000
8038.302734 0.000000 3232.676025 0.000000 0.829849 0.000000 -0.557989 0.000000 0.000000 0.000000
8017.646484 0.000000 3238.934082 0.000000 0.641084 0.000000 0.767471 0.000000 0.000000 0.000000
8052.116699 0.000000 3221.940186 0.000000 0.577642 0.000000 -0.816290 0.000000 0.000000 0.000000
8014.008789 0.000000 3239.354492 0.000000 0.347833 0.000000 0.937557 0.000000 0.000000 0.000000
8021.078125 0.000000 3221.737061 0.000000 0.863015 0.000000 0.505177 0.000000 0.000000 0.000000
8015.814941 0.000000 3240.241455 0.000000 0.669499 0.000000 0.742813 0.000000 0.000000 0.000000
8059.533691 0.000000 3225.184082 0.000000 0.020158 0.000000 -0.999797 0.000000 0.000000 0.000000
8058.541992 0.000000 3268.780518 0.000000 0.975878 0.000000 0.218315 0.000000 0.000000 0.000000
8063.474121 0.000000 3264.833740 0.000000 0.787500 0.000000 -0.616315 1.000000 1.000000 1.000000
8012.416504 0.000000 3261.527344 0.000000 0.870900 0.000000 -0.491460 0.000000 0.000000 0.000000
8084.950195 0.000000 3172.294189 0.000000 0.655750 0.000000 -0.754978 0.000000 0.000000 0.000000
8125.733887 0.000000 3197.335205 0.000000 0.127827 0.000000 0.991796 0.000000 0.000000 0.000000
8067.716309 0.000000 3204.231201 0.000000 0.083579 0.000000 -0.996501 0.000000 0.000000 0.000000
8065.476562 0.000000 3169.583740 0.000000 0.160851 0.000000 -0.986979 0.000000 0.000000 0.000000
8064.390625 0.000000 3206.675049 0.000000 0.704637 0.000000 -0.709568 0.000000 0.000000 0.000000
8088.763672 0.000000 3193.856201 0.000000 0.444585 0.000000 -0.895737 0.000000 0.000000 0.000000
8093.587891 0.000000 3182.792725 0.000000 0.234288 0.000000 -0.972167 0.000000 0.000000 0.000000
8076.424805 0.000000 3181.544678 0.000000 0.455128 0.000000 0.890426 0.000000 0.000000 0.000000
8106.549316 0.000000 3174.236328 0.000000 0.003547 0.000000 -0.999994 0.000000 0.000000 0.000000
8076.244629 0.000000 3213.741699 0.000000 0.806468 0.000000 0.591278 0.000000 0.000000 0.000000
8109.602051 0.000000 3203.050049 0.000000 0.970761 0.000000 -0.240047 0.000000 0.000000 0.000000
8068.015137 0.000000 3169.212158 0.000000 0.786787 0.000000 -0.617225 0.000000 0.000000 0.000000
8084.471191 0.000000 3184.950684 0.000000 0.757395 0.000000 0.652957 0.000000 0.000000 0.000000
8119.341309 0.000000 3214.416992 0.000000 0.521128 0.000000 0.853478 0.000000 0.000000 0.000000
8082.112793 0.000000 3189.316650 0.000000 0.997696 0.000000 0.067847 1.000000 1.000000 1.000000
8084.737793 0.000000 3163.127930 0.000000 0.506440 0.000000 -0.862275 0.000000 0.000000 0.000000
8098.304199 0.000000 3179.224854 0.000000 0.932402 0.000000 -0.361423 0.000000 0.000000 0.000000
8067.661133 0.000000 3184.198486 0.000000 0.894977 0.000000 0.446111 0.000000 0.000000 0.000000
8104.632324 0.000000 3202.760254 0.000000 0.202582 0.000000 0.979265 0.000000 0.000000 0.000000
8106.151367 0.000000 3205.636475 0.000000 0.900950 0.000000 -0.433924 1.000000 1.000000 1.000000
8095.716309 0.000000 3203.575684 0.000000 0.656076 0.000000 -0.754694 0.000000 0.000000 0.000000
8125.359375 0.000000 3184.198486 0.000000 0.998574 0.000000 0.053394 0.000000 0.000000 0.000000
8084.672363 0.000000 3182.682373 0.000000 0.257714 0.000000 0.966221 0.000000 0.000000 0.000000
8085.939941 0.000000 3188.458496 0.000000 0.351246 0.000000 0.936283 1.000000 1.000000 1.000000
8069.852539 0.000000 3185.970459 0.000000 0.706297 0.000000 0.707916 0.000000 0.000000 0.000000
8082.017090 0.000000 3186.909668 0.000000 0.807181 0.000000 -0.590304 0.000000 0.000000 0.000000
8105.461914 0.000000 3218.724609 0.000000 0.915682 0.000000 -0.401903 1.000000 1.000000 1.000000
8112.863770 0.000000 3207.601074 0.000000 0.862483 0.000000 0.506087 1.000000 1.000000 1.000000
8118.407227 0.000000 3216.160645 0.000000 0.966428 0.000000 0.256938 0.000000 0.000000 0.000000
8125.495117 0.000000 3182.285156 0.000000 0.044103 0.000000 0.999027 0.000000 0.000000 0.000000
8065.541504 0.000000 3184.289062 0.000000 0.799594 0.000000 0.600541 0.000000 0.000000 0.000000
8113.177734 0.000000 3204.738281 0.000000 0.948291 0.000000 0.317401 1.000000 1.000000 1.000000
8111.226074 0.000000 3204.069092 0.000000 0.955885 0.000000 -0.293740 1.000000 1.000000 1.000000
8110.145508 0.000000 3206.947998 0.000000 0.339082 0.000000 0.940757 1.000000 1.000000 1.000000
8144.020996 0.000000 3207.353271 0.000000 0.189389 0.000000 0.981902 0.000000 0.000000 0.000000
8137.424316 0.000000 3190.998779 0.000000 0.600094 0.000000 0.799929 0.000000 0.000000 0.000000
8135.561523 0.000000 3214.098877 0.000000 0.078258 0.000000 0.996933 0.000000 0.000000 0.000000
8133.476562 0.000000 3214.403320 0.000000 0.264255 0.000000 0.964453 0.000000 0.000000 0.000000
8096.909180 0.000000 3261.852783 0.000000 0.775177 0.000000 -0.631744 0.000000 0.000000 0.000000
8087.759277 0.000000 3263.735107 0.000000 0.222580 0.000000 -0.974914 0.000000 0.000000 0.000000
8081.116211 0.000000 3266.856934 0.000000 0.477694 0.000000 -0.878526 0.000000 0.000000 0.000000
8082.867188 0.000000 3262.573242 0.000000 0.600039 0.000000 0.799971 0.000000 0.000000 0.000000
8107.534668 0.000000 3235.599121 0.000000 0.172581 0.000000 0.984995 0.000000 0.000000 0.000000
8122.107422 0.000000 3274.809814 0.000000 0.442759 0.000000 -0.896641 0.000000 0.000000 0.000000
8119.879395 0.000000 3262.804199 0.000000 0.358816 0.000000 -0.933408 0.000000 0.000000 0.000000
8117.008789 0.000000 3263.831299 0.000000 0.859495 0.000000 -0.511145 0.000000 0.000000 0.000000
8067.167969 0.000000 3263.562012 0.000000 0.639968 0.000000 0.768402 1.000000 1.000000 1.000000
8084.862305 0.000000 3268.276367 0.000000 0.594900 0.000000 0.803799 0.000000 0.000000 0.000000
8086.697754 0.000000 3266.127930 0.000000 0.842938 0.000000 0.538010 0.000000 0.000000 0.000000
8115.409180 0.000000 3245.095703 0.000000 0.882659 0.000000 0.470014 0.000000 0.000000 0.000000
8118.928223 0.000000 3236.494385 0.000000 0.323028 0.000000 -0.946389 0.000000 0.000000 0.000000
8107.597168 0.000000 3221.633789 0.000000 0.985414 0.000000 0.170176 0.000000 0.000000 0.000000
8064.956543 0.000000 3260.729248 0.000000 0.881178 0.000000 0.472784 0.000000 0.000000 0.000000
8066.854492 0.000000 3267.156250 0.000000 0.355824 0.000000 -0.934553 0.000000 0.000000 0.000000
8123.743652 0.000000 3270.336914 0.000000 0.776258 0.000000 0.630416 0.000000 0.000000 0.000000
8065.278809 0.000000 3265.484619 0.000000 0.433356 0.000000 0.901223 1.000000 1.000000 1.000000
8082.130371 0.000000 3264.702637 0.000000 0.103056 0.000000 0.994676 0.000000 0.000000 0.000000
8105.191406 0.000000 3221.739746 0.000000 0.956718 0.000000 0.291015 1.000000 1.000000 1.000000
8112.601562 0.000000 3224.451660 0.000000 0.965096 0.000000 0.261897 0.000000 0.000000 0.000000
8110.915039 0.000000 3228.695068 0.000000 0.980273 0.000000 0.197648 0.000000 0.000000 0.000000
8123.060547 0.000000 3262.201660 0.000000 0.828601 0.000000 -0.559839 1.000000 1.000000 1.000000
8073.114258 0.000000 3249.723145 0.000000 0.236146 0.000000 0.971718 0.000000 0.000000 0.000000
8110.326660 0.000000 3230.727539 0.000000 0.655133 0.000000 -0.755514 1.000000 1.000000 1.000000
8114.491699 0.000000 3243.249756 0.000000 0.174246 0.000000 -0.984702 0.000000 0.000000 0.000000
8083.139160 0.000000 3267.273193 0.000000 0.677024 0.000000 0.735961 1.000000 1.000000 1.000000
8113.878906 0.000000 3231.953369 0.000000 0.984433 0.000000 -0.175761 0.000000 0.000000 0.000000
8116.116699 0.000000 3221.940186 0.000000 0.543646 0.000000 0.839314 0.000000 0.000000 0.000000
8075.577637 0.000000 3263.630615 0.000000 0.638324 0.000000 -0.769768 0.000000 0.000000 0.000000
8111.881836 0.000000 3232.341797 0.000000 0.950516 0.000000 -0.310676 0.000000 0.000000 0.000000
8116.105469 0.000000 3262.000244 0.000000 0.110682 0.000000 0.993856 0.000000 0.000000 0.000000
8120.393555 0.000000 3264.736084 0.000000 0.994316 0.000000 0.106473 1.000000 1.000000 1.000000
8111.125977 0.000000 3258.526611 0.000000 0.615992 0.000000 0.787752 0.000000 0.000000 0.000000
8067.196289 0.000000 3265.359863 0.000000 0.728355 0.000000 0.685200 1.000000 1.000000 1.000000
8085.837891 0.000000 3264.556641 0.000000 0.315270 0.000000 -0.949002 0.000000 0.000000 0.000000
8114.333496 0.000000 3258.545898 0.000000 0.614619 0.000000 -0.788824 0.000000 0.000000 0.000000
8121.390625 0.000000 3262.016602 0.000000 0.011245 0.000000 0.999937 1.000000 1.000000 1.000000
8145.116211 0.000000 3266.856934 0.000000 0.525868 0.000000 -0.850566 0.000000 0.000000 0.000000
8141.152832 0.000000 3264.840332 0.000000 0.096254 0.000000 -0.995357 0.000000 0.000000 0.000000
8149.436035 0.000000 3270.907227 0.000000 0.670667 0.000000 0.741759 0.000000 0.000000 0.000000
8147.100098 0.000000 3272.356201 0.000000 0.671769 0.000000 -0.740760 1.000000 1.000000 1.000000
8139.346680 0.000000 3267.573486 0.000000 0.951186 0.000000 -0.308617 0.000000 0.000000 0.000000
8131.928711 0.000000 3249.741211 0.000000 0.932471 0.000000 -0.361245 0.000000 0.000000 0.000000
8147.281738 0.000000 3275.263916 0.000000 0.828474 0.000000 0.560028 0.000000 0.000000 0.000000
8142.936035 0.000000 3266.181396 0.000000 0.874225 0.000000 0.485521 0.000000 0.000000 0.000000
8135.299805 0.000000 3260.347412 0.000000 0.719556 0.000000 -0.694435 0.000000 0.000000 0.000000
8145.040527 0.000000 3272.144775 0.000000 0.551584 0.000000 -0.834120 0.000000 0.000000 0.000000
7939.834473 0.000000 3276.096191 0.000000 0.721321 0.000000 -0.692601 0.000000 0.000000 0.000000
7972.049805 0.000000 3312.383301 0.000000 0.429384 0.000000 -0.903122 0.000000 0.000000 0.000000
7961.550293 0.000000 3287.695068 0.000000 0.103241 0.000000 -0.994656 0.000000 0.000000 0.000000
7982.917969 0.000000 3297.408447 0.000000 0.052186 0.000000 0.998637 0.000000 0.000000 0.000000
7962.132812 0.000000 3310.545654 0.000000 0.496622 0.000000 0.867967 0.000000 0.000000 0.000000
7979.534668 0.000000 3292.083496 0.000000 0.966122 0.000000 0.258087 1.000000 1.000000 1.000000
7996.718750 0.000000 3317.325195 0.000000 0.830307 0.000000 0.557306 0.000000 0.000000 0.000000
7979.550781 0.000000 3282.893555 0.000000 0.929233 0.000000 0.369493 0.000000 0.000000 0.000000
7994.988770 0.000000 3309.727783 0.000000 0.291553 0.000000 -0.956555 0.000000 0.000000 0.000000
7966.841309 0.000000 3307.725830 0.000000 0.541622 0.000000 -0.840622 0.000000 0.000000 0.000000
7978.549316 0.000000 3287.205078 0.000000 0.931072 0.000000 -0.364836 0.000000 0.000000 0.000000
7980.193359 0.000000 3297.038330 0.000000 0.918547 0.000000 -0.395312 0.000000 0.000000 0.000000
7975.590820 0.000000 3279.708984 0.000000 0.996604 0.000000 0.082344 0.000000 0.000000 0.000000
7991.370605 0.000000 3309.749268 0.000000 0.994346 0.000000 0.106189 1.000000 1.000000 1.000000
7972.534668 0.000000 3293.271729 0.000000 0.983222 0.000000 0.182412 0.000000 0.000000 0.000000
7996.605469 0.000000 3308.020264 0.000000 0.198369 0.000000 0.980128 0.000000 0.000000 0.000000
7975.451172 0.000000 3291.089355 0.000000 0.977838 0.000000 0.209363 1.000000 1.000000 1.000000
7977.380859 0.000000 3292.041260 0.000000 0.576294 0.000000 0.817242 1.000000 1.000000 1.000000
7974.302734 0.000000 3289.160400 0.000000 0.834765 0.000000 -0.550606 0.000000 0.000000 0.000000
7996.194824 0.000000 3311.682861 0.000000 0.888627 0.000000 0.458630 0.000000 0.000000 0.000000
7980.596680 0.000000 3295.045166 0.000000 0.583767 0.000000 -0.811921 1.000000 1.000000 1.000000
7962.051758 0.000000 3308.387939 0.000000 0.915864 0.000000 0.401489 0.000000 0.000000 0.000000
7974.058105 0.000000 3292.396240 0.000000 0.908412 0.000000 -0.418076 0.000000 0.000000 0.000000
7963.568359 0.000000 3309.501221 0.000000 0.315340 0.000000 -0.948979 0.000000 0.000000 0.000000
7963.789062 0.000000 3311.273438 0.000000 0.982193 0.000000 -0.187874 0.000000 0.000000 0.000000
8003.834473 0.000000 3276.096191 0.000000 0.112370 0.000000 0.993666 0.000000 0.000000 0.000000
8005.568848 0.000000 3280.111572 0.000000 0.943127 0.000000 -0.332432 0.000000 0.000000 0.000000
8004.219238 0.000000 3308.727783 0.000000 0.096231 0.000000 -0.995359 0.000000 0.000000 0.000000
8011.269531 0.000000 3285.423828 0.000000 0.490620 0.000000 0.871373 0.000000 0.000000 0.000000
8006.798828 0.000000 3290.360840 0.000000 0.781408 0.000000 -0.624020 0.000000 0.000000 0.000000
8017.653320 0.000000 3284.563232 0.000000 0.847308 0.000000 0.531102 0.000000 0.000000 0.000000
8044.084473 0.000000 3306.837646 0.000000 0.645745 0.000000 -0.763553 0.000000 0.000000 0.000000
8006.113770 0.000000 3315.052246 0.000000 0.582130 0.000000 0.813096 0.000000 0.000000 0.000000
8060.365723 0.000000 3278.821533 0.000000 0.999266 0.000000 0.038311 0.000000 0.000000 0.000000
8040.221680 0.000000 3296.537109 0.000000 0.710972 0.000000 -0.703220 0.000000 0.000000 0.000000
8008.260254 0.000000 3285.099365 0.000000 0.873040 0.000000 -0.487649 1.000000 1.000000 1.000000
8002.892090 0.000000 3314.294922 0.000000 0.067101 0.000000 -0.997746 0.000000 0.000000 0.000000
8055.879395 0.000000 3319.288574 0.000000 0.416385 0.000000 -0.909189 0.000000 0.000000 0.000000
8060.880859 0.000000 3299.323486 0.000000 0.997410 0.000000 -0.071931 0.000000 0.000000 0.000000
8006.202148 0.000000 3287.606445 0.000000 0.175152 0.000000 -0.984541 0.000000 0.000000 0.000000
8062.830566 0.000000 3323.328857 0.000000 0.329293 0.000000 0.944228 1.000000 1.000000 1.000000
8007.290527 0.000000 3310.766113 0.000000 0.669355 0.000000 -0.742943 0.000000 0.000000 0.000000
8044.193359 0.000000 3297.038330 0.000000 0.960304 0.000000 -0.278956 0.000000 0.000000 0.000000
8047.961914 0.000000 3331.353760 0.000000 0.211679 0.000000 0.977339 1.000000 1.000000 1.000000
8045.602051 0.000000 3316.018799 0.000000 0.972008 0.000000 -0.234949 0.000000 0.000000 0.000000
8061.258301 0.000000 3288.108154 0.000000 0.931115 0.000000 -0.364725 1.000000 1.000000 1.000000
8047.560547 0.000000 3318.857422 0.000000 0.925943 0.000000 -0.377664 0.000000 0.000000 0.000000
8045.452148 0.000000 3304.663574 0.000000 0.787551 0.000000 -0.616250 0.000000 0.000000 0.000000
8058.085938 0.000000 3323.252441 0.000000 0.500566 0.000000 0.865699 0.000000 0.000000 0.000000
8063.022949 0.000000 3330.259277 0.000000 0.441641 0.000000 0.897192 0.000000 0.000000 0.000000
8051.473145 0.000000 3316.471680 0.000000 0.791686 0.000000 -0.610928 0.000000 0.000000 0.000000
8006.927734 0.000000 3282.441162 0.000000 0.162206 0.000000 0.986757 0.000000 0.000000 0.000000
8063.545410 0.000000 3308.052734 0.000000 0.669125 0.000000 -0.743150 0.000000 0.000000 0.000000
8050.714844 0.000000 3326.566650 0.000000 0.527771 0.000000 0.849386 0.000000 0.000000 0.000000
8059.743652 0.000000 3326.821289 0.000000 0.998610 0.000000 0.052701 0.000000 0.000000 0.000000
8007.852051 0.000000 3313.271240 0.000000 0.988619 0.000000 0.150439 1.000000 1.000000 1.000000
8060.370605 0.000000 3321.990479 0.000000 0.654590 0.000000 -0.755984 0.000000 0.000000 0.000000
8049.258789 0.000000 3313.550781 0.000000 0.203732 0.000000 0.979027 0.000000 0.000000 0.000000
8009.640137 0.000000 3309.320801 0.000000 0.012250 0.000000 0.999925 0.000000 0.000000 0.000000
8062.188965 0.000000 3291.168457 0.000000 0.176288 0.000000 0.984339 1.000000 1.000000 1.000000
8060.605469 0.000000 3308.020264 0.000000 0.922499 0.000000 -0.385998 0.000000 0.000000 0.000000
8044.304199 0.000000 3299.793213 0.000000 0.093812 0.000000 0.995590 0.000000 0.000000 0.000000
8024.281738 0.000000 3298.108887 0.000000 0.739260 0.000000 -0.673420 0.000000 0.000000 0.000000
8062.298340 0.000000 3325.564453 0.000000 0.894949 0.000000 0.446169 0.000000 0.000000 0.000000
8061.061035 0.000000 3276.650146 0.000000 0.270464 0.000000 0.962730 0.000000 0.000000 0.000000
8048.587402 0.000000 3327.019775 0.000000 0.994977 0.000000 -0.100108 0.000000 0.000000 0.000000
8063.211914 0.000000 3286.925537 0.000000 0.203541 0.000000 0.979066 0.000000 0.000000 0.000000
8046.877930 0.000000 3329.517334 0.000000 0.996229 0.000000 0.086765 0.000000 0.000000 0.000000
8005.887695 0.000000 3306.922363 0.000000 0.266906 0.000000 -0.963723 0.000000 0.000000 0.000000
8060.194824 0.000000 3311.682861 0.000000 0.698087 0.000000 0.716013 0.000000 0.000000 0.000000
8006.066895 0.000000 3309.229248 0.000000 0.996117 0.000000 -0.088042 1.000000 1.000000 1.000000
8063.474121 0.000000 3321.318115 0.000000 0.203346 0.000000 -0.979107 0.000000 0.000000 0.000000
8047.125977 0.000000 3315.010986 0.000000 0.853133 0.000000 0.521694 0.000000 0.000000 0.000000
8049.177734 0.000000 3317.707031 0.000000 0.888326 0.000000 0.459214 1.000000 1.000000 1.000000
8047.226074 0.000000 3317.037842 0.000000 0.960208 0.000000 -0.279287 1.000000 1.000000 1.000000
7988.600586 0.000000 3355.791992 0.000000 0.973487 0.000000 -0.228742 0.000000 0.000000 0.000000
8026.844238 0.000000 3334.295654 0.000000 0.987952 0.000000 0.154761 0.000000 0.000000 0.000000
8062.018555 0.000000 3358.473145 0.000000 0.245929 0.000000 0.969288 0.000000 0.000000 0.000000
8016.310547 0.000000 3357.372803 0.000000 0.749265 0.000000 0.662270 0.000000 0.000000 0.000000
8017.983398 0.000000 3353.946289 0.000000 0.998389 0.000000 0.056741 0.000000 0.000000 0.000000
8012.424805 0.000000 3350.997803 0.000000 0.884766 0.000000 0.466035 0.000000 0.000000 0.000000
8050.278320 0.000000 3363.287109 0.000000 0.989285 0.000000 -0.145997 0.000000 0.000000 0.000000
8013.243652 0.000000 3339.819336 0.000000 0.253772 0.000000 -0.967264 0.000000 0.000000 0.000000
8010.448242 0.000000 3336.183105 0.000000 0.775045 0.000000 -0.631907 0.000000 0.000000 0.000000
8049.495117 0.000000 3332.678223 0.000000 0.777171 0.000000 0.629289 0.000000 0.000000 0.000000
8015.844238 0.000000 3335.705322 0.000000 0.994680 0.000000 0.103016 0.000000 0.000000 0.000000
8056.270996 0.000000 3353.087891 0.000000 0.209518 0.000000 -0.977805 1.000000 1.000000 1.000000
8019.958008 0.000000 3339.290771 0.000000 0.982564 0.000000 0.185925 0.000000 0.000000 0.000000
8019.922852 0.000000 3336.377441 0.000000 0.157644 0.000000 -0.987496 1.000000 1.000000 1.000000
8045.452148 0.000000 3361.147949 0.000000 0.980550 0.000000 -0.196271 0.000000 0.000000 0.000000
8029.269531 0.000000 3334.737549 0.000000 0.153720 0.000000 -0.988114 0.000000 0.000000 0.000000
8015.571289 0.000000 3339.190674 0.000000 0.762832 0.000000 -0.646597 0.000000 0.000000 0.000000
8062.188965 0.000000 3347.652832 0.000000 0.383999 0.000000 -0.923333 0.000000 0.000000 0.000000
8010.112305 0.000000 3350.731934 0.000000 0.949772 0.000000 0.312943 0.000000 0.000000 0.000000
8056.713379 0.000000 3362.001221 0.000000 0.176077 0.000000 0.984376 0.000000 0.000000 0.000000
8052.417969 0.000000 3362.903076 0.000000 0.029159 0.000000 -0.999575 0.000000 0.000000 0.000000
8062.998535 0.000000 3356.559814 0.000000 0.544624 0.000000 -0.838680 1.000000 1.000000 1.000000
8016.326660 0.000000 3355.245117 0.000000 0.956314 0.000000 -0.292342 0.000000 0.000000 0.000000
8011.631836 0.000000 3349.094482 0.000000 0.965067 0.000000 -0.262003 0.000000 0.000000 0.000000
8021.078125 0.000000 3334.705811 0.000000 0.047966 0.000000 0.998849 0.000000 0.000000 0.000000
8055.775879 0.000000 3360.302979 0.000000 0.547995 0.000000 0.836482 0.000000 0.000000 0.000000
8047.569336 0.000000 3332.681396 0.000000 0.260607 0.000000 0.965445 0.000000 0.000000 0.000000
8061.495117 0.000000 3351.738281 0.000000 0.999026 0.000000 -0.044120 0.000000 0.000000 0.000000
8015.104492 0.000000 3337.430176 0.000000 0.978304 0.000000 -0.207175 1.000000 1.000000 1.000000
8067.834473 0.000000 3276.096191 0.000000 0.711290 0.000000 0.702898 0.000000 0.000000 0.000000
8092.282227 0.000000 3312.989746 0.000000 0.367990 0.000000 -0.929830 0.000000 0.000000 0.000000
8099.530762 0.000000 3326.682373 0.000000 0.262074 0.000000 0.965048 0.000000 0.000000 0.000000
8102.465332 0.000000 3301.191406 0.000000 0.486621 0.000000 0.873613 0.000000 0.000000 0.000000
8094.600098 0.000000 3325.797363 0.000000 0.971771 0.000000 0.235928 0.000000 0.000000 0.000000
8121.614258 0.000000 3328.474854 0.000000 0.155428 0.000000 -0.987847 0.000000 0.000000 0.000000
8073.939941 0.000000 3291.382080 0.000000 0.400658 0.000000 0.916228 0.000000 0.000000 0.000000
8122.815430 0.000000 3283.662842 0.000000 0.990848 0.000000 0.134981 0.000000 0.000000 0.000000
8093.536621 0.000000 3316.106934 0.000000 0.495026 0.000000 -0.868878 0.000000 0.000000 0.000000
8118.469238 0.000000 3286.247803 0.000000 0.842454 0.000000 -0.538769 0.000000 0.000000 0.000000
8114.335449 0.000000 3296.986816 0.000000 0.012290 0.000000 -0.999924 0.000000 0.000000 0.000000
8076.424805 0.000000 3294.513428 0.000000 0.696183 0.000000 0.717864 0.000000 0.000000 0.000000
8107.550781 0.000000 3282.893555 0.000000 0.363333 0.000000 -0.931659 0.000000 0.000000 0.000000
8113.495117 0.000000 3276.193848 0.000000 0.054182 0.000000 -0.998531 0.000000 0.000000 0.000000
8116.969238 0.000000 3280.451660 0.000000 0.854126 0.000000 0.520067 0.000000 0.000000 0.000000
8119.879395 0.000000 3319.288574 0.000000 0.995418 0.000000 -0.095617 0.000000 0.000000 0.000000
8117.008789 0.000000 3320.315674 0.000000 0.660357 0.000000 0.750952 1.000000 1.000000 1.000000
8067.167969 0.000000 3320.046387 0.000000 0.981303 0.000000 0.192472 0.000000 0.000000 0.000000
8074.422852 0.000000 3299.841309 0.000000 0.836478 0.000000 0.548001 0.000000 0.000000 0.000000
8070.297363 0.000000 3277.441895 0.000000 0.785007 0.000000 0.619487 0.000000 0.000000 0.000000
8102.386719 0.000000 3298.441895 0.000000 0.318815 0.000000 -0.947817 0.000000 0.000000 0.000000
8086.697754 0.000000 3322.612305 0.000000 0.007359 0.000000 -0.999973 0.000000 0.000000 0.000000
8100.193359 0.000000 3283.552734 0.000000 0.106922 0.000000 -0.994267 0.000000 0.000000 0.000000
8111.681152 0.000000 3278.995605 0.000000 0.529612 0.000000 0.848240 0.000000 0.000000 0.000000
8102.658203 0.000000 3284.314697 0.000000 0.930548 0.000000 -0.366171 0.000000 0.000000 0.000000
8120.357422 0.000000 3284.440674 0.000000 0.039796 0.000000 -0.999208 0.000000 0.000000 0.000000
8090.516602 0.000000 3314.872559 0.000000 0.859915 0.000000 0.510437 0.000000 0.000000 0.000000
8122.085938 0.000000 3323.252441 0.000000 0.425161 0.000000 -0.905118 1.000000 1.000000 1.000000
8064.974121 0.000000 3288.801514 0.000000 0.596464 0.000000 -0.802640 0.000000 0.000000 0.000000
8098.441895 0.000000 3310.057129 0.000000 0.987756 0.000000 0.156006 0.000000 0.000000 0.000000
8066.854492 0.000000 3323.640625 0.000000 0.994074 0.000000 0.108702 0.000000 0.000000 0.000000
8123.743652 0.000000 3326.821289 0.000000 0.969328 0.000000 0.245772 0.000000 0.000000 0.000000
8099.024414 0.000000 3296.665771 0.000000 0.542013 0.000000 -0.840370 0.000000 0.000000 0.000000
8124.370605 0.000000 3321.990479 0.000000 0.667873 0.000000 0.744275 0.000000 0.000000 0.000000
8104.628906 0.000000 3282.234131 0.000000 0.352744 0.000000 -0.935720 1.000000 1.000000 1.000000
8090.280762 0.000000 3319.940186 0.000000 0.812469 0.000000 0.583004 0.000000 0.000000 0.000000
8119.474609 0.000000 3281.164307 0.000000 0.856369 0.000000 -0.516365 0.000000 0.000000 0.000000
8067.928711 0.000000 3306.225586 0.000000 0.650056 0.000000 0.759886 0.000000 0.000000 0.000000
8089.450195 0.000000 3323.790527 0.000000 0.527761 0.000000 0.849393 0.000000 0.000000 0.000000
8074.112305 0.000000 3294.247559 0.000000 0.358278 0.000000 0.933615 0.000000 0.000000 0.000000
8087.550293 0.000000 3317.882812 0.000000 0.888557 0.000000 0.458766 0.000000 0.000000 0.000000
8065.278809 0.000000 3321.968994 0.000000 0.227979 0.000000 0.973666 0.000000 0.000000 0.000000
8065.439453 0.000000 3300.473145 0.000000 0.404233 0.000000 0.914656 0.000000 0.000000 0.000000
8099.886719 0.000000 3306.718262 0.000000 0.722101 0.000000 0.691788 0.000000 0.000000 0.000000
8064.164062 0.000000 3332.432861 0.000000 0.390445 0.000000 -0.920626 0.000000 0.000000 0.000000
8097.051758 0.000000 3308.285156 0.000000 0.996749 0.000000 0.080568 1.000000 1.000000 1.000000
8075.945801 0.000000 3298.162354 0.000000 0.986884 0.000000 0.161431 0.000000 0.000000 0.000000
8123.060547 0.000000 3318.686035 0.000000 0.657810 0.000000 -0.753184 1.000000 1.000000 1.000000
8125.359375 0.000000 3297.167236 0.000000 0.580330 0.000000 0.814381 0.000000 0.000000 0.000000
8121.029297 0.000000 3282.530518 0.000000 0.779080 0.000000 -0.626925 1.000000 1.000000 1.000000
8120.393555 0.000000 3321.220459 0.000000 0.148843 0.000000 -0.988861 1.000000 1.000000 1.000000
8116.512207 0.000000 3285.948242 0.000000 0.641454 0.000000 -0.767162 0.000000 0.000000 0.000000
8116.201660 0.000000 3283.041748 0.000000 0.893119 0.000000 0.449820 0.000000 0.000000 0.000000
8122.541992 0.000000 3325.264893 0.000000 0.191119 0.000000 -0.981567 0.000000 0.000000 0.000000
8125.495117 0.000000 3295.253906 0.000000 0.518882 0.000000 -0.854846 1.000000 1.000000 1.000000
8124.200684 0.000000 3320.166504 0.000000 0.696490 0.000000 -0.717566 0.000000 0.000000 0.000000
8100.762207 0.000000 3297.598877 0.000000 0.607072 0.000000 0.794647 0.000000 0.000000 0.000000
8067.196289 0.000000 3321.844238 0.000000 0.997844 0.000000 0.065626 0.000000 0.000000 0.000000
8085.837891 0.000000 3321.041016 0.000000 0.989110 0.000000 0.147177 0.000000 0.000000 0.000000
8098.989746 0.000000 3308.308105 0.000000 0.036486 0.000000 -0.999334 1.000000 1.000000 1.000000
8089.175293 0.000000 3318.463379 0.000000 0.602972 0.000000 -0.797763 0.000000 0.000000 0.000000
8091.705566 0.000000 3316.132568 0.000000 0.504930 0.000000 -0.863160 1.000000 1.000000 1.000000
8120.254883 0.000000 3323.476074 0.000000 0.838190 0.000000 -0.545378 1.000000 1.000000 1.000000
8076.302734 0.000000 3296.492188 0.000000 0.292017 0.000000 0.956413 0.000000 0.000000 0.000000
8076.623047 0.000000 3299.725342 0.000000 0.022313 0.000000 -0.999751 0.000000 0.000000 0.000000
8118.766602 0.000000 3320.694336 0.000000 0.721880 0.000000 -0.692018 1.000000 1.000000 1.000000
8131.856934 0.000000 3326.165771 0.000000 0.621661 0.000000 -0.783286 0.000000 0.000000 0.000000
8140.396484 0.000000 3288.601562 0.000000 0.725658 0.000000 0.688056 0.000000 0.000000 0.000000
8146.867188 0.000000 3319.057617 0.000000 0.828864 0.000000 -0.559450 0.000000 0.000000 0.000000
8140.424805 0.000000 3294.513428 0.000000 0.794460 0.000000 0.607317 0.000000 0.000000 0.000000
8134.656738 0.000000 3324.911621 0.000000 0.634724 0.000000 -0.772739 0.000000 0.000000 0.000000
8134.827637 0.000000 3332.092529 0.000000 0.149533 0.000000 -0.988757 0.000000 0.000000 0.000000
8136.260254 0.000000 3285.099365 0.000000 0.997601 0.000000 -0.069220 0.000000 0.000000 0.000000
8139.443359 0.000000 3306.080811 0.000000 0.500165 0.000000 0.865930 0.000000 0.000000 0.000000
8138.422852 0.000000 3299.841309 0.000000 0.936792 0.000000 -0.349886 0.000000 0.000000 0.000000
8130.759766 0.000000 3285.208252 0.000000 0.347420 0.000000 -0.937710 0.000000 0.000000 0.000000
8133.178223 0.000000 3301.463867 0.000000 0.547501 0.000000 0.836805 0.000000 0.000000 0.000000
8132.256348 0.000000 3331.609375 0.000000 0.349033 0.000000 0.937110 0.000000 0.000000 0.000000
8135.173340 0.000000 3305.300537 0.000000 0.684975 0.000000 -0.728566 0.000000 0.000000 0.000000
8135.626953 0.000000 3322.444092 0.000000 0.015878 0.000000 0.999874 0.000000 0.000000 0.000000
8132.015137 0.000000 3282.180908 0.000000 0.675542 0.000000 0.737321 0.000000 0.000000 0.000000
8135.324707 0.000000 3302.703857 0.000000 0.988227 0.000000 -0.152995 0.000000 0.000000 0.000000
8132.637695 0.000000 3294.666504 0.000000 0.972328 0.000000 0.233619 1.000000 1.000000 1.000000
8139.910645 0.000000 3303.776611 0.000000 0.790593 0.000000 0.612342 0.000000 0.000000 0.000000
8135.561523 0.000000 3327.067627 0.000000 0.983237 0.000000 0.182330 0.000000 0.000000 0.000000
8148.737793 0.000000 3276.096680 0.000000 0.975270 0.000000 -0.221017 0.000000 0.000000 0.000000
8137.306152 0.000000 3301.768311 0.000000 0.959090 0.000000 0.283102 1.000000 1.000000 1.000000
8136.383301 0.000000 3297.957520 0.000000 0.138944 0.000000 -0.990300 0.000000 0.000000 0.000000
8139.945801 0.000000 3298.162354 0.000000 0.331409 0.000000 0.943487 0.000000 0.000000 0.000000
8133.852539 0.000000 3298.939209 0.000000 0.140645 0.000000 0.990060 0.000000 0.000000 0.000000
8133.476562 0.000000 3327.372070 0.000000 0.999393 0.000000 0.034827 1.000000 1.000000 1.000000
8143.814941 0.000000 3296.725830 0.000000 0.564529 0.000000 0.825413 0.000000 0.000000 0.000000
8132.837402 0.000000 3324.333496 0.000000 0.991924 0.000000 -0.126836 1.000000 1.000000 1.000000
8139.020996 0.000000 3287.335938 0.000000 0.968236 0.000000 0.250040 1.000000 1.000000 1.000000
8139.004883 0.000000 3301.913818 0.000000 0.375119 0.000000 0.926977 0.000000 0.000000 0.000000
8078.716309 0.000000 3342.311768 0.000000 0.642079 0.000000 -0.766639 0.000000 0.000000 0.000000
8103.553711 0.000000 3349.780518 0.000000 0.142316 0.000000 -0.989821 0.000000 0.000000 0.000000
8064.205078 0.000000 3354.996826 0.000000 0.814395 0.000000 -0.580311 0.000000 0.000000 0.000000
8076.424805 0.000000 3350.997803 0.000000 0.999157 0.000000 -0.041062 0.000000 0.000000 0.000000
8066.492188 0.000000 3336.167725 0.000000 0.821632 0.000000 -0.570018 0.000000 0.000000 0.000000
8074.448242 0.000000 3336.183105 0.000000 0.948271 0.000000 -0.317462 0.000000 0.000000 0.000000
8066.759766 0.000000 3341.692627 0.000000 0.386081 0.000000 0.922465 0.000000 0.000000 0.000000
8068.015137 0.000000 3338.665283 0.000000 0.999113 0.000000 -0.042114 0.000000 0.000000 0.000000
8070.927734 0.000000 3338.925537 0.000000 0.553881 0.000000 -0.832596 0.000000 0.000000 0.000000
8072.000977 0.000000 3336.639404 0.000000 0.991249 0.000000 -0.132008 1.000000 1.000000 1.000000
8068.637695 0.000000 3351.150879 0.000000 0.882936 0.000000 -0.469493 0.000000 0.000000 0.000000
8066.523438 0.000000 3346.992920 0.000000 0.397363 0.000000 0.917661 0.000000 0.000000 0.000000
8075.600586 0.000000 3338.300049 0.000000 0.522256 0.000000 0.852788 0.000000 0.000000 0.000000
8068.206055 0.000000 3334.833008 0.000000 0.804084 0.000000 0.594516 0.000000 0.000000 0.000000
8064.668457 0.000000 3350.348633 0.000000 0.068150 0.000000 0.997675 0.000000 0.000000 0.000000
8072.096191 0.000000 3334.763184 0.000000 0.088730 0.000000 0.996056 0.000000 0.000000 0.000000
8066.200195 0.000000 3349.197266 0.000000 0.988859 0.000000 0.148853 1.000000 1.000000 1.000000
8074.685059 0.000000 3334.541504 0.000000 0.091472 0.000000 -0.995808 1.000000 1.000000 1.000000
8134.297363 0.000000 3333.926270 0.000000 0.923280 0.000000 -0.384127 0.000000 0.000000 0.000000
"}
