object={
	name="french_dynamic_forestry_objects_generator_2_0"
	clamp_to_water_level=no
	render_under_water=no
	generated_content=yes
	layer="forestry_dynamic"
	pdxmesh="generic_forestry_lumberpile_02_mesh"
	count=22
	transform="4058.661621 0.000000 2563.234619 0.000000 0.997171 0.000000 -0.075166 0.000000 0.000000 0.000000
4123.221680 0.000000 2587.825439 0.000000 0.998099 0.000000 -0.061638 0.000000 0.000000 0.000000
4133.084961 0.000000 2556.594482 0.000000 0.088904 0.000000 -0.996040 0.000000 0.000000 0.000000
4128.909180 0.000000 2584.040283 0.000000 0.620587 0.000000 -0.784137 0.000000 0.000000 0.000000
4143.365234 0.000000 2572.600586 0.000000 0.830288 0.000000 -0.557335 0.000000 0.000000 0.000000
4137.396484 0.000000 2555.555664 0.000000 0.252495 0.000000 -0.967598 0.000000 0.000000 0.000000
4149.757812 0.000000 2561.161621 0.000000 0.195885 0.000000 0.980627 0.000000 0.000000 0.000000
4132.219727 0.000000 2581.954346 0.000000 0.937144 0.000000 0.348942 0.000000 0.000000 0.000000
4142.165527 0.000000 2559.339111 0.000000 0.284259 0.000000 0.958748 0.000000 0.000000 0.000000
4134.737793 0.000000 2580.274658 0.000000 0.794067 0.000000 0.607831 0.000000 0.000000 0.000000
4137.246582 0.000000 2590.108643 0.000000 0.961695 0.000000 0.274121 0.000000 0.000000 0.000000
4123.116211 0.000000 2560.272217 0.000000 0.057028 0.000000 0.998373 0.000000 0.000000 0.000000
4127.429199 0.000000 2565.725098 0.000000 0.717148 0.000000 -0.696921 0.000000 0.000000 0.000000
4124.897949 0.000000 2563.435791 0.000000 0.995930 0.000000 0.090131 1.000000 1.000000 1.000000
4144.094238 0.000000 2558.906250 0.000000 0.798880 0.000000 0.601490 0.000000 0.000000 0.000000
4148.288574 0.000000 2562.626953 0.000000 0.564191 0.000000 -0.825645 0.000000 0.000000 0.000000
4188.282227 0.000000 2578.692871 0.000000 0.980558 0.000000 -0.196227 0.000000 0.000000 0.000000
4163.716309 0.000000 2582.903076 0.000000 0.016448 0.000000 -0.999865 0.000000 0.000000 0.000000
4218.133789 0.000000 2569.261230 0.000000 0.199323 0.000000 -0.979934 0.000000 0.000000 0.000000
4196.049805 0.000000 2578.086426 0.000000 0.174506 0.000000 0.984656 0.000000 0.000000 0.000000
4160.226074 0.000000 2593.113770 0.000000 0.330029 0.000000 -0.943971 0.000000 0.000000 0.000000
4238.189453 0.000000 2578.240723 0.000000 0.088862 0.000000 0.996044 0.000000 0.000000 0.000000
"}
