object={
	name="french_dynamic_mining_objects_generator_1_0"
	clamp_to_water_level=no
	render_under_water=no
	generated_content=yes
	layer="mines_dynamic"
	pdxmesh="french_mining_quarry_01_mesh"
	count=54
	transform="4088.634766 0.000000 2634.069824 0.000000 0.532590 0.000000 0.846373 0.000000 0.000000 0.000000
4095.097656 0.000000 2637.670410 0.000000 0.571184 0.000000 0.820822 0.000000 0.000000 0.000000
4085.811279 0.000000 2639.580322 0.000000 0.796365 0.000000 0.604816 0.000000 0.000000 0.000000
4128.264648 0.000000 2620.149658 0.000000 0.062608 0.000000 0.998038 0.000000 0.000000 0.000000
4121.268555 0.000000 2614.690430 0.000000 0.768956 0.000000 0.639302 1.000000 1.000000 1.000000
4141.233887 0.000000 2624.178467 0.000000 0.007838 0.000000 0.999969 0.000000 0.000000 0.000000
4096.315430 0.000000 2624.706787 0.000000 0.373916 0.000000 0.927462 0.000000 0.000000 0.000000
4134.465332 0.000000 2623.378906 0.000000 0.432536 0.000000 0.901617 1.000000 1.000000 1.000000
4115.298340 0.000000 2616.228516 0.000000 0.185285 0.000000 0.982685 0.000000 0.000000 0.000000
4122.661621 0.000000 2619.718994 0.000000 0.791493 0.000000 0.611178 0.000000 0.000000 0.000000
4113.893555 0.000000 2611.595947 0.000000 0.563127 0.000000 0.826370 0.000000 0.000000 0.000000
4142.917969 0.000000 2619.595947 0.000000 0.591457 0.000000 0.806337 0.000000 0.000000 0.000000
4137.396484 0.000000 2612.040039 0.000000 0.410098 0.000000 0.912042 0.000000 0.000000 0.000000
4118.690430 0.000000 2626.298096 0.000000 0.292812 0.000000 0.956170 1.000000 1.000000 1.000000
4112.913574 0.000000 2630.851318 0.000000 0.116555 0.000000 0.993184 0.000000 0.000000 0.000000
4114.409180 0.000000 2626.690674 0.000000 0.394861 0.000000 0.918741 1.000000 1.000000 1.000000
4127.822266 0.000000 2624.342285 0.000000 0.467977 0.000000 0.883740 0.000000 0.000000 0.000000
4096.073242 0.000000 2636.842773 0.000000 0.155252 0.000000 0.987875 1.000000 1.000000 1.000000
4097.602051 0.000000 2628.654541 0.000000 0.657228 0.000000 0.753692 0.000000 0.000000 0.000000
4144.887695 0.000000 2623.156738 0.000000 0.010208 0.000000 0.999948 0.000000 0.000000 0.000000
4113.216309 0.000000 2638.162598 0.000000 0.676016 0.000000 0.736887 0.000000 0.000000 0.000000
4112.310547 0.000000 2623.075928 0.000000 0.002641 0.000000 0.999996 0.000000 0.000000 0.000000
4101.963867 0.000000 2618.980225 0.000000 0.498230 0.000000 0.867045 1.000000 1.000000 1.000000
4125.234863 0.000000 2621.989990 0.000000 0.164290 0.000000 0.986412 1.000000 1.000000 1.000000
4126.089844 0.000000 2627.216553 0.000000 0.513384 0.000000 0.858159 0.000000 0.000000 0.000000
4120.763672 0.000000 2629.012451 0.000000 0.565399 0.000000 0.824817 0.000000 0.000000 0.000000
4106.749023 0.000000 2640.474121 0.000000 0.854759 0.000000 0.519025 0.000000 0.000000 0.000000
4102.113770 0.000000 2637.239746 0.000000 0.599403 0.000000 0.800448 1.000000 1.000000 1.000000
4107.713867 0.000000 2636.284424 0.000000 0.660595 0.000000 0.750742 1.000000 1.000000 1.000000
4123.116211 0.000000 2616.756592 0.000000 0.203949 0.000000 0.978981 0.000000 0.000000 0.000000
4122.616211 0.000000 2622.363770 0.000000 0.394122 0.000000 0.919058 0.000000 0.000000 0.000000
4140.193359 0.000000 2619.225830 0.000000 0.589969 0.000000 0.807426 0.000000 0.000000 0.000000
4110.569336 0.000000 2632.050049 0.000000 0.041417 0.000000 0.999142 1.000000 1.000000 1.000000
4101.178223 0.000000 2623.651367 0.000000 0.584947 0.000000 0.811072 1.000000 1.000000 1.000000
4098.873047 0.000000 2624.571533 0.000000 0.363848 0.000000 0.931458 0.000000 0.000000 0.000000
4112.434082 0.000000 2628.342529 0.000000 0.470978 0.000000 0.882145 0.000000 0.000000 0.000000
4193.638184 0.000000 2645.049805 0.000000 0.693476 0.000000 0.720480 0.000000 0.000000 0.000000
4202.064453 0.000000 2649.604980 0.000000 0.164176 0.000000 0.986431 0.000000 0.000000 0.000000
4186.771973 0.000000 2648.191650 0.000000 0.398592 0.000000 0.917129 0.000000 0.000000 0.000000
4219.669434 0.000000 2617.986084 0.000000 0.789809 0.000000 0.613353 0.000000 0.000000 0.000000
4218.107422 0.000000 2653.481689 0.000000 0.703709 0.000000 0.710488 0.000000 0.000000 0.000000
4202.622559 0.000000 2652.306396 0.000000 0.689593 0.000000 0.724197 1.000000 1.000000 1.000000
4193.210938 0.000000 2647.724121 0.000000 0.751004 0.000000 0.660297 1.000000 1.000000 1.000000
4198.270996 0.000000 2656.172607 0.000000 0.467856 0.000000 0.883805 0.000000 0.000000 0.000000
4182.797363 0.000000 2655.740234 0.000000 0.103771 0.000000 0.994601 0.000000 0.000000 0.000000
4186.844238 0.000000 2656.483154 0.000000 0.611228 0.000000 0.791454 0.000000 0.000000 0.000000
4198.192871 0.000000 2660.472412 0.000000 0.802536 0.000000 0.596603 1.000000 1.000000 1.000000
4217.786621 0.000000 2659.290527 0.000000 0.536850 0.000000 0.843678 0.000000 0.000000 0.000000
4201.896973 0.000000 2654.793945 0.000000 0.495712 0.000000 0.868487 0.000000 0.000000 0.000000
4216.373535 0.000000 2654.904053 0.000000 0.837903 0.000000 0.545819 1.000000 1.000000 1.000000
4178.736816 0.000000 2761.371094 0.000000 0.484222 0.000000 0.874945 1.000000 1.000000 1.000000
4169.597656 0.000000 2761.125488 0.000000 0.863788 0.000000 0.503856 0.000000 0.000000 0.000000
4189.075684 0.000000 2763.650146 0.000000 0.627895 0.000000 0.778298 1.000000 1.000000 1.000000
4181.436035 0.000000 2762.547852 0.000000 0.116881 0.000000 0.993146 1.000000 1.000000 1.000000
"}
object={
	name="french_dynamic_mining_objects_generator_1_1"
	clamp_to_water_level=no
	render_under_water=no
	generated_content=yes
	layer="mines_dynamic"
	pdxmesh="french_mining_quarry_02_mesh"
	count=58
	transform="4089.729980 0.000000 2639.070801 0.000000 0.976485 0.000000 0.215584 0.000000 0.000000 0.000000
4091.742432 0.000000 2635.958252 0.000000 0.927480 0.000000 0.373872 0.000000 0.000000 0.000000
4092.718994 0.000000 2639.512695 0.000000 0.998695 0.000000 -0.051069 1.000000 1.000000 1.000000
4103.674805 0.000000 2622.227295 0.000000 0.882131 0.000000 0.471004 1.000000 1.000000 1.000000
4138.581543 0.000000 2617.086182 0.000000 0.943027 0.000000 0.332715 1.000000 1.000000 1.000000
4106.048340 0.000000 2643.781494 0.000000 0.974671 0.000000 -0.223643 0.000000 0.000000 0.000000
4109.467773 0.000000 2613.836426 0.000000 0.971198 0.000000 0.238274 0.000000 0.000000 0.000000
4099.716309 0.000000 2639.387451 0.000000 0.941775 0.000000 -0.336245 0.000000 0.000000 0.000000
4122.840820 0.000000 2624.985596 0.000000 0.983213 0.000000 -0.182463 0.000000 0.000000 0.000000
4110.146973 0.000000 2620.134766 0.000000 0.969017 0.000000 -0.246996 1.000000 1.000000 1.000000
4145.916504 0.000000 2616.071289 0.000000 0.934598 0.000000 -0.355707 0.000000 0.000000 0.000000
4103.650879 0.000000 2615.768555 0.000000 0.996215 0.000000 0.086928 0.000000 0.000000 0.000000
4105.163574 0.000000 2637.582031 0.000000 0.980226 0.000000 0.197883 1.000000 1.000000 1.000000
4118.596680 0.000000 2618.812500 0.000000 0.895445 0.000000 0.445172 0.000000 0.000000 0.000000
4096.390625 0.000000 2641.831299 0.000000 0.918145 0.000000 -0.396243 0.000000 0.000000 0.000000
4099.605469 0.000000 2621.557861 0.000000 0.993372 0.000000 -0.114945 1.000000 1.000000 1.000000
4103.290527 0.000000 2641.126465 0.000000 0.965787 0.000000 0.259337 0.000000 0.000000 0.000000
4105.808105 0.000000 2633.986816 0.000000 0.953976 0.000000 -0.299882 0.000000 0.000000 0.000000
4100.061523 0.000000 2614.490967 0.000000 0.886968 0.000000 -0.461831 0.000000 0.000000 0.000000
4096.205078 0.000000 2620.699951 0.000000 0.985226 0.000000 0.171260 1.000000 1.000000 1.000000
4108.424805 0.000000 2616.700928 0.000000 0.991806 0.000000 0.127752 1.000000 1.000000 1.000000
4139.534668 0.000000 2614.270996 0.000000 0.983029 0.000000 0.183448 0.000000 0.000000 0.000000
4136.221680 0.000000 2618.724609 0.000000 0.890407 0.000000 0.455165 1.000000 1.000000 1.000000
4098.892090 0.000000 2636.482422 0.000000 0.886292 0.000000 0.463127 0.000000 0.000000 0.000000
4112.764160 0.000000 2614.233154 0.000000 0.958528 0.000000 0.284999 0.000000 0.000000 0.000000
4106.422852 0.000000 2622.028809 0.000000 0.928114 0.000000 -0.372297 0.000000 0.000000 0.000000
4115.875488 0.000000 2613.729980 0.000000 0.999753 0.000000 0.022235 1.000000 1.000000 1.000000
4129.496582 0.000000 2622.511963 0.000000 0.974552 0.000000 -0.224163 1.000000 1.000000 1.000000
4112.003418 0.000000 2625.583984 0.000000 0.995658 0.000000 -0.093083 1.000000 1.000000 1.000000
4195.530762 0.000000 2648.869873 0.000000 0.998184 0.000000 -0.060246 1.000000 1.000000 1.000000
4205.255371 0.000000 2653.156738 0.000000 0.974208 0.000000 -0.225653 0.000000 0.000000 0.000000
4217.426758 0.000000 2615.680176 0.000000 0.991819 0.000000 -0.127654 0.000000 0.000000 0.000000
4185.924805 0.000000 2651.521729 0.000000 0.921024 0.000000 0.389505 0.000000 0.000000 0.000000
4191.273438 0.000000 2653.157715 0.000000 0.997102 0.000000 0.076070 0.000000 0.000000 0.000000
4198.720703 0.000000 2645.015869 0.000000 0.990265 0.000000 0.139198 1.000000 1.000000 1.000000
4217.614258 0.000000 2650.662354 0.000000 0.894722 0.000000 0.446623 0.000000 0.000000 0.000000
4201.927734 0.000000 2643.014404 0.000000 0.969649 0.000000 -0.244503 0.000000 0.000000 0.000000
4215.010742 0.000000 2653.234131 0.000000 0.942782 0.000000 -0.333409 0.000000 0.000000 0.000000
4192.693359 0.000000 2650.269531 0.000000 0.993000 0.000000 -0.118115 0.000000 0.000000 0.000000
4188.116211 0.000000 2653.696777 0.000000 0.993465 0.000000 0.114136 0.000000 0.000000 0.000000
4185.164062 0.000000 2654.140625 0.000000 0.961138 0.000000 -0.276068 0.000000 0.000000 0.000000
4214.117188 0.000000 2661.787109 0.000000 0.999981 0.000000 0.006101 0.000000 0.000000 0.000000
4210.317383 0.000000 2657.956787 0.000000 0.900674 0.000000 0.434496 0.000000 0.000000 0.000000
4202.133789 0.000000 2658.903076 0.000000 0.991638 0.000000 0.129050 1.000000 1.000000 1.000000
4218.875000 0.000000 2654.920166 0.000000 0.886558 0.000000 -0.462617 0.000000 0.000000 0.000000
4205.457031 0.000000 2658.979248 0.000000 0.995120 0.000000 -0.098677 0.000000 0.000000 0.000000
4203.597168 0.000000 2656.790039 0.000000 0.998945 0.000000 -0.045925 1.000000 1.000000 1.000000
4229.348633 0.000000 2663.207520 0.000000 0.990764 0.000000 0.135598 0.000000 0.000000 0.000000
4185.924805 0.000000 2764.490479 0.000000 0.999382 0.000000 0.035163 1.000000 1.000000 1.000000
4204.186523 0.000000 2758.958252 0.000000 0.961107 0.000000 -0.276175 0.000000 0.000000 0.000000
4190.600098 0.000000 2760.953613 0.000000 0.997958 0.000000 0.063875 0.000000 0.000000 0.000000
4173.883301 0.000000 2759.746094 0.000000 0.982688 0.000000 0.185269 1.000000 1.000000 1.000000
4177.114746 0.000000 2765.809814 0.000000 0.979058 0.000000 -0.203583 0.000000 0.000000 0.000000
4167.290527 0.000000 2754.095215 0.000000 0.967892 0.000000 0.251365 0.000000 0.000000 0.000000
4208.763672 0.000000 2751.056396 0.000000 0.898593 0.000000 -0.438783 0.000000 0.000000 0.000000
4186.771973 0.000000 2761.160400 0.000000 0.870025 0.000000 -0.493007 0.000000 0.000000 0.000000
4175.660156 0.000000 2762.415283 0.000000 0.890069 0.000000 0.455827 0.000000 0.000000 0.000000
4171.346680 0.000000 2759.214111 0.000000 0.980733 0.000000 0.195351 1.000000 1.000000 1.000000
"}
object={
	name="french_dynamic_mining_objects_generator_1_2"
	clamp_to_water_level=no
	render_under_water=no
	generated_content=yes
	layer="mines_dynamic"
	pdxmesh="french_mining_quarry_03_mesh"
	count=56
	transform="4095.419434 0.000000 2620.153320 0.000000 0.615946 0.000000 -0.787788 0.000000 0.000000 0.000000
4087.033203 0.000000 2636.729248 0.000000 0.455592 0.000000 -0.890189 0.000000 0.000000 0.000000
4110.189453 0.000000 2634.725098 0.000000 0.822468 0.000000 -0.568812 1.000000 1.000000 1.000000
4096.290527 0.000000 2632.646484 0.000000 0.513899 0.000000 -0.857851 0.000000 0.000000 0.000000
4115.921875 0.000000 2622.606689 0.000000 0.184708 0.000000 -0.982793 0.000000 0.000000 0.000000
4117.428223 0.000000 2630.628906 0.000000 0.144904 0.000000 -0.989446 0.000000 0.000000 0.000000
4098.164551 0.000000 2617.652832 0.000000 0.455637 0.000000 -0.890166 0.000000 0.000000 0.000000
4110.124512 0.000000 2627.290039 0.000000 0.408063 0.000000 -0.912954 0.000000 0.000000 0.000000
4101.002930 0.000000 2634.409180 0.000000 0.725920 0.000000 -0.687779 1.000000 1.000000 1.000000
4133.443359 0.000000 2618.083252 0.000000 0.830447 0.000000 -0.557098 0.000000 0.000000 0.000000
4114.853027 0.000000 2634.888672 0.000000 0.742319 0.000000 -0.670046 0.000000 0.000000 0.000000
4133.993652 0.000000 2627.844482 0.000000 0.026528 0.000000 -0.999648 0.000000 0.000000 0.000000
4107.937012 0.000000 2631.050537 0.000000 0.408543 0.000000 -0.912739 0.000000 0.000000 0.000000
4109.646484 0.000000 2639.027588 0.000000 0.425702 0.000000 -0.904863 1.000000 1.000000 1.000000
4138.157715 0.000000 2621.117432 0.000000 0.287250 0.000000 -0.957856 1.000000 1.000000 1.000000
4106.276367 0.000000 2618.888672 0.000000 0.799645 0.000000 -0.600473 1.000000 1.000000 1.000000
4137.764648 0.000000 2626.605469 0.000000 0.557396 0.000000 -0.830247 0.000000 0.000000 0.000000
4108.652344 0.000000 2623.708008 0.000000 0.268153 0.000000 -0.963376 0.000000 0.000000 0.000000
4119.828125 0.000000 2622.458008 0.000000 0.515580 0.000000 -0.856842 0.000000 0.000000 0.000000
4111.712891 0.000000 2616.895508 0.000000 0.364373 0.000000 -0.931253 1.000000 1.000000 1.000000
4113.983398 0.000000 2619.649414 0.000000 0.758089 0.000000 -0.652151 1.000000 1.000000 1.000000
4131.650879 0.000000 2621.223633 0.000000 0.145114 0.000000 -0.989415 0.000000 0.000000 0.000000
4131.373047 0.000000 2625.224609 0.000000 0.177348 0.000000 -0.984148 1.000000 1.000000 1.000000
4135.553711 0.000000 2615.483643 0.000000 0.420824 0.000000 -0.907142 0.000000 0.000000 0.000000
4118.343750 0.000000 2615.673584 0.000000 0.609718 0.000000 -0.792619 0.000000 0.000000 0.000000
4103.290527 0.000000 2632.953613 0.000000 0.080871 0.000000 -0.996725 0.000000 0.000000 0.000000
4134.386719 0.000000 2620.629395 0.000000 0.306457 0.000000 -0.951885 1.000000 1.000000 1.000000
4116.724609 0.000000 2627.981689 0.000000 0.367657 0.000000 -0.929961 1.000000 1.000000 1.000000
4123.921387 0.000000 2614.237061 0.000000 0.821487 0.000000 -0.570227 0.000000 0.000000 0.000000
4098.786133 0.000000 2633.181885 0.000000 0.234555 0.000000 -0.972103 0.000000 0.000000 0.000000
4112.687988 0.000000 2633.466309 0.000000 0.577575 0.000000 -0.816338 1.000000 1.000000 1.000000
4116.387207 0.000000 2625.078369 0.000000 0.808102 0.000000 -0.589042 1.000000 1.000000 1.000000
4103.852051 0.000000 2635.458740 0.000000 0.683354 0.000000 -0.730087 1.000000 1.000000 1.000000
4212.885254 0.000000 2650.032471 0.000000 0.020816 0.000000 -0.999783 0.000000 0.000000 0.000000
4221.041992 0.000000 2653.939453 0.000000 0.858597 0.000000 -0.512650 0.000000 0.000000 0.000000
4190.600098 0.000000 2647.984863 0.000000 0.830244 0.000000 -0.557400 0.000000 0.000000 0.000000
4196.176270 0.000000 2642.300781 0.000000 0.702284 0.000000 -0.711897 0.000000 0.000000 0.000000
4198.643555 0.000000 2649.983398 0.000000 0.023664 0.000000 -0.999720 0.000000 0.000000 0.000000
4189.075684 0.000000 2650.681396 0.000000 0.657400 0.000000 -0.753542 1.000000 1.000000 1.000000
4190.662598 0.000000 2644.471680 0.000000 0.587525 0.000000 -0.809206 0.000000 0.000000 0.000000
4201.246582 0.000000 2646.593018 0.000000 0.750116 0.000000 -0.661307 1.000000 1.000000 1.000000
4198.885742 0.000000 2642.442871 0.000000 0.786056 0.000000 -0.618156 0.000000 0.000000 0.000000
4198.352539 0.000000 2647.469727 0.000000 0.849081 0.000000 -0.528263 0.000000 0.000000 0.000000
4214.803711 0.000000 2656.831787 0.000000 0.758739 0.000000 -0.651395 1.000000 1.000000 1.000000
4205.901367 0.000000 2655.719971 0.000000 0.834835 0.000000 -0.550501 0.000000 0.000000 0.000000
4212.340820 0.000000 2655.101807 0.000000 0.601224 0.000000 -0.799080 0.000000 0.000000 0.000000
4212.969238 0.000000 2659.123535 0.000000 0.780639 0.000000 -0.624982 0.000000 0.000000 0.000000
4170.048340 0.000000 2756.750244 0.000000 0.028293 0.000000 -0.999600 0.000000 0.000000 0.000000
4183.427734 0.000000 2760.245361 0.000000 0.171893 0.000000 -0.985116 1.000000 1.000000 1.000000
4181.636230 0.000000 2765.752197 0.000000 0.053753 0.000000 -0.998554 1.000000 1.000000 1.000000
4177.116211 0.000000 2758.497559 0.000000 0.354599 0.000000 -0.935018 1.000000 1.000000 1.000000
4173.152832 0.000000 2756.480957 0.000000 0.570483 0.000000 -0.821309 0.000000 0.000000 0.000000
4172.244629 0.000000 2761.866699 0.000000 0.667377 0.000000 -0.744720 0.000000 0.000000 0.000000
4179.100098 0.000000 2763.996826 0.000000 0.807293 0.000000 -0.590151 1.000000 1.000000 1.000000
4180.862305 0.000000 2759.916992 0.000000 0.037123 0.000000 -0.999311 0.000000 0.000000 0.000000
4183.931152 0.000000 2762.967285 0.000000 0.421425 0.000000 -0.906863 1.000000 1.000000 1.000000
"}
