object={
	name="french_dynamic_farmland_objects_generator_1_0"
	clamp_to_water_level=no
	render_under_water=no
	generated_content=yes
	layer="farms_dynamic"
	pdxmesh="french_farm_farmhouse_01_mesh"
	count=9
	transform="4160.098633 0.000000 2548.745850 0.000000 0.354541 0.000000 0.935041 1.000000 1.000000 1.000000
4189.237305 0.000000 2575.319092 0.000000 0.144991 0.000000 0.989433 0.000000 0.000000 0.000000
4205.311035 0.000000 2576.146729 0.000000 0.964461 0.000000 0.264226 1.000000 1.000000 1.000000
4214.381836 0.000000 2571.124512 0.000000 0.716514 0.000000 0.697572 1.000000 1.000000 1.000000
4166.424805 0.000000 2562.156982 0.000000 0.796593 0.000000 0.604516 0.000000 0.000000 0.000000
4207.917480 0.000000 2578.578857 0.000000 0.845523 0.000000 0.533938 1.000000 1.000000 1.000000
4218.631836 0.000000 2576.933350 0.000000 0.842615 0.000000 0.538517 1.000000 1.000000 1.000000
4234.351562 0.000000 2562.675781 0.000000 0.489727 0.000000 0.871876 0.000000 0.000000 0.000000
4224.936035 0.000000 2564.406494 0.000000 0.685468 0.000000 0.728103 1.000000 1.000000 1.000000
"}
object={
	name="french_dynamic_farmland_objects_generator_1_1"
	clamp_to_water_level=no
	render_under_water=no
	generated_content=yes
	layer="farms_dynamic"
	pdxmesh="french_farm_farmhouse_02_mesh"
	count=14
	transform="4154.462402 0.000000 2558.866943 0.000000 0.987331 0.000000 0.158671 0.000000 0.000000 0.000000
4204.760254 0.000000 2580.302002 0.000000 0.993079 0.000000 -0.117450 0.000000 0.000000 0.000000
4172.552734 0.000000 2567.990967 0.000000 0.737927 0.000000 -0.674880 0.000000 0.000000 0.000000
4219.211426 0.000000 2571.415039 0.000000 0.875230 0.000000 -0.483707 1.000000 1.000000 1.000000
4160.514160 0.000000 2557.877686 0.000000 0.984507 0.000000 0.175346 0.000000 0.000000 0.000000
4201.204590 0.000000 2578.358154 0.000000 0.970614 0.000000 -0.240642 0.000000 0.000000 0.000000
4211.759277 0.000000 2573.161621 0.000000 0.998978 0.000000 0.045196 1.000000 1.000000 1.000000
4195.666992 0.000000 2578.283203 0.000000 0.559700 0.000000 -0.828695 1.000000 1.000000 1.000000
4208.580566 0.000000 2572.237549 0.000000 0.979208 0.000000 0.202860 1.000000 1.000000 1.000000
4220.832520 0.000000 2574.118652 0.000000 0.647805 0.000000 -0.761806 1.000000 1.000000 1.000000
4161.451660 0.000000 2551.189209 0.000000 0.991325 0.000000 -0.131436 1.000000 1.000000 1.000000
4239.272949 0.000000 2563.715332 0.000000 0.859921 0.000000 -0.510427 0.000000 0.000000 0.000000
4227.837402 0.000000 2565.358887 0.000000 0.605938 0.000000 -0.795512 1.000000 1.000000 1.000000
4230.424805 0.000000 2562.156982 0.000000 0.992334 0.000000 0.123587 0.000000 0.000000 0.000000
"}
object={
	name="french_dynamic_farmland_objects_generator_1_2"
	clamp_to_water_level=no
	render_under_water=no
	generated_content=yes
	layer="farms_dynamic"
	pdxmesh="windmill_01_mesh"
	count=5
	transform="4162.500488 0.000000 2561.541016 0.000000 0.268383 0.000000 -0.963312 1.000000 1.000000 1.000000
4201.385742 0.000000 2574.715088 0.000000 0.188558 0.000000 -0.982062 0.000000 0.000000 0.000000
4221.212891 0.000000 2567.188721 0.000000 0.451380 0.000000 -0.892332 1.000000 1.000000 1.000000
4210.798340 0.000000 2578.478027 0.000000 0.290459 0.000000 -0.956887 1.000000 1.000000 1.000000
4245.705078 0.000000 2568.664551 0.000000 0.152898 0.000000 -0.988242 0.000000 0.000000 0.000000
"}
