object={
	name="iceberg_generator_1_0"
	clamp_to_water_level=yes
	render_under_water=yes
	generated_content=yes
	layer="semidynamic"
	pdxmesh="iceberg_01_mesh"
	count=6
	transform="3273.400879 0.000000 129.087875 0.000000 0.942796 0.000000 0.333371 1.000000 1.000000 1.000000
3268.048096 0.000000 121.318817 0.000000 0.434600 0.000000 0.900623 1.000000 1.000000 1.000000
3267.837158 0.000000 136.530838 0.000000 0.692164 0.000000 0.721740 1.000000 1.000000 1.000000
3463.914795 0.000000 3447.383789 0.000000 0.524566 0.000000 0.851370 1.000000 1.000000 1.000000
3471.831299 0.000000 3449.718750 0.000000 0.474871 0.000000 0.880056 1.000000 1.000000 1.000000
3574.173828 0.000000 3451.731201 0.000000 0.196266 0.000000 0.980551 1.000000 1.000000 1.000000
"}
object={
	name="iceberg_generator_1_1"
	clamp_to_water_level=yes
	render_under_water=yes
	generated_content=yes
	layer="semidynamic"
	pdxmesh="iceberg_02_mesh"
	count=4
	transform="3275.786377 0.000000 118.021675 0.000000 0.990721 0.000000 0.135911 1.000000 1.000000 1.000000
3558.231201 0.000000 3427.591553 0.000000 0.943814 0.000000 -0.330477 1.000000 1.000000 1.000000
3458.396484 0.000000 3447.408936 0.000000 0.991088 0.000000 -0.133208 1.000000 1.000000 1.000000
3556.045898 0.000000 3450.821777 0.000000 0.907162 0.000000 -0.420781 1.000000 1.000000 1.000000
"}
object={
	name="iceberg_generator_1_2"
	clamp_to_water_level=yes
	render_under_water=yes
	generated_content=yes
	layer="semidynamic"
	pdxmesh="iceberg_03_mesh"
	count=7
	transform="3265.451416 0.000000 125.144379 0.000000 0.362971 0.000000 -0.931800 1.000000 1.000000 1.000000
3468.978516 0.000000 3446.282959 0.000000 0.084479 0.000000 -0.996425 1.000000 1.000000 1.000000
3477.668701 0.000000 3455.335693 0.000000 0.472278 0.000000 -0.881450 1.000000 1.000000 1.000000
3560.015625 0.000000 3453.175537 0.000000 0.801184 0.000000 -0.598418 1.000000 1.000000 1.000000
3520.513916 0.000000 3461.627686 0.000000 0.097253 0.000000 -0.995260 1.000000 1.000000 1.000000
3567.663086 0.000000 3455.558838 0.000000 0.362817 0.000000 -0.931861 1.000000 1.000000 1.000000
3566.042969 0.000000 3451.401611 0.000000 0.191833 0.000000 -0.981428 1.000000 1.000000 1.000000
"}
