object={
	name="latin_dynamic_forestry_objects_generator_1_0"
	clamp_to_water_level=no
	render_under_water=no
	generated_content=yes
	layer="forestry_dynamic"
	pdxmesh="latin_forestry_scatter_01_mesh"
	count=19
	transform="2807.107910 0.000000 1513.795044 0.000000 0.955818 0.000000 0.293958 0.000000 0.000000 0.000000
2836.968506 0.000000 1520.718872 0.000000 0.571457 0.000000 0.820632 0.000000 0.000000 0.000000
2879.586426 0.000000 1522.028320 0.000000 0.081609 0.000000 0.996664 1.000000 1.000000 1.000000
2874.807129 0.000000 1531.732666 0.000000 0.997160 0.000000 0.075315 0.000000 0.000000 0.000000
2888.407471 0.000000 1532.890503 0.000000 0.964248 0.000000 0.265001 0.000000 0.000000 0.000000
2913.210205 0.000000 1569.951416 0.000000 0.008972 0.000000 0.999960 0.000000 0.000000 0.000000
2911.825928 0.000000 1589.684937 0.000000 0.196097 0.000000 0.980584 0.000000 0.000000 0.000000
1727.487305 0.000000 1950.696411 0.000000 0.995429 0.000000 0.095507 0.000000 0.000000 0.000000
1995.959473 0.000000 1855.990845 0.000000 0.907166 0.000000 0.420772 0.000000 0.000000 0.000000
1813.705078 0.000000 1947.336426 0.000000 0.979763 0.000000 0.200163 0.000000 0.000000 0.000000
1799.979980 0.000000 1962.604004 0.000000 0.121485 0.000000 0.992593 0.000000 0.000000 0.000000
1857.319092 0.000000 1959.357178 0.000000 0.948232 0.000000 0.317578 0.000000 0.000000 0.000000
2042.544556 0.000000 1960.891846 0.000000 0.993439 0.000000 0.114366 0.000000 0.000000 0.000000
1818.979858 0.000000 2075.270264 0.000000 0.141155 0.000000 0.989987 0.000000 0.000000 0.000000
1853.658813 0.000000 2068.753174 0.000000 0.425074 0.000000 0.905159 1.000000 1.000000 1.000000
2048.255127 0.000000 1967.609619 0.000000 0.845914 0.000000 0.533320 0.000000 0.000000 0.000000
2062.953369 0.000000 1974.440430 0.000000 0.457611 0.000000 0.889152 1.000000 1.000000 1.000000
2049.017578 0.000000 1947.161865 0.000000 0.213996 0.000000 0.976835 1.000000 1.000000 1.000000
2068.569336 0.000000 1982.339600 0.000000 0.427835 0.000000 0.903857 0.000000 0.000000 0.000000
"}
object={
	name="latin_dynamic_forestry_objects_generator_1_1"
	clamp_to_water_level=no
	render_under_water=no
	generated_content=yes
	layer="forestry_dynamic"
	pdxmesh="latin_forestry_scatter_02_mesh"
	count=13
	transform="2752.255127 0.000000 1515.734619 0.000000 0.983579 0.000000 -0.180476 0.000000 0.000000 0.000000
2830.953369 0.000000 1522.565430 0.000000 0.938823 0.000000 -0.344401 0.000000 0.000000 0.000000
2925.516602 0.000000 1539.811401 0.000000 0.048887 0.000000 -0.998804 0.000000 0.000000 0.000000
1708.662354 0.000000 1971.048950 0.000000 0.857669 0.000000 -0.514203 0.000000 0.000000 0.000000
1759.758545 0.000000 1950.628418 0.000000 0.613464 0.000000 -0.789723 0.000000 0.000000 0.000000
1810.127686 0.000000 1933.744751 0.000000 0.511680 0.000000 -0.859176 0.000000 0.000000 0.000000
1842.789429 0.000000 1932.556030 0.000000 0.114376 0.000000 -0.993438 1.000000 1.000000 1.000000
1886.236938 0.000000 1972.998657 0.000000 0.518958 0.000000 -0.854800 0.000000 0.000000 0.000000
2045.658813 0.000000 1955.784546 0.000000 0.507176 0.000000 -0.861843 1.000000 1.000000 1.000000
1782.816772 0.000000 2147.656982 0.000000 0.110733 0.000000 -0.993850 1.000000 1.000000 1.000000
2089.260742 0.000000 1851.722168 0.000000 0.640109 0.000000 -0.768284 1.000000 1.000000 1.000000
2170.544434 0.000000 1847.923096 0.000000 0.961208 0.000000 -0.275824 0.000000 0.000000 0.000000
2089.563477 0.000000 1946.959717 0.000000 0.066418 0.000000 -0.997792 0.000000 0.000000 0.000000
"}
