object={
	name="latin_dynamic_forestry_objects_generator_2_0"
	clamp_to_water_level=no
	render_under_water=no
	generated_content=yes
	layer="forestry_dynamic"
	pdxmesh="generic_forestry_lumberpile_02_mesh"
	count=510
	transform="2735.560791 0.000000 1511.357422 0.000000 0.768452 0.000000 0.639907 0.000000 0.000000 0.000000
2751.035400 0.000000 1510.201904 0.000000 0.990176 0.000000 -0.139830 0.000000 0.000000 0.000000
2751.474121 0.000000 1513.818237 0.000000 0.791320 0.000000 -0.611403 0.000000 0.000000 0.000000
2790.720947 0.000000 1515.328369 0.000000 0.976241 0.000000 0.216689 0.000000 0.000000 0.000000
2759.290527 0.000000 1511.438843 0.000000 0.999375 0.000000 -0.035355 0.000000 0.000000 0.000000
2793.927490 0.000000 1513.327026 0.000000 0.944533 0.000000 -0.328415 0.000000 0.000000 0.000000
2762.748779 0.000000 1510.786621 0.000000 0.490399 0.000000 0.871498 0.000000 0.000000 0.000000
2765.152832 0.000000 1513.824829 0.000000 0.262407 0.000000 0.964957 0.000000 0.000000 0.000000
2793.246582 0.000000 1516.905518 0.000000 0.474922 0.000000 0.880028 0.000000 0.000000 0.000000
2810.107422 0.000000 1523.794189 0.000000 0.094603 0.000000 -0.995515 0.000000 0.000000 0.000000
2807.879395 0.000000 1511.788574 0.000000 0.713620 0.000000 -0.700533 0.000000 0.000000 0.000000
2755.168213 0.000000 1512.546387 0.000000 0.089946 0.000000 0.995947 0.000000 0.000000 0.000000
2810.085693 0.000000 1515.752319 0.000000 0.854054 0.000000 0.520185 1.000000 1.000000 1.000000
2790.352295 0.000000 1517.782227 0.000000 0.228948 0.000000 0.973439 0.000000 0.000000 0.000000
2812.370361 0.000000 1514.490356 0.000000 0.729114 0.000000 -0.684392 0.000000 0.000000 0.000000
2807.341309 0.000000 1519.885742 0.000000 0.689524 0.000000 -0.724263 0.000000 0.000000 0.000000
2775.550293 0.000000 1510.382690 0.000000 0.957569 0.000000 0.288204 0.000000 0.000000 0.000000
2753.278564 0.000000 1514.468994 0.000000 0.466852 0.000000 -0.884335 0.000000 0.000000 0.000000
2792.273193 0.000000 1518.809326 0.000000 0.113543 0.000000 0.993533 1.000000 1.000000 1.000000
2763.577393 0.000000 1512.614868 0.000000 0.423733 0.000000 -0.905787 0.000000 0.000000 0.000000
2761.185303 0.000000 1512.128906 0.000000 0.458712 0.000000 -0.888585 0.000000 0.000000 0.000000
2808.393799 0.000000 1513.720459 0.000000 0.113895 0.000000 0.993493 1.000000 1.000000 1.000000
2806.407227 0.000000 1521.629395 0.000000 0.960998 0.000000 0.276555 0.000000 0.000000 0.000000
2790.151855 0.000000 1508.917603 0.000000 0.033376 0.000000 0.999443 0.000000 0.000000 0.000000
2812.200928 0.000000 1512.666382 0.000000 0.980857 0.000000 -0.194730 0.000000 0.000000 0.000000
2808.254883 0.000000 1515.976074 0.000000 0.663279 0.000000 0.748373 1.000000 1.000000 1.000000
2851.530762 0.000000 1519.182251 0.000000 0.948422 0.000000 0.317011 0.000000 0.000000 0.000000
2855.675293 0.000000 1523.367676 0.000000 0.956248 0.000000 0.292559 0.000000 0.000000 0.000000
2833.114990 0.000000 1523.153564 0.000000 0.994061 0.000000 -0.108826 0.000000 0.000000 0.000000
2834.867188 0.000000 1511.557617 0.000000 0.524022 0.000000 0.851705 0.000000 0.000000 0.000000
2829.152832 0.000000 1513.824829 0.000000 0.427565 0.000000 -0.903984 0.000000 0.000000 0.000000
2852.314209 0.000000 1521.989624 0.000000 0.208992 0.000000 -0.977917 0.000000 0.000000 0.000000
2841.163818 0.000000 1524.453125 0.000000 0.001035 0.000000 -0.999999 0.000000 0.000000 0.000000
2830.452148 0.000000 1524.188477 0.000000 0.983963 0.000000 -0.178372 0.000000 0.000000 0.000000
2837.388916 0.000000 1511.819580 0.000000 0.659387 0.000000 -0.751803 0.000000 0.000000 0.000000
2827.346924 0.000000 1516.557739 0.000000 0.293278 0.000000 -0.956027 0.000000 0.000000 0.000000
2879.022949 0.000000 1522.759277 0.000000 0.980020 0.000000 -0.198899 1.000000 1.000000 1.000000
2831.784668 0.000000 1510.416382 0.000000 0.887148 0.000000 0.461485 0.000000 0.000000 0.000000
2835.281494 0.000000 1524.248169 0.000000 0.548426 0.000000 -0.836199 0.000000 0.000000 0.000000
2828.277832 0.000000 1523.849976 0.000000 0.781279 0.000000 -0.624182 1.000000 1.000000 1.000000
2831.150635 0.000000 1522.204712 0.000000 0.825667 0.000000 -0.564158 0.000000 0.000000 0.000000
2827.119385 0.000000 1522.212891 0.000000 0.258866 0.000000 -0.965913 0.000000 0.000000 0.000000
2833.040771 0.000000 1521.129272 0.000000 0.669307 0.000000 0.742986 0.000000 0.000000 0.000000
2839.245850 0.000000 1524.254272 0.000000 0.998543 0.000000 -0.053968 0.000000 0.000000 0.000000
2915.530762 0.000000 1519.182251 0.000000 0.204902 0.000000 0.978782 0.000000 0.000000 0.000000
2870.803467 0.000000 1527.144287 0.000000 0.275041 0.000000 -0.961432 0.000000 0.000000 0.000000
2838.797119 0.000000 1526.052734 0.000000 0.512297 0.000000 0.858809 0.000000 0.000000 0.000000
2876.365723 0.000000 1527.805786 0.000000 0.923886 0.000000 0.382668 0.000000 0.000000 0.000000
2873.682861 0.000000 1527.233887 0.000000 0.850360 0.000000 0.526202 0.000000 0.000000 0.000000
2836.737793 0.000000 1525.081055 0.000000 0.314291 0.000000 0.949327 1.000000 1.000000 1.000000
2877.061279 0.000000 1525.634399 0.000000 0.975374 0.000000 0.220556 1.000000 1.000000 1.000000
2872.123047 0.000000 1528.421631 0.000000 0.604637 0.000000 -0.796501 0.000000 0.000000 0.000000
2917.084961 0.000000 1539.875732 0.000000 0.498000 0.000000 -0.867177 0.000000 0.000000 0.000000
2918.465332 0.000000 1550.175903 0.000000 0.898149 0.000000 -0.439690 0.000000 0.000000 0.000000
2931.720459 0.000000 1562.949951 0.000000 0.863873 0.000000 -0.503709 0.000000 0.000000 0.000000
2918.720947 0.000000 1571.812744 0.000000 0.216567 0.000000 -0.976268 0.000000 0.000000 0.000000
2931.521729 0.000000 1553.087036 0.000000 0.546791 0.000000 0.837269 0.000000 0.000000 0.000000
2898.408936 0.000000 1553.487671 0.000000 0.664459 0.000000 -0.747325 0.000000 0.000000 0.000000
2922.064209 0.000000 1576.401978 0.000000 0.990332 0.000000 0.138718 0.000000 0.000000 0.000000
2914.040283 0.000000 1543.383057 0.000000 0.622926 0.000000 0.782281 0.000000 0.000000 0.000000
2914.139648 0.000000 1526.804443 0.000000 0.054103 0.000000 -0.998535 0.000000 0.000000 0.000000
2928.763672 0.000000 1564.884521 0.000000 0.864839 0.000000 -0.502049 0.000000 0.000000 0.000000
2904.763672 0.000000 1555.809326 0.000000 0.963732 0.000000 -0.266871 0.000000 0.000000 0.000000
2891.269287 0.000000 1534.408203 0.000000 0.942062 0.000000 -0.335440 0.000000 0.000000 0.000000
2886.798828 0.000000 1539.345093 0.000000 0.324143 0.000000 -0.946008 0.000000 0.000000 0.000000
2889.939697 0.000000 1540.366577 0.000000 0.911114 0.000000 0.412154 1.000000 1.000000 1.000000
2909.536865 0.000000 1565.091309 0.000000 0.536814 0.000000 0.843701 1.000000 1.000000 1.000000
2934.469482 0.000000 1535.232178 0.000000 0.588087 0.000000 0.808798 1.000000 1.000000 1.000000
2912.693359 0.000000 1577.066406 0.000000 0.584704 0.000000 0.811247 0.000000 0.000000 0.000000
2909.075928 0.000000 1577.478271 0.000000 0.532538 0.000000 0.846406 0.000000 0.000000 0.000000
2910.662598 0.000000 1571.268555 0.000000 0.855900 0.000000 0.517142 0.000000 0.000000 0.000000
2928.015381 0.000000 1552.859619 0.000000 0.195978 0.000000 -0.980608 0.000000 0.000000 0.000000
2921.246582 0.000000 1573.389893 0.000000 0.489252 0.000000 -0.872143 0.000000 0.000000 0.000000
2933.610352 0.000000 1560.570923 0.000000 0.966338 0.000000 0.257276 0.000000 0.000000 0.000000
2923.534668 0.000000 1541.067871 0.000000 0.602579 0.000000 -0.798060 0.000000 0.000000 0.000000
2908.116211 0.000000 1580.493774 0.000000 0.997743 0.000000 -0.067151 1.000000 1.000000 1.000000
2923.551025 0.000000 1531.877930 0.000000 0.232612 0.000000 0.972570 1.000000 1.000000 1.000000
2888.260498 0.000000 1534.083740 0.000000 0.611632 0.000000 -0.791143 1.000000 1.000000 1.000000
2893.243652 0.000000 1532.319214 0.000000 0.855855 0.000000 -0.517216 0.000000 0.000000 0.000000
2910.841064 0.000000 1556.710327 0.000000 0.922349 0.000000 0.386357 1.000000 1.000000 1.000000
2916.294922 0.000000 1528.734863 0.000000 0.648227 0.000000 0.761447 0.000000 0.000000 0.000000
2886.201904 0.000000 1536.590942 0.000000 0.999350 0.000000 -0.036041 1.000000 1.000000 1.000000
2936.270996 0.000000 1545.587891 0.000000 0.611605 0.000000 0.791163 0.000000 0.000000 0.000000
2922.622314 0.000000 1579.103149 0.000000 0.648898 0.000000 0.760876 1.000000 1.000000 1.000000
2906.616211 0.000000 1549.160522 0.000000 0.330990 0.000000 -0.943634 0.000000 0.000000 0.000000
2924.193604 0.000000 1546.022705 0.000000 0.368589 0.000000 -0.929593 0.000000 0.000000 0.000000
2918.885986 0.000000 1569.239868 0.000000 0.931262 0.000000 -0.364351 0.000000 0.000000 0.000000
2930.542236 0.000000 1530.876709 0.000000 0.506807 0.000000 -0.862059 0.000000 0.000000 0.000000
2900.724609 0.000000 1554.778564 0.000000 0.775624 0.000000 0.631195 0.000000 0.000000 0.000000
2901.175049 0.000000 1560.296143 0.000000 0.671519 0.000000 -0.740987 1.000000 1.000000 1.000000
2918.658447 0.000000 1533.299072 0.000000 0.898334 0.000000 -0.439312 0.000000 0.000000 0.000000
2907.115234 0.000000 1554.361816 0.000000 0.386712 0.000000 0.922200 0.000000 0.000000 0.000000
2903.655029 0.000000 1558.733643 0.000000 0.739579 0.000000 -0.673070 1.000000 1.000000 1.000000
2906.516602 0.000000 1563.857056 0.000000 0.976312 0.000000 -0.216366 0.000000 0.000000 0.000000
2913.496826 0.000000 1549.308838 0.000000 0.191559 0.000000 0.981481 1.000000 1.000000 1.000000
2919.590820 0.000000 1528.693237 0.000000 0.854987 0.000000 0.518649 0.000000 0.000000 0.000000
2918.352295 0.000000 1574.266602 0.000000 0.998642 0.000000 0.052096 0.000000 0.000000 0.000000
2923.597168 0.000000 1527.102661 0.000000 0.283150 0.000000 0.959076 0.000000 0.000000 0.000000
2900.386963 0.000000 1551.875244 0.000000 0.138995 0.000000 0.990293 1.000000 1.000000 1.000000
2908.691406 0.000000 1573.170410 0.000000 0.394004 0.000000 0.919109 0.000000 0.000000 0.000000
2900.470947 0.000000 1546.903687 0.000000 0.940697 0.000000 0.339248 0.000000 0.000000 0.000000
2910.667969 0.000000 1561.459473 0.000000 0.206870 0.000000 -0.978368 0.000000 0.000000 0.000000
2920.628906 0.000000 1531.218384 0.000000 0.976498 0.000000 -0.215525 1.000000 1.000000 1.000000
2912.506104 0.000000 1569.735962 0.000000 0.488048 0.000000 -0.872817 0.000000 0.000000 0.000000
2906.281006 0.000000 1568.924438 0.000000 0.684352 0.000000 -0.729152 1.000000 1.000000 1.000000
2909.193848 0.000000 1551.289307 0.000000 0.431606 0.000000 -0.902062 1.000000 1.000000 1.000000
2939.596436 0.000000 1541.604492 0.000000 0.442854 0.000000 0.896594 1.000000 1.000000 1.000000
2890.112305 0.000000 1543.232056 0.000000 0.416672 0.000000 0.909057 0.000000 0.000000 0.000000
2927.774658 0.000000 1544.266724 0.000000 0.450017 0.000000 0.893020 1.000000 1.000000 1.000000
2917.593018 0.000000 1567.288818 0.000000 0.419490 0.000000 -0.907760 0.000000 0.000000 0.000000
2913.615479 0.000000 1579.173828 0.000000 0.998890 0.000000 -0.047112 0.000000 0.000000 0.000000
2904.466797 0.000000 1551.602173 0.000000 0.380326 0.000000 0.924852 1.000000 1.000000 1.000000
2915.886963 0.000000 1555.702637 0.000000 0.858297 0.000000 0.513153 1.000000 1.000000 1.000000
2898.112793 0.000000 1551.269775 0.000000 0.277268 0.000000 0.960793 0.000000 0.000000 0.000000
2915.097656 0.000000 1567.178223 0.000000 0.440194 0.000000 -0.897903 1.000000 1.000000 1.000000
2921.191162 0.000000 1527.208618 0.000000 0.245227 0.000000 0.969466 0.000000 0.000000 0.000000
2913.051514 0.000000 1557.269653 0.000000 0.978323 0.000000 -0.207084 1.000000 1.000000 1.000000
2911.716309 0.000000 1565.528687 0.000000 0.721567 0.000000 -0.692344 1.000000 1.000000 1.000000
2926.914795 0.000000 1534.163940 0.000000 0.973756 0.000000 0.227595 1.000000 1.000000 1.000000
2913.958740 0.000000 1565.307129 0.000000 0.921503 0.000000 0.388371 1.000000 1.000000 1.000000
2896.326904 0.000000 1547.745117 0.000000 0.850878 0.000000 -0.525364 1.000000 1.000000 1.000000
2905.637451 0.000000 1561.775513 0.000000 0.402911 0.000000 0.915239 0.000000 0.000000 0.000000
2901.939941 0.000000 1550.411499 0.000000 0.726450 0.000000 0.687219 1.000000 1.000000 1.000000
2937.361084 0.000000 1537.867432 0.000000 0.992578 0.000000 0.121606 1.000000 1.000000 1.000000
2920.273193 0.000000 1575.293701 0.000000 0.980184 0.000000 0.198090 0.000000 0.000000 0.000000
2920.552490 0.000000 1577.929321 0.000000 0.643971 0.000000 -0.765050 0.000000 0.000000 0.000000
2925.664307 0.000000 1532.073730 0.000000 0.782400 0.000000 0.622777 1.000000 1.000000 1.000000
2902.646240 0.000000 1555.743896 0.000000 0.222133 0.000000 0.975016 1.000000 1.000000 1.000000
2917.382812 0.000000 1552.660156 0.000000 0.856166 0.000000 0.516700 1.000000 1.000000 1.000000
2904.739258 0.000000 1553.647339 0.000000 0.803915 0.000000 -0.594745 1.000000 1.000000 1.000000
2911.429199 0.000000 1549.006226 0.000000 0.999240 0.000000 0.038977 0.000000 0.000000 0.000000
2891.631592 0.000000 1541.594482 0.000000 0.193961 0.000000 0.981009 0.000000 0.000000 0.000000
2924.596680 0.000000 1544.029419 0.000000 0.985200 0.000000 -0.171410 1.000000 1.000000 1.000000
2923.937012 0.000000 1581.505615 0.000000 0.432161 0.000000 -0.901796 1.000000 1.000000 1.000000
2929.047119 0.000000 1533.902588 0.000000 0.498214 0.000000 0.867054 0.000000 0.000000 0.000000
2890.587402 0.000000 1538.358398 0.000000 0.638262 0.000000 -0.769819 0.000000 0.000000 0.000000
2898.017090 0.000000 1548.862793 0.000000 0.998488 0.000000 0.054973 1.000000 1.000000 1.000000
2921.461914 0.000000 1580.677734 0.000000 0.251877 0.000000 0.967759 1.000000 1.000000 1.000000
2932.512451 0.000000 1534.932495 0.000000 0.033458 0.000000 -0.999440 0.000000 0.000000 0.000000
2932.201660 0.000000 1532.026123 0.000000 0.940769 0.000000 0.339049 0.000000 0.000000 0.000000
2907.270508 0.000000 1576.824341 0.000000 0.962347 0.000000 0.271822 0.000000 0.000000 0.000000
2937.789062 0.000000 1544.439941 0.000000 0.533934 0.000000 -0.845526 0.000000 0.000000 0.000000
2914.286865 0.000000 1528.705811 0.000000 0.320312 0.000000 -0.947312 1.000000 1.000000 1.000000
2908.530762 0.000000 1566.753052 0.000000 0.684040 0.000000 0.729444 1.000000 1.000000 1.000000
2910.427490 0.000000 1563.365356 0.000000 0.684852 0.000000 -0.728682 0.000000 0.000000 0.000000
2929.665527 0.000000 1553.840698 0.000000 0.172448 0.000000 0.985019 0.000000 0.000000 0.000000
2926.857178 0.000000 1530.582031 0.000000 0.378386 0.000000 -0.925648 1.000000 1.000000 1.000000
2915.914307 0.000000 1553.837280 0.000000 0.462501 0.000000 0.886619 1.000000 1.000000 1.000000
2891.020752 0.000000 1536.320435 0.000000 0.745518 0.000000 0.666486 0.000000 0.000000 0.000000
2910.899414 0.000000 1577.939941 0.000000 0.673214 0.000000 0.739448 0.000000 0.000000 0.000000
2908.971191 0.000000 1570.390869 0.000000 0.983519 0.000000 -0.180802 1.000000 1.000000 1.000000
2890.859131 0.000000 1532.606812 0.000000 0.674708 0.000000 0.738084 0.000000 0.000000 0.000000
2913.555908 0.000000 1551.752441 0.000000 0.479849 0.000000 0.877351 0.000000 0.000000 0.000000
2888.084717 0.000000 1540.713135 0.000000 0.123257 0.000000 -0.992375 1.000000 1.000000 1.000000
2888.607910 0.000000 1538.913574 0.000000 0.526948 0.000000 0.849897 1.000000 1.000000 1.000000
2908.327393 0.000000 1552.896729 0.000000 0.561772 0.000000 -0.827292 0.000000 0.000000 0.000000
2909.530273 0.000000 1579.251587 0.000000 0.604313 0.000000 0.796747 1.000000 1.000000 1.000000
2923.042236 0.000000 1533.948853 0.000000 0.616941 0.000000 0.787009 1.000000 1.000000 1.000000
2909.381592 0.000000 1555.673340 0.000000 0.866903 0.000000 -0.498477 0.000000 0.000000 0.000000
2915.859863 0.000000 1530.760498 0.000000 0.947622 0.000000 0.319394 0.000000 0.000000 0.000000
2910.385010 0.000000 1566.672852 0.000000 0.898524 0.000000 0.438924 1.000000 1.000000 1.000000
2914.170654 0.000000 1553.435425 0.000000 0.294308 0.000000 0.955711 1.000000 1.000000 1.000000
2914.022705 0.000000 1547.113892 0.000000 0.825471 0.000000 0.564445 0.000000 0.000000 0.000000
2923.779541 0.000000 1530.059570 0.000000 0.235547 0.000000 0.971863 1.000000 1.000000 1.000000
2936.204834 0.000000 1535.338989 0.000000 0.689435 0.000000 0.724348 0.000000 0.000000 0.000000
2889.625488 0.000000 1535.302979 0.000000 0.971871 0.000000 0.235515 1.000000 1.000000 1.000000
2911.343506 0.000000 1568.214966 0.000000 0.748770 0.000000 -0.662830 0.000000 0.000000 0.000000
2907.705566 0.000000 1565.116943 0.000000 0.734181 0.000000 -0.678953 0.000000 0.000000 0.000000
2938.963135 0.000000 1543.216797 0.000000 0.978213 0.000000 0.207603 1.000000 1.000000 1.000000
2907.981201 0.000000 1569.019897 0.000000 0.940938 0.000000 -0.338580 1.000000 1.000000 1.000000
2925.746338 0.000000 1545.214111 0.000000 0.684371 0.000000 -0.729134 1.000000 1.000000 1.000000
2907.994141 0.000000 1550.111328 0.000000 0.942984 0.000000 -0.332838 1.000000 1.000000 1.000000
2887.352783 0.000000 1537.779419 0.000000 0.175792 0.000000 -0.984427 1.000000 1.000000 1.000000
2925.901367 0.000000 1582.516968 0.000000 0.716147 0.000000 -0.697950 0.000000 0.000000 0.000000
2914.139648 0.000000 1583.288818 0.000000 0.446226 0.000000 -0.894920 0.000000 0.000000 0.000000
2913.860352 0.000000 1590.303711 0.000000 0.325766 0.000000 -0.945450 0.000000 0.000000 0.000000
2923.551025 0.000000 1588.362305 0.000000 0.371643 0.000000 0.928376 0.000000 0.000000 0.000000
2916.294922 0.000000 1585.219238 0.000000 0.927745 0.000000 0.373214 0.000000 0.000000 0.000000
2904.982666 0.000000 1585.436401 0.000000 0.446692 0.000000 0.894688 1.000000 1.000000 1.000000
2899.958252 0.000000 1588.275024 0.000000 0.085637 0.000000 0.996326 0.000000 0.000000 0.000000
2916.193115 0.000000 1589.021484 0.000000 0.603607 0.000000 0.797282 0.000000 0.000000 0.000000
2923.597168 0.000000 1583.587036 0.000000 0.809945 0.000000 0.586505 0.000000 0.000000 0.000000
2909.269775 0.000000 1583.721924 0.000000 0.999532 0.000000 0.030588 1.000000 1.000000 1.000000
2911.881836 0.000000 1584.211914 0.000000 0.641429 0.000000 -0.767183 0.000000 0.000000 0.000000
2907.827881 0.000000 1585.601685 0.000000 0.508086 0.000000 -0.861306 1.000000 1.000000 1.000000
2908.442627 0.000000 1581.579956 0.000000 0.971003 0.000000 0.239066 1.000000 1.000000 1.000000
2921.191162 0.000000 1583.692993 0.000000 0.823850 0.000000 0.566808 0.000000 0.000000 0.000000
2904.196777 0.000000 1587.830566 0.000000 0.376775 0.000000 -0.926305 0.000000 0.000000 0.000000
2903.342529 0.000000 1597.073242 0.000000 0.828507 0.000000 -0.559978 1.000000 1.000000 1.000000
2903.989502 0.000000 1594.592285 0.000000 0.498289 0.000000 0.867011 0.000000 0.000000 0.000000
2911.953369 0.000000 1587.237671 0.000000 0.023230 0.000000 -0.999730 0.000000 0.000000 0.000000
2914.286865 0.000000 1585.190186 0.000000 0.573268 0.000000 0.819368 1.000000 1.000000 1.000000
2900.110352 0.000000 1595.200317 0.000000 0.389051 0.000000 -0.921216 0.000000 0.000000 0.000000
2912.870605 0.000000 1588.807983 0.000000 0.213152 0.000000 0.977019 1.000000 1.000000 1.000000
2915.859863 0.000000 1587.244873 0.000000 0.974942 0.000000 0.222461 1.000000 1.000000 1.000000
1507.530884 0.000000 2140.510498 0.000000 0.146986 0.000000 0.989139 0.000000 0.000000 0.000000
1725.734009 0.000000 1954.678955 0.000000 0.371742 0.000000 -0.928336 0.000000 0.000000 0.000000
1713.044556 0.000000 1969.152710 0.000000 0.414030 0.000000 0.910263 0.000000 0.000000 0.000000
1725.935669 0.000000 1950.498779 0.000000 0.140704 0.000000 0.990052 0.000000 0.000000 0.000000
1726.830811 0.000000 1967.703857 0.000000 0.683882 0.000000 -0.729592 0.000000 0.000000 0.000000
1724.341309 0.000000 1973.636597 0.000000 0.200419 0.000000 0.979710 0.000000 0.000000 0.000000
1727.545410 0.000000 1952.427856 0.000000 0.560818 0.000000 0.827939 1.000000 1.000000 1.000000
1723.743408 0.000000 1971.196289 0.000000 0.479669 0.000000 -0.877449 0.000000 0.000000 0.000000
1710.584106 0.000000 1969.249268 0.000000 0.998158 0.000000 0.060676 0.000000 0.000000 0.000000
1708.263306 0.000000 1970.643799 0.000000 0.234663 0.000000 -0.972077 0.000000 0.000000 0.000000
1724.605713 0.000000 1952.395386 0.000000 0.939081 0.000000 -0.343696 0.000000 0.000000 0.000000
1726.298462 0.000000 1969.939453 0.000000 0.600670 0.000000 -0.799497 0.000000 0.000000 0.000000
1712.736572 0.000000 1967.155640 0.000000 0.970410 0.000000 -0.241464 0.000000 0.000000 0.000000
1722.542236 0.000000 1969.639771 0.000000 0.850842 0.000000 -0.525422 1.000000 1.000000 1.000000
1769.423462 0.000000 1952.890991 0.000000 0.333856 0.000000 -0.942624 0.000000 0.000000 0.000000
1774.271362 0.000000 1957.757202 0.000000 0.988420 0.000000 0.151740 0.000000 0.000000 0.000000
1778.569214 0.000000 1976.442505 0.000000 0.509532 0.000000 -0.860452 0.000000 0.000000 0.000000
1728.390503 0.000000 1964.018921 0.000000 0.207699 0.000000 0.978193 0.000000 0.000000 0.000000
1729.602173 0.000000 1950.842041 0.000000 0.896166 0.000000 0.443719 0.000000 0.000000 0.000000
1772.877319 0.000000 1954.255737 0.000000 0.992318 0.000000 0.123713 0.000000 0.000000 0.000000
1737.807983 0.000000 1956.174316 0.000000 0.145147 0.000000 0.989410 0.000000 0.000000 0.000000
1758.089844 0.000000 1949.404053 0.000000 0.544860 0.000000 -0.838527 0.000000 0.000000 0.000000
1754.132568 0.000000 1954.920532 0.000000 0.277071 0.000000 -0.960850 0.000000 0.000000 0.000000
1776.015381 0.000000 1948.250244 0.000000 0.999451 0.000000 -0.033129 0.000000 0.000000 0.000000
1735.290405 0.000000 1955.141113 0.000000 0.156431 0.000000 0.987689 1.000000 1.000000 1.000000
1757.260010 0.000000 1954.738037 0.000000 0.977331 0.000000 0.211717 0.000000 0.000000 0.000000
1779.409058 0.000000 1945.954956 0.000000 0.863686 0.000000 0.504031 0.000000 0.000000 0.000000
1730.786255 0.000000 1955.369385 0.000000 0.748429 0.000000 -0.663215 1.000000 1.000000 1.000000
1735.851929 0.000000 1957.646240 0.000000 0.090876 0.000000 -0.995862 0.000000 0.000000 0.000000
1737.640015 0.000000 1953.695801 0.000000 0.855524 0.000000 0.517763 0.000000 0.000000 0.000000
1729.729858 0.000000 1953.061035 0.000000 0.572581 0.000000 0.819848 1.000000 1.000000 1.000000
1778.491943 0.000000 1944.109009 0.000000 0.978972 0.000000 0.203995 0.000000 0.000000 0.000000
1777.818970 0.000000 1947.216431 0.000000 0.944599 0.000000 0.328226 1.000000 1.000000 1.000000
1754.051758 0.000000 1952.762939 0.000000 0.840135 0.000000 0.542378 1.000000 1.000000 1.000000
1732.483643 0.000000 1954.898560 0.000000 0.808370 0.000000 -0.588674 1.000000 1.000000 1.000000
1755.568481 0.000000 1953.876099 0.000000 0.978281 0.000000 0.207284 1.000000 1.000000 1.000000
1769.206665 0.000000 1985.496826 0.000000 0.911560 0.000000 -0.411168 0.000000 0.000000 0.000000
1766.270874 0.000000 1978.360107 0.000000 0.918930 0.000000 -0.394420 0.000000 0.000000 0.000000
1750.797119 0.000000 1977.927734 0.000000 0.984959 0.000000 0.172786 0.000000 0.000000 0.000000
1733.348755 0.000000 1985.394897 0.000000 0.612006 0.000000 -0.790853 0.000000 0.000000 0.000000
1761.860474 0.000000 1985.694336 0.000000 0.766770 0.000000 0.641922 0.000000 0.000000 0.000000
1780.340698 0.000000 1977.289185 0.000000 0.954445 0.000000 -0.298388 0.000000 0.000000 0.000000
1777.495239 0.000000 1977.053223 0.000000 0.951997 0.000000 -0.306108 0.000000 0.000000 0.000000
1764.294800 0.000000 1980.609863 0.000000 0.982946 0.000000 -0.183896 0.000000 0.000000 0.000000
1767.590698 0.000000 1980.568237 0.000000 0.434065 0.000000 -0.900882 0.000000 0.000000 0.000000
2036.885132 0.000000 1859.251099 0.000000 0.881649 0.000000 0.471905 0.000000 0.000000 0.000000
2000.020752 0.000000 1851.728271 0.000000 0.168466 0.000000 -0.985708 0.000000 0.000000 0.000000
2022.720825 0.000000 1854.234619 0.000000 0.802338 0.000000 -0.596870 0.000000 0.000000 0.000000
1997.152710 0.000000 1852.731079 0.000000 0.660237 0.000000 0.751058 0.000000 0.000000 0.000000
1995.346924 0.000000 1855.463989 0.000000 0.596084 0.000000 -0.802922 0.000000 0.000000 0.000000
1992.816650 0.000000 1855.508301 0.000000 0.903352 0.000000 -0.428899 0.000000 0.000000 0.000000
1801.453857 0.000000 1926.788086 0.000000 0.199750 0.000000 0.979847 0.000000 0.000000 0.000000
1814.797119 0.000000 1921.443359 0.000000 0.012757 0.000000 -0.999919 0.000000 0.000000 0.000000
1818.616821 0.000000 1926.678223 0.000000 0.963714 0.000000 0.266938 0.000000 0.000000 0.000000
1828.050049 0.000000 1956.758301 0.000000 0.051153 0.000000 0.998691 0.000000 0.000000 0.000000
1811.298462 0.000000 1938.415894 0.000000 0.704066 0.000000 0.710135 0.000000 0.000000 0.000000
1826.074463 0.000000 1925.988525 0.000000 0.339722 0.000000 0.940526 0.000000 0.000000 0.000000
1837.059937 0.000000 1962.860596 0.000000 0.340731 0.000000 0.940161 0.000000 0.000000 0.000000
1855.097656 0.000000 1959.857910 0.000000 0.693913 0.000000 -0.720059 1.000000 1.000000 1.000000
1829.443237 0.000000 1940.270752 0.000000 0.464550 0.000000 0.885547 0.000000 0.000000 0.000000
1818.844482 0.000000 1922.186279 0.000000 0.794109 0.000000 -0.607776 0.000000 0.000000 0.000000
1845.757935 0.000000 1939.833496 0.000000 0.987778 0.000000 -0.155866 0.000000 0.000000 0.000000
1824.344604 0.000000 1958.786377 0.000000 0.396751 0.000000 -0.917926 0.000000 0.000000 0.000000
1851.742432 0.000000 1958.145752 0.000000 0.855625 0.000000 -0.517597 0.000000 0.000000 0.000000
1841.098145 0.000000 1934.844727 0.000000 0.914729 0.000000 0.404068 0.000000 0.000000 0.000000
1816.358154 0.000000 1928.979736 0.000000 0.761096 0.000000 -0.648640 0.000000 0.000000 0.000000
1844.391968 0.000000 1968.855469 0.000000 0.372155 0.000000 0.928171 0.000000 0.000000 0.000000
1842.335327 0.000000 1941.361816 0.000000 0.972317 0.000000 0.233666 0.000000 0.000000 0.000000
1798.113892 0.000000 1959.427246 0.000000 0.989232 0.000000 -0.146355 0.000000 0.000000 0.000000
1825.860474 0.000000 1929.209961 0.000000 0.356253 0.000000 -0.934389 0.000000 0.000000 0.000000
1852.718994 0.000000 1961.700195 0.000000 0.996811 0.000000 0.079794 1.000000 1.000000 1.000000
1808.764038 0.000000 1936.420776 0.000000 0.745925 0.000000 -0.666030 0.000000 0.000000 0.000000
1834.622314 0.000000 1974.493774 0.000000 0.095726 0.000000 0.995408 1.000000 1.000000 1.000000
1814.908936 0.000000 1931.468628 0.000000 0.479762 0.000000 -0.877399 0.000000 0.000000 0.000000
1812.109741 0.000000 1932.158447 0.000000 0.739936 0.000000 -0.672678 0.000000 0.000000 0.000000
1854.888184 0.000000 1957.093750 0.000000 0.186059 0.000000 0.982539 0.000000 0.000000 0.000000
1828.193237 0.000000 1927.927734 0.000000 0.681285 0.000000 0.732018 0.000000 0.000000 0.000000
1839.681152 0.000000 1923.370605 0.000000 0.275308 0.000000 0.961356 0.000000 0.000000 0.000000
1843.409058 0.000000 1945.954956 0.000000 0.385107 0.000000 0.922872 0.000000 0.000000 0.000000
1826.794434 0.000000 1958.728271 0.000000 0.265474 0.000000 -0.964118 1.000000 1.000000 1.000000
1836.424194 0.000000 1973.014771 0.000000 0.892397 0.000000 0.451252 1.000000 1.000000 1.000000
1838.914917 0.000000 1929.554565 0.000000 0.136356 0.000000 -0.990660 1.000000 1.000000 1.000000
1825.958618 0.000000 1960.697754 0.000000 0.186749 0.000000 -0.982408 0.000000 0.000000 0.000000
1838.326538 0.000000 1931.586792 0.000000 0.364774 0.000000 0.931096 1.000000 1.000000 1.000000
1799.299561 0.000000 1961.206909 0.000000 0.957851 0.000000 -0.287266 0.000000 0.000000 0.000000
1837.664185 0.000000 1927.464355 0.000000 0.319734 0.000000 0.947508 1.000000 1.000000 1.000000
1815.052002 0.000000 1923.516602 0.000000 0.998726 0.000000 0.050458 0.000000 0.000000 0.000000
1842.491943 0.000000 1944.109009 0.000000 0.938108 0.000000 0.346344 0.000000 0.000000 0.000000
1835.936890 0.000000 1976.896240 0.000000 0.998938 0.000000 -0.046065 1.000000 1.000000 1.000000
1841.878906 0.000000 1932.812622 0.000000 0.084805 0.000000 0.996398 1.000000 1.000000 1.000000
1853.048584 0.000000 1959.734131 0.000000 0.492579 0.000000 -0.870268 0.000000 0.000000 0.000000
1838.857178 0.000000 1925.972656 0.000000 0.647414 0.000000 0.762138 1.000000 1.000000 1.000000
1801.040405 0.000000 1961.993286 0.000000 0.246708 0.000000 -0.969090 0.000000 0.000000 0.000000
1841.127930 0.000000 1922.296631 0.000000 0.996879 0.000000 0.078949 1.000000 1.000000 1.000000
1842.333252 0.000000 1959.405273 0.000000 0.953348 0.000000 -0.301874 1.000000 1.000000 1.000000
1844.960205 0.000000 1970.527832 0.000000 0.927089 0.000000 -0.374840 1.000000 1.000000 1.000000
1895.866577 0.000000 1962.172363 0.000000 0.971628 0.000000 0.236513 0.000000 0.000000 0.000000
1881.924683 0.000000 1973.709229 0.000000 0.964049 0.000000 -0.265724 0.000000 0.000000 0.000000
1887.273193 0.000000 1975.345215 0.000000 0.820558 0.000000 -0.571564 0.000000 0.000000 0.000000
1886.599976 0.000000 1970.172363 0.000000 0.415821 0.000000 -0.909446 0.000000 0.000000 0.000000
1874.852783 0.000000 1957.076172 0.000000 0.724558 0.000000 -0.689214 0.000000 0.000000 0.000000
1890.040283 0.000000 1938.773682 0.000000 0.353202 0.000000 -0.935547 0.000000 0.000000 0.000000
1886.089844 0.000000 1949.404053 0.000000 0.917312 0.000000 0.398169 0.000000 0.000000 0.000000
1885.075928 0.000000 1972.868896 0.000000 0.966300 0.000000 -0.257419 0.000000 0.000000 0.000000
1884.116333 0.000000 1975.884399 0.000000 0.072492 0.000000 0.997369 1.000000 1.000000 1.000000
1883.270386 0.000000 1972.214966 0.000000 0.445617 0.000000 -0.895224 0.000000 0.000000 0.000000
1886.899414 0.000000 1973.330566 0.000000 0.987575 0.000000 0.157151 0.000000 0.000000 0.000000
1885.530396 0.000000 1974.642212 0.000000 0.813116 0.000000 0.582102 1.000000 1.000000 1.000000
1883.848511 0.000000 1974.127930 0.000000 0.186400 0.000000 -0.982474 1.000000 1.000000 1.000000
1833.206665 0.000000 1985.496826 0.000000 0.249743 0.000000 -0.968312 0.000000 0.000000 0.000000
1793.476685 0.000000 1983.411865 0.000000 0.051505 0.000000 0.998673 0.000000 0.000000 0.000000
1855.290771 0.000000 1977.358154 0.000000 0.584805 0.000000 0.811174 0.000000 0.000000 0.000000
1833.897095 0.000000 1976.981445 0.000000 0.428723 0.000000 -0.903436 0.000000 0.000000 0.000000
1809.653076 0.000000 1985.422485 0.000000 0.112375 0.000000 -0.993666 0.000000 0.000000 0.000000
1809.307007 0.000000 1987.899048 0.000000 0.216613 0.000000 -0.976258 0.000000 0.000000 0.000000
1861.348755 0.000000 1985.394897 0.000000 0.893762 0.000000 -0.448541 0.000000 0.000000 0.000000
1864.260498 0.000000 1985.958740 0.000000 0.056756 0.000000 -0.998388 1.000000 1.000000 1.000000
1869.243652 0.000000 1984.194214 0.000000 0.922164 0.000000 -0.386798 1.000000 1.000000 1.000000
1862.927612 0.000000 1983.300537 0.000000 0.992106 0.000000 0.125398 0.000000 0.000000 0.000000
1867.600586 0.000000 1982.674927 0.000000 0.998730 0.000000 0.050385 1.000000 1.000000 1.000000
1868.800293 0.000000 1987.515869 0.000000 0.854410 0.000000 -0.519599 0.000000 0.000000 0.000000
1866.859009 0.000000 1984.481812 0.000000 0.945717 0.000000 0.324991 1.000000 1.000000 1.000000
2032.887695 0.000000 1945.344238 0.000000 0.994852 0.000000 -0.101341 0.000000 0.000000 0.000000
2042.989014 0.000000 1954.102783 0.000000 0.929542 0.000000 -0.368717 0.000000 0.000000 0.000000
2046.830811 0.000000 1967.703857 0.000000 0.952689 0.000000 0.303948 0.000000 0.000000 0.000000
2043.206421 0.000000 1950.449463 0.000000 0.948035 0.000000 -0.318166 0.000000 0.000000 0.000000
2039.542480 0.000000 1943.598511 0.000000 0.847177 0.000000 0.531311 0.000000 0.000000 0.000000
2046.888184 0.000000 1957.093750 0.000000 0.539810 0.000000 0.841787 1.000000 1.000000 1.000000
2035.409058 0.000000 1945.954956 0.000000 0.959585 0.000000 0.281419 0.000000 0.000000 0.000000
2047.022949 0.000000 1974.634277 0.000000 0.977972 0.000000 0.208736 0.000000 0.000000 0.000000
2047.545410 0.000000 1952.427856 0.000000 0.516215 0.000000 -0.856459 1.000000 1.000000 1.000000
2044.605713 0.000000 1952.395386 0.000000 0.844744 0.000000 0.535170 1.000000 1.000000 1.000000
2032.749756 0.000000 1943.076416 0.000000 0.813501 0.000000 -0.581563 0.000000 0.000000 0.000000
2040.713501 0.000000 1949.891724 0.000000 0.991690 0.000000 0.128651 0.000000 0.000000 0.000000
2038.075073 0.000000 1942.013794 0.000000 0.246605 0.000000 -0.969116 0.000000 0.000000 0.000000
2034.491943 0.000000 1944.109009 0.000000 0.908735 0.000000 0.417374 0.000000 0.000000 0.000000
2044.194946 0.000000 1956.057861 0.000000 0.530210 0.000000 0.847867 1.000000 1.000000 1.000000
2045.048584 0.000000 1959.734131 0.000000 0.516588 0.000000 -0.856234 0.000000 0.000000 0.000000
2043.122925 0.000000 1959.895020 0.000000 0.938147 0.000000 -0.346237 0.000000 0.000000 0.000000
2038.093628 0.000000 1944.736084 0.000000 0.111065 0.000000 0.993813 0.000000 0.000000 0.000000
2042.464966 0.000000 1956.756104 0.000000 0.997994 0.000000 -0.063309 1.000000 1.000000 1.000000
1566.599976 0.000000 2083.141113 0.000000 0.964005 0.000000 -0.265883 0.000000 0.000000 0.000000
1644.186279 0.000000 2081.145752 0.000000 0.489165 0.000000 -0.872191 0.000000 0.000000 0.000000
1638.270874 0.000000 2091.328857 0.000000 0.996412 0.000000 0.084636 0.000000 0.000000 0.000000
1645.059937 0.000000 2132.313721 0.000000 0.398159 0.000000 -0.917316 0.000000 0.000000 0.000000
1662.018555 0.000000 2115.816895 0.000000 0.894473 0.000000 0.447122 0.000000 0.000000 0.000000
1660.365845 0.000000 2092.649658 0.000000 0.919373 0.000000 -0.393386 0.000000 0.000000 0.000000
1647.560791 0.000000 2132.685547 0.000000 0.116835 0.000000 0.993151 0.000000 0.000000 0.000000
1663.450562 0.000000 2097.851074 0.000000 0.738216 0.000000 -0.674565 0.000000 0.000000 0.000000
1663.836060 0.000000 2094.406006 0.000000 0.916154 0.000000 0.400826 0.000000 0.000000 0.000000
1786.107300 0.000000 2088.637939 0.000000 0.957446 0.000000 0.288614 0.000000 0.000000 0.000000
1788.341309 0.000000 2086.605225 0.000000 0.640293 0.000000 0.768131 0.000000 0.000000 0.000000
1791.022949 0.000000 2087.603027 0.000000 0.992551 0.000000 -0.121826 0.000000 0.000000 0.000000
1779.473267 0.000000 2073.815430 0.000000 0.496390 0.000000 -0.868100 0.000000 0.000000 0.000000
1664.315308 0.000000 2116.347412 0.000000 0.495276 0.000000 -0.868736 0.000000 0.000000 0.000000
1673.095337 0.000000 2101.909180 0.000000 0.977437 0.000000 0.211227 0.000000 0.000000 0.000000
1664.173096 0.000000 2091.746582 0.000000 0.747044 0.000000 -0.664774 0.000000 0.000000 0.000000
1675.269287 0.000000 2099.251953 0.000000 0.718671 0.000000 -0.695350 0.000000 0.000000 0.000000
1672.260498 0.000000 2098.927490 0.000000 0.107375 0.000000 -0.994219 0.000000 0.000000 0.000000
1786.107300 0.000000 2145.122314 0.000000 0.746041 0.000000 -0.665900 0.000000 0.000000 0.000000
1775.681152 0.000000 2092.823730 0.000000 0.836462 0.000000 0.548026 0.000000 0.000000 0.000000
1784.590820 0.000000 2143.832520 0.000000 0.314042 0.000000 0.949409 0.000000 0.000000 0.000000
1573.505493 0.000000 2202.093994 0.000000 0.903265 0.000000 0.429084 0.000000 0.000000 0.000000
1577.461914 0.000000 2202.005859 0.000000 0.932336 0.000000 0.361594 0.000000 0.000000 0.000000
1574.249512 0.000000 2200.098389 0.000000 0.935423 0.000000 0.353529 0.000000 0.000000 0.000000
1642.549194 0.000000 2157.517578 0.000000 0.944629 0.000000 0.328140 0.000000 0.000000 0.000000
1575.590698 0.000000 2206.505859 0.000000 0.808961 0.000000 0.587862 0.000000 0.000000 0.000000
1572.142212 0.000000 2202.985840 0.000000 0.925572 0.000000 0.378573 0.000000 0.000000 0.000000
1577.191162 0.000000 2205.020996 0.000000 0.933145 0.000000 -0.359501 0.000000 0.000000 0.000000
1575.709595 0.000000 2202.892822 0.000000 0.388381 0.000000 0.921499 1.000000 1.000000 1.000000
1572.465698 0.000000 2204.676514 0.000000 0.527589 0.000000 0.849500 1.000000 1.000000 1.000000
1791.290771 0.000000 2146.811279 0.000000 0.640865 0.000000 -0.767654 0.000000 0.000000 0.000000
1786.815186 0.000000 2153.975342 0.000000 0.463253 0.000000 0.886226 1.000000 1.000000 1.000000
1788.365845 0.000000 2149.134033 0.000000 0.999416 0.000000 -0.034185 1.000000 1.000000 1.000000
1780.340698 0.000000 2146.742432 0.000000 0.313727 0.000000 -0.949513 0.000000 0.000000 0.000000
1779.409058 0.000000 2171.892578 0.000000 0.035526 0.000000 0.999369 0.000000 0.000000 0.000000
1784.357544 0.000000 2154.753174 0.000000 0.969309 0.000000 0.245847 0.000000 0.000000 0.000000
1784.373535 0.000000 2146.544678 0.000000 0.974432 0.000000 0.224684 1.000000 1.000000 1.000000
1783.474731 0.000000 2151.476807 0.000000 0.803702 0.000000 -0.595032 0.000000 0.000000 0.000000
1785.682983 0.000000 2148.562012 0.000000 0.876685 0.000000 0.481066 1.000000 1.000000 1.000000
1789.359375 0.000000 2167.479736 0.000000 0.497557 0.000000 -0.867431 0.000000 0.000000 0.000000
1785.029419 0.000000 2152.843018 0.000000 0.621815 0.000000 -0.783164 1.000000 1.000000 1.000000
1788.870728 0.000000 2153.798828 0.000000 0.998944 0.000000 0.045955 1.000000 1.000000 1.000000
1782.278564 0.000000 2146.438232 0.000000 0.259370 0.000000 0.965778 1.000000 1.000000 1.000000
1787.533813 0.000000 2151.980957 0.000000 0.455016 0.000000 0.890483 1.000000 1.000000 1.000000
1789.495117 0.000000 2165.566406 0.000000 0.999716 0.000000 0.023847 0.000000 0.000000 0.000000
1784.122925 0.000000 2149.749756 0.000000 0.466674 0.000000 -0.884430 1.000000 1.000000 1.000000
1802.048218 0.000000 2078.937744 0.000000 0.158451 0.000000 -0.987367 0.000000 0.000000 0.000000
1825.638062 0.000000 2080.206055 0.000000 0.998834 0.000000 -0.048279 0.000000 0.000000 0.000000
1801.597778 0.000000 2083.312988 0.000000 0.356122 0.000000 0.934439 0.000000 0.000000 0.000000
1847.033203 0.000000 2071.885498 0.000000 0.146236 0.000000 0.989250 0.000000 0.000000 0.000000
1834.699829 0.000000 2073.816406 0.000000 0.504127 0.000000 -0.863630 1.000000 1.000000 1.000000
1828.100952 0.000000 2081.298828 0.000000 0.991298 0.000000 -0.131635 1.000000 1.000000 1.000000
1830.885986 0.000000 2077.599121 0.000000 0.999129 0.000000 -0.041722 1.000000 1.000000 1.000000
1837.601929 0.000000 2073.362549 0.000000 0.214131 0.000000 0.976805 1.000000 1.000000 1.000000
1803.346924 0.000000 2081.401611 0.000000 0.998192 0.000000 -0.060102 1.000000 1.000000 1.000000
1825.210693 0.000000 2082.880371 0.000000 0.207757 0.000000 -0.978180 0.000000 0.000000 0.000000
1849.397339 0.000000 2071.587891 0.000000 0.774971 0.000000 0.631997 0.000000 0.000000 0.000000
1832.632446 0.000000 2073.072754 0.000000 0.998596 0.000000 -0.052976 0.000000 0.000000 0.000000
1834.151367 0.000000 2075.948975 0.000000 0.705642 0.000000 -0.708569 1.000000 1.000000 1.000000
1832.666260 0.000000 2079.760010 0.000000 0.928542 0.000000 -0.371227 0.000000 0.000000 0.000000
1828.845703 0.000000 2079.417480 0.000000 0.275529 0.000000 -0.961293 1.000000 1.000000 1.000000
1826.607544 0.000000 2085.831543 0.000000 0.867304 0.000000 -0.497779 0.000000 0.000000 0.000000
1850.464966 0.000000 2069.724854 0.000000 0.968981 0.000000 -0.247136 0.000000 0.000000 0.000000
1832.504761 0.000000 2076.831055 0.000000 0.802557 0.000000 0.596575 1.000000 1.000000 1.000000
1835.631348 0.000000 2076.987305 0.000000 0.972133 0.000000 -0.234431 1.000000 1.000000 1.000000
1797.003174 0.000000 2126.049805 0.000000 0.411910 0.000000 0.911225 0.000000 0.000000 0.000000
1796.861816 0.000000 2117.876465 0.000000 0.901031 0.000000 0.433754 0.000000 0.000000 0.000000
1795.605225 0.000000 2113.198486 0.000000 0.995542 0.000000 0.094320 0.000000 0.000000 0.000000
1792.173096 0.000000 2091.746582 0.000000 0.993883 0.000000 -0.110436 0.000000 0.000000 0.000000
1814.343750 0.000000 2107.314209 0.000000 0.862590 0.000000 -0.505903 0.000000 0.000000 0.000000
1819.115967 0.000000 2108.397217 0.000000 0.976421 0.000000 0.215875 0.000000 0.000000 0.000000
1827.895264 0.000000 2102.435547 0.000000 0.753241 0.000000 -0.657744 1.000000 1.000000 1.000000
1806.452148 0.000000 2145.516602 0.000000 0.499271 0.000000 0.866446 1.000000 1.000000 1.000000
1820.691528 0.000000 2138.014160 0.000000 0.745299 0.000000 -0.666730 0.000000 0.000000 0.000000
1825.762817 0.000000 2101.290527 0.000000 0.337568 0.000000 -0.941301 0.000000 0.000000 0.000000
1804.277832 0.000000 2145.178223 0.000000 0.896328 0.000000 -0.443392 0.000000 0.000000 0.000000
1821.062500 0.000000 2107.598145 0.000000 0.997452 0.000000 -0.071339 1.000000 1.000000 1.000000
1823.909790 0.000000 2104.889404 0.000000 0.632122 0.000000 0.774869 0.000000 0.000000 0.000000
1821.993286 0.000000 2104.719727 0.000000 0.645783 0.000000 -0.763521 0.000000 0.000000 0.000000
1816.050781 0.000000 2107.634766 0.000000 0.389168 0.000000 0.921167 1.000000 1.000000 1.000000
1875.921631 0.000000 2114.247314 0.000000 0.754026 0.000000 0.656845 0.000000 0.000000 0.000000
1797.568970 0.000000 2150.424072 0.000000 0.512864 0.000000 -0.858470 0.000000 0.000000 0.000000
1804.406494 0.000000 2147.354492 0.000000 0.187649 0.000000 0.982236 1.000000 1.000000 1.000000
1802.448364 0.000000 2150.011230 0.000000 0.193640 0.000000 -0.981073 1.000000 1.000000 1.000000
1807.844482 0.000000 2149.533447 0.000000 0.682395 0.000000 0.730984 1.000000 1.000000 1.000000
1811.922729 0.000000 2150.205566 0.000000 0.706538 0.000000 0.707675 0.000000 0.000000 0.000000
1798.927612 0.000000 2152.753662 0.000000 0.985197 0.000000 0.171425 0.000000 0.000000 0.000000
1800.000732 0.000000 2150.467529 0.000000 0.326777 0.000000 0.945101 1.000000 1.000000 1.000000
1806.121460 0.000000 2148.424805 0.000000 0.347078 0.000000 -0.937836 1.000000 1.000000 1.000000
1809.373657 0.000000 2146.512695 0.000000 0.990340 0.000000 0.138659 1.000000 1.000000 1.000000
1809.982788 0.000000 2149.659912 0.000000 0.927140 0.000000 0.374716 1.000000 1.000000 1.000000
1800.096313 0.000000 2148.591309 0.000000 0.713343 0.000000 -0.700815 0.000000 0.000000 0.000000
1804.231934 0.000000 2149.242676 0.000000 0.998428 0.000000 -0.056056 1.000000 1.000000 1.000000
1808.782227 0.000000 2148.115234 0.000000 0.893115 0.000000 0.449829 1.000000 1.000000 1.000000
1802.685181 0.000000 2148.369629 0.000000 0.682588 0.000000 0.730804 1.000000 1.000000 1.000000
2083.530762 0.000000 1858.088501 0.000000 0.982735 0.000000 0.185020 0.000000 0.000000 0.000000
2064.020752 0.000000 1851.728271 0.000000 0.365170 0.000000 0.930941 0.000000 0.000000 0.000000
2052.956787 0.000000 1853.667114 0.000000 0.941936 0.000000 0.335792 0.000000 0.000000 0.000000
2090.064209 0.000000 1858.823853 0.000000 0.025634 0.000000 -0.999671 0.000000 0.000000 0.000000
2086.643555 0.000000 1859.202148 0.000000 0.940921 0.000000 -0.338626 0.000000 0.000000 0.000000
2089.246582 0.000000 1855.811768 0.000000 0.797860 0.000000 0.602843 0.000000 0.000000 0.000000
2101.610352 0.000000 1842.992798 0.000000 0.714310 0.000000 -0.699830 0.000000 0.000000 0.000000
2086.885986 0.000000 1851.661743 0.000000 0.999915 0.000000 0.013037 0.000000 0.000000 0.000000
2086.352295 0.000000 1856.688477 0.000000 0.932089 0.000000 0.362230 1.000000 1.000000 1.000000
2099.473145 0.000000 1847.877930 0.000000 0.915037 0.000000 -0.403370 0.000000 0.000000 0.000000
2090.151367 0.000000 1850.011597 0.000000 0.886996 0.000000 -0.461777 0.000000 0.000000 0.000000
2088.273193 0.000000 1857.715576 0.000000 0.904002 0.000000 0.427528 0.000000 0.000000 0.000000
2088.666260 0.000000 1853.822510 0.000000 0.754731 0.000000 -0.656034 1.000000 1.000000 1.000000
2088.504639 0.000000 1850.893677 0.000000 0.252785 0.000000 0.967522 1.000000 1.000000 1.000000
2091.631348 0.000000 1851.049927 0.000000 0.922461 0.000000 0.386091 0.000000 0.000000 0.000000
2101.498779 0.000000 1844.976196 0.000000 0.206814 0.000000 -0.978380 0.000000 0.000000 0.000000
2130.867188 0.000000 1850.463867 0.000000 0.999426 0.000000 -0.033878 0.000000 0.000000 0.000000
2140.116211 0.000000 1862.915649 0.000000 0.324224 0.000000 -0.945980 1.000000 1.000000 1.000000
2130.130127 0.000000 1852.593262 0.000000 0.953813 0.000000 -0.300400 0.000000 0.000000 0.000000
2075.221924 0.000000 1966.497314 0.000000 0.504001 0.000000 -0.863703 0.000000 0.000000 0.000000
2066.867188 0.000000 1963.432617 0.000000 0.828278 0.000000 -0.560318 1.000000 1.000000 1.000000
2063.659912 0.000000 1971.634033 0.000000 0.982264 0.000000 -0.187503 0.000000 0.000000 0.000000
2077.075928 0.000000 1972.868896 0.000000 0.103681 0.000000 -0.994611 0.000000 0.000000 0.000000
2054.114014 0.000000 1959.427246 0.000000 0.996079 0.000000 0.088469 1.000000 1.000000 1.000000
2050.892334 0.000000 1958.670044 0.000000 0.059687 0.000000 0.998217 1.000000 1.000000 1.000000
2055.290527 0.000000 1955.141113 0.000000 0.861017 0.000000 -0.508575 0.000000 0.000000 0.000000
2060.244629 0.000000 1971.085327 0.000000 0.585966 0.000000 0.810336 0.000000 0.000000 0.000000
2062.452148 0.000000 1976.063477 0.000000 0.525980 0.000000 0.850497 0.000000 0.000000 0.000000
2069.388916 0.000000 1963.694580 0.000000 0.801493 0.000000 -0.598004 1.000000 1.000000 1.000000
2050.786133 0.000000 1955.369385 0.000000 0.860219 0.000000 0.509924 1.000000 1.000000 1.000000
2055.626709 0.000000 1966.818970 0.000000 0.523683 0.000000 0.851914 0.000000 0.000000 0.000000
2050.873291 0.000000 1946.759033 0.000000 0.932478 0.000000 0.361227 0.000000 0.000000 0.000000
2064.434082 0.000000 1950.529907 0.000000 0.978688 0.000000 0.205355 0.000000 0.000000 0.000000
2064.003174 0.000000 1947.771484 0.000000 0.910492 0.000000 -0.413527 1.000000 1.000000 1.000000
2068.386963 0.000000 1947.265869 0.000000 0.797056 0.000000 0.603905 0.000000 0.000000 0.000000
2050.854492 0.000000 1968.015747 0.000000 0.961774 0.000000 0.273843 0.000000 0.000000 0.000000
2055.852051 0.000000 1957.646240 0.000000 0.928959 0.000000 0.370184 0.000000 0.000000 0.000000
2071.550293 0.000000 1962.257690 0.000000 0.891457 0.000000 -0.453105 1.000000 1.000000 1.000000
2049.278564 0.000000 1966.343994 0.000000 0.732078 0.000000 -0.681221 0.000000 0.000000 0.000000
2049.439453 0.000000 1944.848145 0.000000 0.527463 0.000000 -0.849578 0.000000 0.000000 0.000000
2066.931396 0.000000 1951.794922 0.000000 0.778311 0.000000 -0.627879 0.000000 0.000000 0.000000
2049.116211 0.000000 1956.968018 0.000000 0.231971 0.000000 0.972723 1.000000 1.000000 1.000000
2066.112793 0.000000 1946.660400 0.000000 0.974342 0.000000 0.225072 1.000000 1.000000 1.000000
2066.130127 0.000000 1965.562012 0.000000 0.136194 0.000000 -0.990682 1.000000 1.000000 1.000000
2048.164307 0.000000 1976.807861 0.000000 0.858067 0.000000 0.513538 1.000000 1.000000 1.000000
2049.729736 0.000000 1953.061035 0.000000 0.380673 0.000000 -0.924710 1.000000 1.000000 1.000000
2059.567871 0.000000 1960.622070 0.000000 0.260720 0.000000 0.965415 1.000000 1.000000 1.000000
2060.277832 0.000000 1975.724976 0.000000 0.992468 0.000000 -0.122506 1.000000 1.000000 1.000000
2053.188232 0.000000 1963.208862 0.000000 0.613369 0.000000 -0.789797 1.000000 1.000000 1.000000
2069.939941 0.000000 1945.802124 0.000000 0.997505 0.000000 0.070598 0.000000 0.000000 0.000000
2055.299561 0.000000 1961.206909 0.000000 0.219959 0.000000 -0.975509 1.000000 1.000000 1.000000
2053.852539 0.000000 1943.314331 0.000000 0.500931 0.000000 0.865487 0.000000 0.000000 0.000000
2063.977051 0.000000 1969.535889 0.000000 0.540237 0.000000 0.841513 0.000000 0.000000 0.000000
2063.150635 0.000000 1974.079712 0.000000 0.686971 0.000000 0.726685 1.000000 1.000000 1.000000
2059.119385 0.000000 1974.087891 0.000000 0.393780 0.000000 -0.919205 0.000000 0.000000 0.000000
2061.989746 0.000000 1947.383179 0.000000 0.421283 0.000000 -0.906929 0.000000 0.000000 0.000000
2066.017090 0.000000 1944.253418 0.000000 0.986100 0.000000 0.166154 1.000000 1.000000 1.000000
2054.067139 0.000000 1953.604248 0.000000 0.201733 0.000000 -0.979441 0.000000 0.000000 0.000000
2057.040527 0.000000 1961.993286 0.000000 0.672611 0.000000 -0.739996 1.000000 1.000000 1.000000
2077.530273 0.000000 1974.642212 0.000000 0.343743 0.000000 -0.939064 0.000000 0.000000 0.000000
2051.196289 0.000000 1966.219238 0.000000 0.441309 0.000000 0.897355 0.000000 0.000000 0.000000
2050.240967 0.000000 1962.786133 0.000000 0.642533 0.000000 -0.766258 1.000000 1.000000 1.000000
2069.837891 0.000000 1965.416016 0.000000 0.951447 0.000000 -0.307814 1.000000 1.000000 1.000000
2052.483643 0.000000 1954.898560 0.000000 0.752788 0.000000 0.658264 1.000000 1.000000 1.000000
2052.253662 0.000000 1959.834595 0.000000 0.989762 0.000000 0.142725 1.000000 1.000000 1.000000
2053.526123 0.000000 1961.534668 0.000000 0.916963 0.000000 0.398972 1.000000 1.000000 1.000000
2049.866943 0.000000 1976.671875 0.000000 0.850352 0.000000 -0.526214 1.000000 1.000000 1.000000
2060.416504 0.000000 1962.386719 0.000000 0.999766 0.000000 -0.021651 1.000000 1.000000 1.000000
2068.010742 0.000000 1964.678101 0.000000 0.492233 0.000000 -0.870463 1.000000 1.000000 1.000000
2065.260742 0.000000 1963.033081 0.000000 0.067224 0.000000 -0.997738 1.000000 1.000000 1.000000
2060.406494 0.000000 1977.901489 0.000000 0.694364 0.000000 -0.719624 0.000000 0.000000 0.000000
2050.492188 0.000000 1980.542725 0.000000 0.163092 0.000000 -0.986611 0.000000 0.000000 0.000000
2050.304932 0.000000 1978.302979 0.000000 0.948281 0.000000 -0.317433 1.000000 1.000000 1.000000
2338.996826 0.000000 1976.432129 0.000000 0.747559 0.000000 0.664196 0.000000 0.000000 0.000000
2346.622314 0.000000 1974.493774 0.000000 0.997578 0.000000 0.069553 0.000000 0.000000 0.000000
2351.961914 0.000000 1975.728638 0.000000 0.288586 0.000000 -0.957454 0.000000 0.000000 0.000000
2346.134033 0.000000 1981.090454 0.000000 0.950062 0.000000 0.312060 0.000000 0.000000 0.000000
2338.139648 0.000000 1978.679443 0.000000 0.236794 0.000000 -0.971560 0.000000 0.000000 0.000000
2383.347656 0.000000 1977.237183 0.000000 0.877293 0.000000 -0.479955 0.000000 0.000000 0.000000
"}
