object={
	name="latin_dynamic_mining_objects_generator_1_0"
	clamp_to_water_level=no
	render_under_water=no
	generated_content=yes
	layer="mines_dynamic"
	pdxmesh="latin_mining_coaldepo_01_mesh"
	count=35
	transform="2402.996826 0.000000 1581.041504 0.000000 0.775452 0.000000 0.631406 0.000000 0.000000 0.000000
2398.662598 0.000000 1571.268555 0.000000 0.457531 0.000000 0.889194 1.000000 1.000000 1.000000
2377.453857 0.000000 1587.881836 0.000000 0.895346 0.000000 0.445372 0.000000 0.000000 0.000000
2379.269287 0.000000 1590.892578 0.000000 0.178594 0.000000 0.983923 1.000000 1.000000 1.000000
2451.922852 0.000000 1698.330688 0.000000 0.930943 0.000000 0.365164 0.000000 0.000000 0.000000
1852.341309 0.000000 1917.152222 0.000000 0.797071 0.000000 0.603885 1.000000 1.000000 1.000000
1869.883423 0.000000 1912.480591 0.000000 0.107751 0.000000 0.994178 0.000000 0.000000 0.000000
1877.636475 0.000000 1918.486572 0.000000 0.619508 0.000000 0.784990 0.000000 0.000000 0.000000
1865.888916 0.000000 1919.249390 0.000000 0.087735 0.000000 0.996144 0.000000 0.000000 0.000000
1875.100220 0.000000 1916.731323 0.000000 0.153140 0.000000 0.988204 0.000000 0.000000 0.000000
1870.452148 0.000000 1919.579102 0.000000 0.831548 0.000000 0.555453 1.000000 1.000000 1.000000
1974.872192 0.000000 1910.318726 0.000000 0.734707 0.000000 0.678384 0.000000 0.000000 0.000000
1965.059937 0.000000 1906.376221 0.000000 0.688302 0.000000 0.725425 0.000000 0.000000 0.000000
1973.811401 0.000000 1905.283447 0.000000 0.610373 0.000000 0.792114 0.000000 0.000000 0.000000
1966.444580 0.000000 1915.346558 0.000000 0.926546 0.000000 0.376181 0.000000 0.000000 0.000000
1969.605835 0.000000 1916.838257 0.000000 0.838181 0.000000 0.545391 0.000000 0.000000 0.000000
1978.107300 0.000000 1919.184814 0.000000 0.763780 0.000000 0.645477 1.000000 1.000000 1.000000
1980.341309 0.000000 1917.152222 0.000000 0.878155 0.000000 0.478376 1.000000 1.000000 1.000000
1958.352295 0.000000 1913.172852 0.000000 0.776996 0.000000 0.629505 0.000000 0.000000 0.000000
1970.714722 0.000000 1914.457275 0.000000 0.735427 0.000000 0.677604 0.000000 0.000000 0.000000
1993.888916 0.000000 1919.249390 0.000000 0.423837 0.000000 0.905738 0.000000 0.000000 0.000000
1965.456909 0.000000 1924.682251 0.000000 0.876228 0.000000 0.481897 0.000000 0.000000 0.000000
2053.003174 0.000000 1843.628052 0.000000 0.868224 0.000000 0.496172 0.000000 0.000000 0.000000
2048.390625 0.000000 1851.050171 0.000000 0.284625 0.000000 0.958639 0.000000 0.000000 0.000000
2061.152832 0.000000 1852.731079 0.000000 0.167540 0.000000 0.985865 0.000000 0.000000 0.000000
2054.114014 0.000000 1846.458496 0.000000 0.500224 0.000000 0.865896 0.000000 0.000000 0.000000
2059.714111 0.000000 1845.503174 0.000000 0.908289 0.000000 0.418344 0.000000 0.000000 0.000000
2059.346924 0.000000 1855.463989 0.000000 0.774860 0.000000 0.632133 0.000000 0.000000 0.000000
2102.117188 0.000000 1871.005737 0.000000 0.134516 0.000000 0.990911 0.000000 0.000000 0.000000
2098.317383 0.000000 1867.175537 0.000000 0.798210 0.000000 0.602380 0.000000 0.000000 0.000000
2105.786621 0.000000 1868.509155 0.000000 0.715446 0.000000 0.698668 1.000000 1.000000 1.000000
2106.815186 0.000000 1871.553467 0.000000 0.817147 0.000000 0.576429 0.000000 0.000000 0.000000
2100.340576 0.000000 1864.320435 0.000000 0.750540 0.000000 0.660824 1.000000 1.000000 1.000000
2457.268799 0.000000 1936.877930 0.000000 0.779894 0.000000 0.625912 0.000000 0.000000 0.000000
2462.773926 0.000000 1936.940430 0.000000 0.932820 0.000000 0.360342 0.000000 0.000000 0.000000
"}
object={
	name="latin_dynamic_mining_objects_generator_1_1"
	clamp_to_water_level=no
	render_under_water=no
	generated_content=yes
	layer="mines_dynamic"
	pdxmesh="generic_rural_mining_coaldepo_02_mesh"
	count=29
	transform="2381.066650 0.000000 1578.294312 0.000000 0.906867 0.000000 -0.421416 0.000000 0.000000 0.000000
2385.626221 0.000000 1586.771973 0.000000 0.994821 0.000000 -0.101638 0.000000 0.000000 0.000000
2385.653076 0.000000 1590.031860 0.000000 0.865378 0.000000 -0.501120 1.000000 1.000000 1.000000
2454.302246 0.000000 1699.585327 0.000000 0.999932 0.000000 -0.011629 0.000000 0.000000 0.000000
1851.743408 0.000000 1914.711914 0.000000 0.999905 0.000000 -0.013801 1.000000 1.000000 1.000000
1869.066528 0.000000 1917.200562 0.000000 0.972559 0.000000 -0.232658 0.000000 0.000000 0.000000
1956.176392 0.000000 1908.004028 0.000000 0.957480 0.000000 0.288500 0.000000 0.000000 0.000000
1976.579102 0.000000 1913.146729 0.000000 0.959697 0.000000 0.281037 0.000000 0.000000 0.000000
1958.643433 0.000000 1915.686523 0.000000 0.992206 0.000000 -0.124607 0.000000 0.000000 0.000000
1972.391968 0.000000 1912.371094 0.000000 0.997227 0.000000 0.074418 0.000000 0.000000 0.000000
1956.100952 0.000000 1911.845703 0.000000 0.999984 0.000000 -0.005610 1.000000 1.000000 1.000000
1979.743408 0.000000 1914.711914 0.000000 0.960025 0.000000 -0.279915 1.000000 1.000000 1.000000
1990.827515 0.000000 1919.983276 0.000000 0.964004 0.000000 0.265888 0.000000 0.000000 0.000000
1987.898438 0.000000 1916.740967 0.000000 0.996367 0.000000 0.085168 1.000000 1.000000 1.000000
1988.256348 0.000000 1919.500122 0.000000 0.832013 0.000000 -0.554757 1.000000 1.000000 1.000000
1868.406494 0.000000 1921.417114 0.000000 0.986850 0.000000 0.161640 0.000000 0.000000 0.000000
1962.133911 0.000000 1924.606079 0.000000 0.912186 0.000000 -0.409777 0.000000 0.000000 0.000000
1961.897095 0.000000 1920.497070 0.000000 0.988675 0.000000 0.150075 0.000000 0.000000 0.000000
1967.681152 0.000000 1923.370605 0.000000 0.865792 0.000000 -0.500403 1.000000 1.000000 1.000000
2055.290527 0.000000 1850.345093 0.000000 0.925945 0.000000 -0.377659 0.000000 0.000000 0.000000
2103.010986 0.000000 1862.452881 0.000000 0.995654 0.000000 -0.093126 0.000000 0.000000 0.000000
2052.219482 0.000000 1840.134155 0.000000 0.981270 0.000000 0.192636 0.000000 0.000000 0.000000
2058.748779 0.000000 1849.692871 0.000000 0.899098 0.000000 -0.437747 0.000000 0.000000 0.000000
2100.968994 0.000000 1868.342285 0.000000 0.974459 0.000000 -0.224567 0.000000 0.000000 0.000000
2083.373291 0.000000 1947.412109 0.000000 0.831602 0.000000 -0.555373 0.000000 0.000000 0.000000
2465.456543 0.000000 1934.393677 0.000000 0.941634 0.000000 -0.336638 0.000000 0.000000 0.000000
2471.553711 0.000000 1937.671021 0.000000 0.968172 0.000000 -0.250285 0.000000 0.000000 0.000000
2482.335205 0.000000 1941.361816 0.000000 0.999062 0.000000 -0.043301 0.000000 0.000000 0.000000
2459.115967 0.000000 1938.943970 0.000000 0.992178 0.000000 -0.124833 0.000000 0.000000 0.000000
"}
object={
	name="latin_dynamic_mining_objects_generator_1_2"
	clamp_to_water_level=no
	render_under_water=no
	generated_content=yes
	layer="mines_dynamic"
	pdxmesh="generic_rural_mining_pile_01_mesh"
	count=5
	transform="2380.406494 0.000000 1582.510864 0.000000 0.806299 0.000000 -0.591508 0.000000 0.000000 0.000000
2055.290527 0.000000 1842.172363 0.000000 0.734837 0.000000 -0.678244 0.000000 0.000000 0.000000
2055.626709 0.000000 1853.850220 0.000000 0.693801 0.000000 -0.720167 0.000000 0.000000 0.000000
2478.165527 0.000000 1938.010986 0.000000 0.780341 0.000000 -0.625355 0.000000 0.000000 0.000000
2472.221680 0.000000 1940.911987 0.000000 0.812600 0.000000 -0.582822 1.000000 1.000000 1.000000
"}
object={
	name="latin_dynamic_mining_objects_generator_1_3"
	clamp_to_water_level=no
	render_under_water=no
	generated_content=yes
	layer="mines_dynamic"
	pdxmesh="generic_rural_mining_pile_02_mesh"
	count=8
	transform="2381.243652 0.000000 1588.803589 0.000000 0.477218 0.000000 -0.878785 1.000000 1.000000 1.000000
2378.448242 0.000000 1585.167480 0.000000 0.651134 0.000000 -0.758963 0.000000 0.000000 0.000000
2383.844482 0.000000 1584.689697 0.000000 0.624114 0.000000 -0.781334 1.000000 1.000000 1.000000
1865.597778 0.000000 1913.859863 0.000000 0.657212 0.000000 -0.753706 0.000000 0.000000 0.000000
1859.898438 0.000000 1916.740967 0.000000 0.635603 0.000000 -0.772016 0.000000 0.000000 0.000000
1983.022949 0.000000 1918.149902 0.000000 0.652939 0.000000 -0.757410 1.000000 1.000000 1.000000
1965.901245 0.000000 1921.423218 0.000000 0.598920 0.000000 -0.800809 0.000000 0.000000 0.000000
1972.968994 0.000000 1924.826660 0.000000 0.512207 0.000000 -0.858862 0.000000 0.000000 0.000000
"}
object={
	name="latin_dynamic_mining_objects_generator_1_4"
	clamp_to_water_level=no
	render_under_water=no
	generated_content=yes
	layer="mines_dynamic"
	pdxmesh="generic_rural_mining_entrance_01_mesh"
	count=4
	transform="3172.294922 0.000000 1189.828613 0.000000 0.285990 0.000000 -0.958233 0.000000 0.000000 0.000000
1975.010986 0.000000 1918.937256 0.000000 0.253739 0.000000 -0.967273 0.000000 0.000000 0.000000
1970.317383 0.000000 1923.659912 0.000000 0.288347 0.000000 -0.957526 0.000000 0.000000 0.000000
2051.168213 0.000000 1851.452637 0.000000 0.315405 0.000000 -0.948957 1.000000 1.000000 1.000000
"}
object={
	name="latin_dynamic_mining_objects_generator_1_5"
	clamp_to_water_level=no
	render_under_water=no
	generated_content=yes
	layer="mines_dynamic"
	pdxmesh="generic_rural_mining_entrance_02_mesh"
	count=3
	transform="1974.117310 0.000000 1927.490112 0.000000 0.087472 0.000000 -0.996167 0.000000 0.000000 0.000000
1980.365845 0.000000 1923.196411 0.000000 0.174419 0.000000 -0.984672 1.000000 1.000000 1.000000
2461.587891 0.000000 1940.136475 0.000000 0.068787 0.000000 -0.997631 0.000000 0.000000 0.000000
"}
