object={
	name="latin_dynamic_farmland_objects_generator_1_0"
	clamp_to_water_level=no
	render_under_water=no
	generated_content=yes
	layer="farms_dynamic"
	pdxmesh="latin_farm_farmstead_01_mesh"
	count=34
	transform="2047.957886 0.000000 1828.399048 0.000000 0.581045 0.000000 0.813872 0.000000 0.000000 0.000000
1661.658813 0.000000 2068.753174 0.000000 0.405781 0.000000 0.913970 0.000000 0.000000 0.000000
1686.477783 0.000000 2068.330811 0.000000 0.395526 0.000000 0.918455 0.000000 0.000000 0.000000
1702.581177 0.000000 2068.562012 0.000000 0.708850 0.000000 0.705359 0.000000 0.000000 0.000000
1684.094971 0.000000 2048.838379 0.000000 0.737886 0.000000 0.674926 1.000000 1.000000 1.000000
1671.213501 0.000000 2071.637451 0.000000 0.021304 0.000000 0.999773 1.000000 1.000000 1.000000
1852.832764 0.000000 2065.759277 0.000000 0.020252 0.000000 0.999795 1.000000 1.000000 1.000000
1850.504395 0.000000 2057.196289 0.000000 0.647261 0.000000 0.762268 1.000000 1.000000 1.000000
1863.671631 0.000000 2058.293945 0.000000 0.372396 0.000000 0.928074 0.000000 0.000000 0.000000
2111.487305 0.000000 1837.727661 0.000000 0.629373 0.000000 0.777103 0.000000 0.000000 0.000000
2058.351318 0.000000 1828.378906 0.000000 0.716198 0.000000 0.697897 0.000000 0.000000 0.000000
2080.448975 0.000000 1833.495361 0.000000 0.119715 0.000000 0.992808 1.000000 1.000000 1.000000
2099.016113 0.000000 1828.351074 0.000000 0.500224 0.000000 0.865896 0.000000 0.000000 0.000000
2048.936035 0.000000 1830.109497 0.000000 0.300124 0.000000 0.953900 1.000000 1.000000 1.000000
2081.448975 0.000000 1830.796753 0.000000 0.471698 0.000000 0.881760 1.000000 1.000000 1.000000
2078.952637 0.000000 1827.012329 0.000000 0.324966 0.000000 0.945726 1.000000 1.000000 1.000000
2075.635498 0.000000 1830.550415 0.000000 0.589476 0.000000 0.807786 1.000000 1.000000 1.000000
2084.029297 0.000000 1826.052734 0.000000 0.700563 0.000000 0.713591 1.000000 1.000000 1.000000
2073.283936 0.000000 1829.117798 0.000000 0.729304 0.000000 0.684189 1.000000 1.000000 1.000000
2119.671631 0.000000 1832.356567 0.000000 0.620643 0.000000 0.784093 0.000000 0.000000 0.000000
2143.758545 0.000000 1837.659668 0.000000 0.738407 0.000000 0.674356 0.000000 0.000000 0.000000
2134.477783 0.000000 1842.393311 0.000000 0.430281 0.000000 0.902695 1.000000 1.000000 1.000000
2116.032471 0.000000 1839.111572 0.000000 0.078499 0.000000 0.996914 0.000000 0.000000 0.000000
2173.212891 0.000000 1832.891724 0.000000 0.032894 0.000000 0.999459 1.000000 1.000000 1.000000
2124.552734 0.000000 1833.694092 0.000000 0.725528 0.000000 0.688192 0.000000 0.000000 0.000000
2122.351318 0.000000 1828.378906 0.000000 0.436555 0.000000 0.899678 0.000000 0.000000 0.000000
2116.755371 0.000000 1835.372681 0.000000 0.007461 0.000000 0.999972 1.000000 1.000000 1.000000
2112.894775 0.000000 1837.800171 0.000000 0.501909 0.000000 0.864920 0.000000 0.000000 0.000000
2118.724365 0.000000 1841.007446 0.000000 0.656645 0.000000 0.754200 0.000000 0.000000 0.000000
2146.857422 0.000000 1836.628906 0.000000 0.779334 0.000000 0.626608 0.000000 0.000000 0.000000
2145.099609 0.000000 1841.449707 0.000000 0.022940 0.000000 0.999737 1.000000 1.000000 1.000000
2170.631836 0.000000 1842.636475 0.000000 0.103480 0.000000 0.994632 0.000000 0.000000 0.000000
2145.448975 0.000000 1830.796753 0.000000 0.755045 0.000000 0.655674 1.000000 1.000000 1.000000
2191.273193 0.000000 1829.418579 0.000000 0.424040 0.000000 0.905644 0.000000 0.000000 0.000000
"}
object={
	name="latin_dynamic_farmland_objects_generator_1_1"
	clamp_to_water_level=no
	render_under_water=no
	generated_content=yes
	layer="farms_dynamic"
	pdxmesh="latin_farm_scatter_01_mesh"
	count=20
	transform="2009.681030 0.000000 1841.277466 0.000000 0.841522 0.000000 0.540224 1.000000 1.000000 1.000000
2018.857544 0.000000 1836.628906 0.000000 0.850323 0.000000 0.526261 1.000000 1.000000 1.000000
1668.755371 0.000000 2061.310059 0.000000 0.881270 0.000000 0.472614 0.000000 0.000000 0.000000
1722.631714 0.000000 2068.573975 0.000000 0.997453 0.000000 -0.071330 1.000000 1.000000 1.000000
1714.798096 0.000000 2070.118652 0.000000 0.999162 0.000000 -0.040939 1.000000 1.000000 1.000000
1772.083374 0.000000 2053.498535 0.000000 0.992279 0.000000 -0.124023 0.000000 0.000000 0.000000
2066.127686 0.000000 1820.776001 0.000000 0.874891 0.000000 0.484320 0.000000 0.000000 0.000000
2051.837158 0.000000 1831.062134 0.000000 0.864526 0.000000 0.502588 0.000000 0.000000 0.000000
2060.526855 0.000000 1830.545776 0.000000 0.915433 0.000000 0.402470 1.000000 1.000000 1.000000
2084.759766 0.000000 1828.876221 0.000000 0.803069 0.000000 0.595886 1.000000 1.000000 1.000000
2150.231201 0.000000 1846.029053 0.000000 0.916301 0.000000 0.400490 0.000000 0.000000 0.000000
2121.063721 0.000000 1837.962036 0.000000 0.867872 0.000000 0.496788 1.000000 1.000000 1.000000
2171.211426 0.000000 1837.118164 0.000000 0.820216 0.000000 0.572055 0.000000 0.000000 0.000000
2147.666992 0.000000 1843.986206 0.000000 0.987138 0.000000 0.159872 1.000000 1.000000 1.000000
2144.448975 0.000000 1833.495361 0.000000 0.999996 0.000000 -0.002724 1.000000 1.000000 1.000000
2153.967773 0.000000 1837.317871 0.000000 0.996261 0.000000 0.086394 1.000000 1.000000 1.000000
2173.032959 0.000000 1829.688110 0.000000 0.976484 0.000000 0.215589 1.000000 1.000000 1.000000
2194.817383 0.000000 1837.943848 0.000000 0.967874 0.000000 -0.251437 1.000000 1.000000 1.000000
2176.163086 0.000000 1842.246582 0.000000 0.883803 0.000000 0.467859 1.000000 1.000000 1.000000
2182.424561 0.000000 1827.860107 0.000000 0.978995 0.000000 0.203883 0.000000 0.000000 0.000000
"}
object={
	name="latin_dynamic_farmland_objects_generator_1_2"
	clamp_to_water_level=no
	render_under_water=no
	generated_content=yes
	layer="farms_dynamic"
	pdxmesh="latin_farm_scatter_02_mesh"
	count=26
	transform="2032.580444 0.000000 1837.940796 0.000000 0.897743 0.000000 -0.440520 0.000000 0.000000 0.000000
2031.537231 0.000000 1834.628418 0.000000 0.778228 0.000000 -0.627981 1.000000 1.000000 1.000000
2042.504395 0.000000 1831.258911 0.000000 0.954307 0.000000 -0.298829 1.000000 1.000000 1.000000
2012.947998 0.000000 1837.571777 0.000000 0.940361 0.000000 -0.340178 1.000000 1.000000 1.000000
1690.709839 0.000000 2070.477539 0.000000 0.886759 0.000000 -0.462231 0.000000 0.000000 0.000000
1674.351440 0.000000 2054.316406 0.000000 0.784064 0.000000 -0.620680 1.000000 1.000000 1.000000
1685.668701 0.000000 2043.226440 0.000000 0.955317 0.000000 -0.295583 1.000000 1.000000 1.000000
1682.190552 0.000000 2042.959717 0.000000 0.825243 0.000000 -0.564778 0.000000 0.000000 0.000000
1675.406128 0.000000 2066.508301 0.000000 0.512677 0.000000 -0.858581 0.000000 0.000000 0.000000
1697.099731 0.000000 2067.387207 0.000000 0.957940 0.000000 -0.286968 0.000000 0.000000 0.000000
1673.604492 0.000000 2060.891846 0.000000 0.892245 0.000000 -0.451551 1.000000 1.000000 1.000000
1677.099609 0.000000 2053.214111 0.000000 0.854565 0.000000 -0.519345 1.000000 1.000000 1.000000
1680.939697 0.000000 2049.366211 0.000000 0.906985 0.000000 -0.421162 1.000000 1.000000 1.000000
1840.580444 0.000000 2063.878174 0.000000 0.656640 0.000000 -0.754204 0.000000 0.000000 0.000000
2067.007568 0.000000 1825.578369 0.000000 0.935678 0.000000 -0.352855 1.000000 1.000000 1.000000
2068.094971 0.000000 1822.900879 0.000000 0.635804 0.000000 -0.771851 1.000000 1.000000 1.000000
2073.706787 0.000000 1821.139404 0.000000 0.592193 0.000000 -0.805796 1.000000 1.000000 1.000000
2112.163086 0.000000 1842.246582 0.000000 0.781973 0.000000 -0.623312 1.000000 1.000000 1.000000
2125.507080 0.000000 1843.314453 0.000000 0.824291 0.000000 -0.566166 0.000000 0.000000 0.000000
2141.530273 0.000000 1834.792358 0.000000 0.909494 0.000000 -0.415716 0.000000 0.000000 0.000000
2153.204590 0.000000 1844.061401 0.000000 0.591762 0.000000 -0.806113 0.000000 0.000000 0.000000
2123.406250 0.000000 1840.570801 0.000000 0.637552 0.000000 -0.770408 0.000000 0.000000 0.000000
2167.819336 0.000000 1826.330933 0.000000 0.814601 0.000000 -0.580021 1.000000 1.000000 1.000000
2148.759766 0.000000 1828.876221 0.000000 0.537802 0.000000 -0.843071 1.000000 1.000000 1.000000
2176.894775 0.000000 1837.800171 0.000000 0.445962 0.000000 -0.895052 1.000000 1.000000 1.000000
2182.724365 0.000000 1841.007446 0.000000 0.383547 0.000000 -0.923522 0.000000 0.000000 0.000000
"}
object={
	name="latin_dynamic_farmland_objects_generator_1_3"
	clamp_to_water_level=no
	render_under_water=no
	generated_content=yes
	layer="farms_dynamic"
	pdxmesh="windmill_01_mesh"
	count=17
	transform="2025.563477 0.000000 1833.990967 0.000000 0.217411 0.000000 -0.976080 0.000000 0.000000 0.000000
2037.519043 0.000000 1834.125366 0.000000 0.201473 0.000000 -0.979494 1.000000 1.000000 1.000000
1712.648071 0.000000 2073.913330 0.000000 0.088171 0.000000 -0.996105 1.000000 1.000000 1.000000
1676.526733 0.000000 2056.483398 0.000000 0.233250 0.000000 -0.972417 1.000000 1.000000 1.000000
1680.244385 0.000000 2062.635254 0.000000 0.003662 0.000000 -0.999993 1.000000 1.000000 1.000000
1680.186279 0.000000 2052.588867 0.000000 0.252818 0.000000 -0.967514 1.000000 1.000000 1.000000
1773.516602 0.000000 2048.170898 0.000000 0.128893 0.000000 -0.991658 0.000000 0.000000 0.000000
1865.866211 0.000000 2072.509766 0.000000 0.027134 0.000000 -0.999632 0.000000 0.000000 0.000000
2050.500488 0.000000 1827.244019 0.000000 0.094517 0.000000 -0.995523 0.000000 0.000000 0.000000
2070.937256 0.000000 1821.927368 0.000000 0.145179 0.000000 -0.989405 1.000000 1.000000 1.000000
2069.235596 0.000000 1827.361084 0.000000 0.066365 0.000000 -0.997795 1.000000 1.000000 1.000000
2127.130859 0.000000 1846.871826 0.000000 0.329133 0.000000 -0.944283 0.000000 0.000000 0.000000
2148.276123 0.000000 1840.746704 0.000000 0.312395 0.000000 -0.949952 0.000000 0.000000 0.000000
2129.256836 0.000000 1842.214844 0.000000 0.344081 0.000000 -0.938940 0.000000 0.000000 0.000000
2124.526855 0.000000 1830.545776 0.000000 0.008975 0.000000 -0.999960 0.000000 0.000000 0.000000
2150.469482 0.000000 1834.093994 0.000000 0.213229 0.000000 -0.977002 1.000000 1.000000 1.000000
2176.936035 0.000000 1830.109497 0.000000 0.029459 0.000000 -0.999566 1.000000 1.000000 1.000000
"}
