object={
	name="oak_generator_1_0"
	clamp_to_water_level=no
	render_under_water=no
	generated_content=yes
	layer="semidynamic"
	pdxmesh="oak_tree_01_mesh"
	count=194
	transform="3733.436035 0.000000 1802.313599 0.000000 0.553383 0.000000 0.832927 0.336367 0.336367 0.336367
3840.164307 0.000000 1807.354736 0.000000 0.046473 0.000000 0.998920 0.326558 0.326558 0.326558
1913.729980 0.000000 2187.195801 0.000000 0.573989 0.000000 0.818863 0.332982 0.332982 0.332982
1926.656738 0.000000 2308.192871 0.000000 0.438920 0.000000 0.898526 0.332441 0.332441 0.332441
1994.448364 0.000000 2319.464355 0.000000 0.504790 0.000000 0.863242 0.328565 0.328565 0.328565
1988.014893 0.000000 2321.946533 0.000000 0.475536 0.000000 0.879696 0.333183 0.333183 0.333183
3742.227295 0.000000 1812.057373 0.000000 0.255112 0.000000 0.966912 0.328147 0.328147 0.328147
3736.358154 0.000000 1816.010986 0.000000 0.212344 0.000000 0.977195 0.330853 0.330853 0.330853
3729.653076 0.000000 1815.969360 0.000000 0.498581 0.000000 0.866843 0.332862 0.332862 0.332862
3827.006592 0.000000 1815.945068 0.000000 0.535916 0.000000 0.844271 0.336561 0.336561 0.336561
3836.365723 0.000000 1810.227661 0.000000 0.061818 0.000000 0.998087 0.320861 0.320861 0.320861
3862.343750 0.000000 1824.892212 0.000000 0.147335 0.000000 0.989087 0.327993 0.327993 0.327993
3876.294922 0.000000 1811.156738 0.000000 0.581189 0.000000 0.813769 0.332391 0.332391 0.332391
3879.437012 0.000000 1834.881958 0.000000 0.533984 0.000000 0.845494 0.332129 0.332129 0.332129
3878.985352 0.000000 1839.364380 0.000000 0.419995 0.000000 0.907527 0.330074 0.330074 0.330074
3842.422852 0.000000 1835.899658 0.000000 0.472060 0.000000 0.881566 0.331801 0.331801 0.331801
4049.893799 0.000000 1820.814819 0.000000 0.489830 0.000000 0.871818 0.337231 0.337231 0.337231
4534.755859 0.000000 760.392273 0.000000 0.034576 0.000000 0.999402 0.328120 0.328120 0.328120
4539.206543 0.000000 990.215149 0.000000 0.385927 0.000000 0.922529 0.333322 0.333322 0.333322
4585.423340 0.000000 992.656616 0.000000 0.482825 0.000000 0.875717 0.337881 0.337881 0.337881
4591.365234 0.000000 991.038025 0.000000 0.180806 0.000000 0.983519 0.333555 0.333555 0.333555
4829.260254 0.000000 994.503601 0.000000 0.239526 0.000000 0.970890 0.324163 0.324163 0.324163
4894.667969 0.000000 996.615723 0.000000 0.142032 0.000000 0.989862 0.323168 0.323168 0.323168
5104.887695 0.000000 1549.953613 0.000000 0.060383 0.000000 0.998175 0.322615 0.322615 0.322615
5106.278320 0.000000 1555.786987 0.000000 0.360008 0.000000 0.932949 0.333713 0.333713 0.333713
5064.260254 0.000000 1534.083740 0.000000 0.561132 0.000000 0.827726 0.330277 0.330277 0.330277
5118.830566 0.000000 1572.313232 0.000000 0.063340 0.000000 0.997992 0.329386 0.329386 0.329386
5082.616211 0.000000 1549.160522 0.000000 0.423466 0.000000 0.905912 0.333311 0.333311 0.333311
5100.193359 0.000000 1546.022705 0.000000 0.011252 0.000000 0.999937 0.318317 0.318317 0.318317
5116.341309 0.000000 1578.245972 0.000000 0.339675 0.000000 0.940543 0.329943 0.329943 0.329943
5089.496582 0.000000 1549.308838 0.000000 0.060671 0.000000 0.998158 0.327437 0.327437 0.327437
5102.630859 0.000000 1548.854736 0.000000 0.514192 0.000000 0.857675 0.334824 0.334824 0.334824
5108.417969 0.000000 1555.403198 0.000000 0.457615 0.000000 0.889151 0.332818 0.332818 0.332818
5078.294922 0.000000 1532.551270 0.000000 0.347450 0.000000 0.937699 0.328644 0.328644 0.328644
5094.302734 0.000000 1538.144775 0.000000 0.475077 0.000000 0.879944 0.327864 0.327864 0.327864
4925.258301 0.000000 1593.576782 0.000000 0.504167 0.000000 0.863606 0.334835 0.334835 0.334835
5868.193359 0.000000 1715.475830 0.000000 0.288705 0.000000 0.957418 0.326997 0.326997 0.326997
5879.370605 0.000000 1728.186646 0.000000 0.198803 0.000000 0.980039 0.329640 0.329640 0.329640
5905.893555 0.000000 1764.330444 0.000000 0.128184 0.000000 0.991750 0.330403 0.330403 0.330403
5907.258789 0.000000 1789.909180 0.000000 0.540469 0.000000 0.841364 0.329514 0.329514 0.329514
5897.114258 0.000000 1781.129395 0.000000 0.392645 0.000000 0.919690 0.330366 0.330366 0.330366
7451.974121 0.000000 483.604523 0.000000 0.245556 0.000000 0.969382 0.333126 0.333126 0.333126
7432.260254 0.000000 460.880676 0.000000 0.301143 0.000000 0.953579 0.328834 0.328834 0.328834
4098.873047 0.000000 1833.790283 0.000000 0.372992 0.000000 0.927834 0.332448 0.332448 0.332448
4900.101074 0.000000 1855.361328 0.000000 0.432881 0.000000 0.901451 0.329980 0.329980 0.329980
4871.290527 0.000000 1842.172363 0.000000 0.191728 0.000000 0.981448 0.328690 0.328690 0.328690
4871.626953 0.000000 1853.850220 0.000000 0.546347 0.000000 0.837559 0.331956 0.331956 0.331956
4930.854492 0.000000 1855.046997 0.000000 0.479187 0.000000 0.877713 0.332171 0.332171 0.332171
4927.211914 0.000000 1874.816162 0.000000 0.264290 0.000000 0.964443 0.321529 0.321529 0.321529
4178.867188 0.000000 2584.760742 0.000000 0.102559 0.000000 0.994727 0.328129 0.328129 0.328129
4529.258789 0.000000 2635.738281 0.000000 0.367867 0.000000 0.929878 0.327828 0.327828 0.327828
4577.639160 0.000000 2628.318848 0.000000 0.501150 0.000000 0.865361 0.334647 0.334647 0.334647
4566.596680 0.000000 2618.812500 0.000000 0.117235 0.000000 0.993104 0.330126 0.330126 0.330126
4547.605469 0.000000 2621.557861 0.000000 0.293119 0.000000 0.956076 0.321629 0.321629 0.321629
4578.040527 0.000000 2616.586182 0.000000 0.319205 0.000000 0.947686 0.325233 0.325233 0.325233
4603.742676 0.000000 2635.958252 0.000000 0.432092 0.000000 0.901830 0.327067 0.327067 0.327067
4579.373047 0.000000 2625.224609 0.000000 0.270377 0.000000 0.962755 0.332944 0.332944 0.332944
4564.109863 0.000000 2609.970947 0.000000 0.286974 0.000000 0.957938 0.322660 0.322660 0.322660
4589.602051 0.000000 2638.206299 0.000000 0.068694 0.000000 0.997638 0.324669 0.324669 0.324669
4571.115234 0.000000 2627.564941 0.000000 0.027285 0.000000 0.999628 0.323835 0.323835 0.323835
4546.786133 0.000000 2633.181885 0.000000 0.024101 0.000000 0.999710 0.321348 0.321348 0.321348
4595.473145 0.000000 2638.659180 0.000000 0.107026 0.000000 0.994256 0.327620 0.327620 0.327620
4583.437012 0.000000 2625.663086 0.000000 0.219936 0.000000 0.975514 0.321238 0.321238 0.321238
4547.928711 0.000000 2628.413086 0.000000 0.131950 0.000000 0.991256 0.323793 0.323793 0.323793
4575.885254 0.000000 2617.471436 0.000000 0.121788 0.000000 0.992556 0.325949 0.325949 0.325949
4595.339844 0.000000 2633.570557 0.000000 0.189649 0.000000 0.981852 0.328476 0.328476 0.328476
4546.422852 0.000000 2626.680908 0.000000 0.549760 0.000000 0.835323 0.331901 0.331901 0.331901
4628.194824 0.000000 2644.194092 0.000000 0.272250 0.000000 0.962227 0.321879 0.321879 0.321879
4608.390625 0.000000 2641.831299 0.000000 0.479424 0.000000 0.877583 0.334141 0.334141 0.334141
4623.784668 0.000000 2640.104004 0.000000 0.575228 0.000000 0.817993 0.328656 0.328656 0.328656
4639.716309 0.000000 2638.731934 0.000000 0.408640 0.000000 0.912696 0.330157 0.330157 0.330157
4845.791016 0.000000 2668.103760 0.000000 0.154733 0.000000 0.987956 0.333365 0.333365 0.333365
4907.534668 0.000000 2670.755371 0.000000 0.017668 0.000000 0.999844 0.317701 0.317701 0.317701
4879.212891 0.000000 2667.218994 0.000000 0.314652 0.000000 0.949207 0.330383 0.330383 0.330383
4884.109863 0.000000 2666.455322 0.000000 0.510092 0.000000 0.860120 0.326927 0.326927 0.326927
4899.895020 0.000000 2667.279297 0.000000 0.551342 0.000000 0.834279 0.333401 0.333401 0.333401
4891.921387 0.000000 2670.721436 0.000000 0.527394 0.000000 0.849621 0.332745 0.332745 0.332745
4883.875488 0.000000 2670.214355 0.000000 0.115588 0.000000 0.993297 0.327879 0.327879 0.327879
4890.002441 0.000000 2668.801025 0.000000 0.416839 0.000000 0.908980 0.329016 0.329016 0.329016
4879.571289 0.000000 2661.378174 0.000000 0.299956 0.000000 0.953953 0.331524 0.331524 0.331524
4990.018555 0.000000 2680.660645 0.000000 0.337015 0.000000 0.941499 0.334078 0.334078 0.334078
4934.798828 0.000000 2669.032715 0.000000 0.501520 0.000000 0.865146 0.334699 0.334699 0.334699
4937.939941 0.000000 2670.053955 0.000000 0.543998 0.000000 0.839087 0.333688 0.333688 0.333688
4940.424805 0.000000 2673.185303 0.000000 0.076214 0.000000 0.997092 0.328453 0.328453 0.328453
4961.496582 0.000000 2678.996338 0.000000 0.354271 0.000000 0.935143 0.323069 0.323069 0.323069
4963.024414 0.000000 2675.337646 0.000000 0.369749 0.000000 0.929132 0.332345 0.332345 0.332345
5111.033203 0.000000 2693.213623 0.000000 0.477609 0.000000 0.878572 0.329985 0.329985 0.329985
5079.654785 0.000000 2688.421143 0.000000 0.255595 0.000000 0.966784 0.323224 0.323224 0.323224
5086.667969 0.000000 2691.146973 0.000000 0.009964 0.000000 0.999950 0.325246 0.325246 0.325246
5910.302246 0.000000 1812.554077 0.000000 0.079594 0.000000 0.996827 0.331564 0.331564 0.331564
5914.132812 0.000000 1841.951782 0.000000 0.229240 0.000000 0.973370 0.320154 0.320154 0.320154
5933.602051 0.000000 1903.909302 0.000000 0.052582 0.000000 0.998617 0.328443 0.328443 0.328443
5943.370605 0.000000 1897.639771 0.000000 0.285434 0.000000 0.958398 0.329959 0.329959 0.329959
5942.375000 0.000000 1895.534058 0.000000 0.473772 0.000000 0.880648 0.332492 0.332492 0.332492
5143.550293 0.000000 2696.554688 0.000000 0.342551 0.000000 0.939499 0.324871 0.324871 0.324871
6119.675293 0.000000 2427.117676 0.000000 0.486959 0.000000 0.873425 0.332273 0.332273 0.332273
6100.194824 0.000000 2418.256592 0.000000 0.221187 0.000000 0.975231 0.331275 0.331275 0.331275
6097.116211 0.000000 2419.591309 0.000000 0.157216 0.000000 0.987564 0.328456 0.328456 0.328456
6102.697754 0.000000 2418.862305 0.000000 0.510557 0.000000 0.859844 0.331144 0.331144 0.331144
6113.210938 0.000000 2421.786621 0.000000 0.205527 0.000000 0.978652 0.324260 0.324260 0.324260
4436.737793 0.000000 3050.159180 0.000000 0.440528 0.000000 0.897739 0.332420 0.332420 0.332420
6847.097656 0.000000 2072.826660 0.000000 0.252944 0.000000 0.967481 0.333798 0.333798 0.333798
6846.888184 0.000000 2070.062500 0.000000 0.087517 0.000000 0.996163 0.321553 0.321553 0.321553
6847.545410 0.000000 2065.396484 0.000000 0.048039 0.000000 0.998845 0.324786 0.324786 0.324786
6862.124512 0.000000 2062.446289 0.000000 0.346963 0.000000 0.937879 0.334800 0.334800 0.334800
6852.861816 0.000000 2061.392090 0.000000 0.166194 0.000000 0.986093 0.326019 0.326019 0.326019
6859.937012 0.000000 2066.206787 0.000000 0.539971 0.000000 0.841684 0.335489 0.335489 0.335489
6857.889160 0.000000 2088.702637 0.000000 0.521039 0.000000 0.853533 0.335255 0.335255 0.335255
6853.178223 0.000000 2058.807617 0.000000 0.306348 0.000000 0.951919 0.321938 0.321938 0.321938
6850.873047 0.000000 2059.727783 0.000000 0.482053 0.000000 0.876142 0.334278 0.334278 0.334278
6857.114258 0.000000 2063.551270 0.000000 0.009460 0.000000 0.999955 0.324829 0.324829 0.324829
6857.437988 0.000000 2090.739502 0.000000 0.465731 0.000000 0.884926 0.333294 0.333294 0.333294
6176.693359 0.000000 2424.332031 0.000000 0.508359 0.000000 0.861145 0.330327 0.330327 0.330327
6192.587402 0.000000 2423.269775 0.000000 0.535459 0.000000 0.844561 0.334621 0.334621 0.334621
6184.552734 0.000000 2425.194824 0.000000 0.234881 0.000000 0.972024 0.327974 0.327974 0.327974
6244.142090 0.000000 2428.923340 0.000000 0.047097 0.000000 0.998890 0.322906 0.322906 0.322906
6343.626953 0.000000 2418.694092 0.000000 0.541646 0.000000 0.840607 0.330284 0.330284 0.330284
6782.998535 0.000000 2339.841064 0.000000 0.202009 0.000000 0.979384 0.327717 0.327717 0.327717
6804.387207 0.000000 2342.656494 0.000000 0.371487 0.000000 0.928438 0.329876 0.329876 0.329876
6802.931641 0.000000 2347.185547 0.000000 0.064147 0.000000 0.997940 0.320446 0.320446 0.320446
6292.387207 0.000000 2851.015869 0.000000 0.274674 0.000000 0.961537 0.326847 0.326847 0.326847
6279.324707 0.000000 2850.828857 0.000000 0.473926 0.000000 0.880565 0.331225 0.331225 0.331225
6669.066406 0.000000 2877.435059 0.000000 0.503491 0.000000 0.864001 0.336829 0.336829 0.336829
6687.273438 0.000000 2879.095215 0.000000 0.328606 0.000000 0.944467 0.329750 0.329750 0.329750
6718.612305 0.000000 2875.859131 0.000000 0.199064 0.000000 0.979986 0.327009 0.327009 0.327009
6712.579102 0.000000 2873.381104 0.000000 0.151262 0.000000 0.988494 0.324025 0.324025 0.324025
6694.643555 0.000000 2875.920898 0.000000 0.444311 0.000000 0.895873 0.328363 0.328363 0.328363
6692.101074 0.000000 2872.080078 0.000000 0.330569 0.000000 0.943782 0.325741 0.325741 0.325741
6703.961914 0.000000 2879.478760 0.000000 0.207107 0.000000 0.978318 0.330004 0.330004 0.330004
6694.352539 0.000000 2873.407227 0.000000 0.144775 0.000000 0.989465 0.318237 0.318237 0.318237
6696.272949 0.000000 2874.434326 0.000000 0.274686 0.000000 0.961534 0.321200 0.321200 0.321200
6721.469238 0.000000 2878.766846 0.000000 0.404415 0.000000 0.914576 0.333154 0.333154 0.333154
6720.226074 0.000000 2875.535645 0.000000 0.049043 0.000000 0.998797 0.329191 0.329191 0.329191
6762.133789 0.000000 2884.840576 0.000000 0.153850 0.000000 0.988094 0.318442 0.318442 0.318442
6746.844238 0.000000 2882.420654 0.000000 0.507685 0.000000 0.861543 0.326865 0.326865 0.326865
6765.457031 0.000000 2884.916748 0.000000 0.506960 0.000000 0.861970 0.326846 0.326846 0.326846
6759.590820 0.000000 2884.318359 0.000000 0.541674 0.000000 0.840589 0.334690 0.334690 0.334690
6763.597168 0.000000 2882.727539 0.000000 0.487049 0.000000 0.873374 0.334594 0.334594 0.334594
6745.025879 0.000000 2880.950928 0.000000 0.036969 0.000000 0.999316 0.319108 0.319108 0.319108
6766.915039 0.000000 2889.788818 0.000000 0.098894 0.000000 0.995098 0.324280 0.324280 0.324280
6793.453613 0.000000 2887.022461 0.000000 0.144948 0.000000 0.989439 0.329014 0.329014 0.329014
6793.939941 0.000000 2895.991455 0.000000 0.181758 0.000000 0.983343 0.328169 0.328169 0.328169
6803.875488 0.000000 2896.151855 0.000000 0.437416 0.000000 0.899259 0.331242 0.331242 0.331242
6795.600586 0.000000 2886.425049 0.000000 0.244782 0.000000 0.969578 0.329993 0.329993 0.329993
6892.817383 0.000000 2890.229004 0.000000 0.359290 0.000000 0.933226 0.334754 0.334754 0.334754
6906.815430 0.000000 2888.272217 0.000000 0.276796 0.000000 0.960929 0.321249 0.321249 0.321249
6902.469238 0.000000 2890.857178 0.000000 0.265005 0.000000 0.964247 0.320976 0.320976 0.320976
6910.677246 0.000000 2883.249268 0.000000 0.445858 0.000000 0.895104 0.327622 0.327622 0.327622
6894.915039 0.000000 2889.788818 0.000000 0.350323 0.000000 0.936629 0.329758 0.329758 0.329758
6931.958008 0.000000 2887.415771 0.000000 0.325981 0.000000 0.945376 0.322669 0.322669 0.322669
6969.361328 0.000000 2893.492432 0.000000 0.215111 0.000000 0.976590 0.321665 0.321665 0.321665
6990.569336 0.000000 3083.925049 0.000000 0.012277 0.000000 0.999925 0.327802 0.327802 0.327802
6995.150879 0.000000 3083.917725 0.000000 0.479195 0.000000 0.877709 0.332733 0.332733 0.332733
7000.196777 0.000000 3112.908691 0.000000 0.202869 0.000000 0.979206 0.326119 0.326119 0.326119
7423.022949 0.000000 3330.259277 0.000000 0.405796 0.000000 0.913964 0.332622 0.332622 0.332622
7415.341309 0.000000 3327.385742 0.000000 0.585664 0.000000 0.810554 0.333979 0.333979 0.333979
7543.010742 0.000000 3274.562256 0.000000 0.248758 0.000000 0.968566 0.333283 0.333283 0.333283
7581.269531 0.000000 3165.284424 0.000000 0.518109 0.000000 0.855315 0.335160 0.335160 0.335160
7557.002930 0.000000 3255.737305 0.000000 0.462826 0.000000 0.886449 0.336861 0.336861 0.336861
7604.392090 0.000000 3267.996094 0.000000 0.207822 0.000000 0.978167 0.331977 0.331977 0.331977
7623.290527 0.000000 3262.454590 0.000000 0.342591 0.000000 0.939485 0.334422 0.334422 0.334422
7660.084473 0.000000 3250.353271 0.000000 0.341264 0.000000 0.939967 0.333496 0.333496 0.333496
7449.268555 0.000000 3292.502930 0.000000 0.508402 0.000000 0.861120 0.337399 0.337399 0.337399
7466.699707 0.000000 3316.472656 0.000000 0.099961 0.000000 0.994991 0.324877 0.324877 0.324877
7477.610352 0.000000 3311.586670 0.000000 0.236591 0.000000 0.971609 0.329284 0.329284 0.329284
7464.221680 0.000000 3296.537109 0.000000 0.427529 0.000000 0.904002 0.334067 0.334067 0.334067
7449.164062 0.000000 3331.953125 0.000000 0.172486 0.000000 0.985012 0.328570 0.328570 0.328570
7444.724609 0.000000 3305.794189 0.000000 0.462939 0.000000 0.886390 0.334007 0.334007 0.334007
7475.473145 0.000000 3316.471680 0.000000 0.586682 0.000000 0.809817 0.332310 0.332310 0.332310
7536.015137 0.000000 3303.875244 0.000000 0.516614 0.000000 0.856218 0.334462 0.334462 0.334462
7548.341309 0.000000 3329.261475 0.000000 0.533199 0.000000 0.845990 0.333567 0.333567 0.333567
7539.409180 0.000000 3301.580078 0.000000 0.060980 0.000000 0.998139 0.327177 0.327177 0.327177
7532.424316 0.000000 3328.639893 0.000000 0.484763 0.000000 0.874646 0.334045 0.334045 0.334045
7424.290527 0.000000 3366.943359 0.000000 0.018759 0.000000 0.999824 0.332370 0.332370 0.332370
7430.113770 0.000000 3371.536621 0.000000 0.312706 0.000000 0.949850 0.328928 0.328928 0.328928
7457.496582 0.000000 3356.808838 0.000000 0.454893 0.000000 0.890546 0.332530 0.332530 0.332530
7578.771973 0.000000 3326.004150 0.000000 0.479931 0.000000 0.877306 0.336160 0.336160 0.336160
7573.436035 0.000000 3327.391602 0.000000 0.307011 0.000000 0.951706 0.331742 0.331742 0.331742
7571.281738 0.000000 3331.748291 0.000000 0.223604 0.000000 0.974680 0.324080 0.324080 0.324080
7581.269531 0.000000 3334.737549 0.000000 0.411314 0.000000 0.911494 0.333364 0.333364 0.333364
7577.025879 0.000000 3332.825928 0.000000 0.475255 0.000000 0.879848 0.331110 0.331110 0.331110
7572.737793 0.000000 3332.581055 0.000000 0.383712 0.000000 0.923453 0.325935 0.325935 0.325935
7736.634766 0.000000 3255.397949 0.000000 0.132439 0.000000 0.991191 0.332221 0.332221 0.332221
7683.167969 0.000000 3263.562012 0.000000 0.280702 0.000000 0.959795 0.329601 0.329601 0.329601
7727.961914 0.000000 3274.869385 0.000000 0.493181 0.000000 0.869927 0.333037 0.333037 0.333037
7737.397461 0.000000 3257.759766 0.000000 0.247381 0.000000 0.968918 0.329457 0.329457 0.329457
7751.626953 0.000000 3265.959717 0.000000 0.423695 0.000000 0.905805 0.333562 0.333562 0.333562
7743.683594 0.000000 3289.134277 0.000000 0.481969 0.000000 0.876188 0.337869 0.337869 0.337869
7683.167969 0.000000 3320.046387 0.000000 0.410389 0.000000 0.911910 0.334202 0.334202 0.334202
7689.349609 0.000000 3328.648926 0.000000 0.052707 0.000000 0.998610 0.325925 0.325925 0.325925
7682.892090 0.000000 3370.779297 0.000000 0.514660 0.000000 0.857394 0.335102 0.335102 0.335102
7700.109863 0.000000 3344.267822 0.000000 0.504554 0.000000 0.863380 0.333658 0.333658 0.333658
7699.875488 0.000000 3348.026855 0.000000 0.059404 0.000000 0.998234 0.327880 0.327880 0.327880
7682.523438 0.000000 3346.992920 0.000000 0.281446 0.000000 0.959577 0.327647 0.327647 0.327647
"}
object={
	name="oak_generator_1_1"
	clamp_to_water_level=no
	render_under_water=no
	generated_content=yes
	layer="semidynamic"
	pdxmesh="oak_tree_02_mesh"
	count=183
	transform="3733.636475 0.000000 1805.517822 0.000000 0.687882 0.000000 0.725822 0.335025 0.335025 0.335025
1905.044556 0.000000 2195.090088 0.000000 0.837754 0.000000 0.546047 0.342505 0.342505 0.342505
1992.000732 0.000000 2319.920654 0.000000 0.932015 0.000000 0.362419 0.341737 0.341737 0.341737
2160.446289 0.000000 2326.690186 0.000000 0.746807 0.000000 0.665041 0.337349 0.337349 0.337349
2230.928223 0.000000 2332.744385 0.000000 0.933386 0.000000 0.358874 0.344098 0.344098 0.344098
3726.716309 0.000000 1817.233643 0.000000 0.796666 0.000000 0.604420 0.341550 0.341550 0.341550
3738.844482 0.000000 1809.217529 0.000000 0.889007 0.000000 0.457894 0.343932 0.343932 0.343932
3746.304199 0.000000 1823.599854 0.000000 0.896383 0.000000 0.443280 0.342135 0.342135 0.342135
3903.450684 0.000000 1815.429321 0.000000 0.753877 0.000000 0.657016 0.336000 0.336000 0.336000
3864.196777 0.000000 1813.768066 0.000000 0.886330 0.000000 0.463055 0.341860 0.341860 0.341860
3904.013672 0.000000 1812.022705 0.000000 0.610064 0.000000 0.792352 0.335454 0.335454 0.335454
4071.443848 0.000000 1818.789429 0.000000 0.679565 0.000000 0.733615 0.338269 0.338269 0.338269
4539.279297 0.000000 759.498413 0.000000 0.910161 0.000000 0.414255 0.343039 0.343039 0.343039
4596.600586 0.000000 983.448181 0.000000 0.926642 0.000000 0.375944 0.345672 0.345672 0.345672
4826.132812 0.000000 994.686218 0.000000 0.904667 0.000000 0.426119 0.340192 0.340192 0.340192
4825.637695 0.000000 996.931763 0.000000 0.799306 0.000000 0.600924 0.336819 0.336819 0.336819
5048.373535 0.000000 1525.216553 0.000000 0.704260 0.000000 0.709943 0.337135 0.337135 0.337135
5097.396484 0.000000 1538.837036 0.000000 0.686774 0.000000 0.726871 0.339370 0.339370 0.339370
5096.221680 0.000000 1545.521362 0.000000 0.661819 0.000000 0.749663 0.334485 0.334485 0.334485
5062.297363 0.000000 1526.426270 0.000000 0.817692 0.000000 0.575656 0.339923 0.339923 0.339923
5060.015137 0.000000 1531.165161 0.000000 0.717783 0.000000 0.696267 0.335161 0.335161 0.335161
5095.451172 0.000000 1540.073608 0.000000 0.831753 0.000000 0.555145 0.341026 0.341026 0.341026
5871.221680 0.000000 1727.829834 0.000000 0.818608 0.000000 0.574353 0.339869 0.339869 0.339869
5894.297363 0.000000 1752.363770 0.000000 0.941587 0.000000 0.336770 0.344718 0.344718 0.344718
7411.006836 0.000000 516.804443 0.000000 0.921161 0.000000 0.389181 0.343660 0.343660 0.343660
7433.939941 0.000000 467.163452 0.000000 0.651672 0.000000 0.758501 0.331116 0.331116 0.331116
7424.974121 0.000000 464.582764 0.000000 0.607555 0.000000 0.794277 0.335885 0.335885 0.335885
7459.097656 0.000000 493.975067 0.000000 0.933254 0.000000 0.359218 0.343370 0.343370 0.343370
4118.003418 0.000000 1821.202393 0.000000 0.686735 0.000000 0.726908 0.336560 0.336560 0.336560
4106.112305 0.000000 1825.653931 0.000000 0.887980 0.000000 0.459881 0.342296 0.342296 0.342296
4868.219238 0.000000 1840.134155 0.000000 0.725374 0.000000 0.688354 0.338457 0.338457 0.338457
4875.713867 0.000000 1845.503174 0.000000 0.893292 0.000000 0.449477 0.343034 0.343034 0.343034
4898.794434 0.000000 1845.759521 0.000000 0.773230 0.000000 0.634125 0.338056 0.338056 0.338056
4926.298340 0.000000 1856.970703 0.000000 0.894742 0.000000 0.446584 0.342618 0.342618 0.342618
4895.716309 0.000000 1847.950562 0.000000 0.777944 0.000000 0.628334 0.338988 0.338988 0.338988
4909.457031 0.000000 1868.197876 0.000000 0.610929 0.000000 0.791685 0.336509 0.336509 0.336509
4897.051758 0.000000 2065.628906 0.000000 0.830664 0.000000 0.556774 0.337694 0.337694 0.337694
4539.279297 0.000000 2623.482666 0.000000 0.886398 0.000000 0.462923 0.339276 0.339276 0.339276
4537.397461 0.000000 2636.431641 0.000000 0.766040 0.000000 0.642793 0.337677 0.337677 0.337677
4573.587891 0.000000 2617.948975 0.000000 0.945092 0.000000 0.326805 0.344909 0.344909 0.344909
4586.699707 0.000000 2638.660156 0.000000 0.703725 0.000000 0.710472 0.336019 0.336019 0.336019
4594.278320 0.000000 2628.990234 0.000000 0.771506 0.000000 0.636223 0.338521 0.338521 0.338521
4563.875488 0.000000 2613.729980 0.000000 0.857873 0.000000 0.513861 0.337999 0.337999 0.337999
4579.024414 0.000000 2618.853271 0.000000 0.822823 0.000000 0.568297 0.340203 0.340203 0.340203
4601.397461 0.000000 2636.431641 0.000000 0.666711 0.000000 0.745316 0.334090 0.334090 0.334090
4591.221680 0.000000 2631.579834 0.000000 0.635176 0.000000 0.772368 0.331916 0.331916 0.331916
4584.507812 0.000000 2622.703613 0.000000 0.628064 0.000000 0.778162 0.334572 0.334572 0.334572
4638.600098 0.000000 2647.984863 0.000000 0.916861 0.000000 0.399207 0.341083 0.341083 0.341083
4626.867188 0.000000 2641.245117 0.000000 0.701137 0.000000 0.713026 0.338971 0.338971 0.338971
4611.167969 0.000000 2642.233887 0.000000 0.910306 0.000000 0.413936 0.340491 0.340491 0.340491
4641.210938 0.000000 2647.724121 0.000000 0.898031 0.000000 0.439932 0.340109 0.340109 0.340109
4857.532715 0.000000 2669.740234 0.000000 0.941612 0.000000 0.336700 0.342348 0.342348 0.342348
4838.302734 0.000000 2667.832275 0.000000 0.789780 0.000000 0.613390 0.339008 0.339008 0.339008
4876.396484 0.000000 2667.273438 0.000000 0.835279 0.000000 0.549827 0.341022 0.341022 0.341022
4903.443848 0.000000 2666.054932 0.000000 0.816436 0.000000 0.577436 0.336849 0.336849 0.336849
4906.549316 0.000000 2665.876953 0.000000 0.942661 0.000000 0.333750 0.344440 0.344440 0.344440
4886.909180 0.000000 2665.765381 0.000000 0.701486 0.000000 0.712684 0.332324 0.332324 0.332324
4883.958008 0.000000 2661.478271 0.000000 0.895477 0.000000 0.445108 0.340749 0.340749 0.340749
4900.193359 0.000000 2662.224609 0.000000 0.839326 0.000000 0.543628 0.339604 0.339604 0.339604
4903.451172 0.000000 2669.761230 0.000000 0.624213 0.000000 0.781254 0.334408 0.334408 0.334408
4888.196777 0.000000 2661.033691 0.000000 0.680777 0.000000 0.732490 0.336174 0.336174 0.336174
4907.536621 0.000000 2668.328613 0.000000 0.936772 0.000000 0.349941 0.342471 0.342471 0.342471
4887.342285 0.000000 2670.276367 0.000000 0.834908 0.000000 0.550390 0.337014 0.337014 0.337014
4936.383301 0.000000 2676.629395 0.000000 0.874373 0.000000 0.485254 0.341943 0.341943 0.341943
5046.755859 0.000000 2680.861084 0.000000 0.880150 0.000000 0.474695 0.341961 0.341961 0.341961
5003.443359 0.000000 2684.752686 0.000000 0.734758 0.000000 0.678330 0.338145 0.338145 0.338145
5003.910645 0.000000 2682.448486 0.000000 0.907382 0.000000 0.420306 0.342362 0.342362 0.342362
5070.569336 0.000000 2688.534424 0.000000 0.647905 0.000000 0.761722 0.333277 0.333277 0.333277
5076.724609 0.000000 2684.466064 0.000000 0.698180 0.000000 0.715922 0.335532 0.335532 0.335532
5111.370605 0.000000 2688.421143 0.000000 0.911713 0.000000 0.410827 0.343785 0.343785 0.343785
5105.258789 0.000000 2692.222656 0.000000 0.798660 0.000000 0.601783 0.336487 0.336487 0.336487
5907.958008 0.000000 1814.212524 0.000000 0.647140 0.000000 0.762371 0.337955 0.337955 0.337955
5915.115234 0.000000 1836.783691 0.000000 0.627376 0.000000 0.778716 0.332958 0.332958 0.332958
5911.654785 0.000000 1841.155518 0.000000 0.923270 0.000000 0.384153 0.342920 0.342920 0.342920
5917.291992 0.000000 1818.791016 0.000000 0.894781 0.000000 0.446505 0.340192 0.340192 0.340192
5927.553711 0.000000 1881.186646 0.000000 0.806470 0.000000 0.591275 0.338806 0.338806 0.338806
5943.879395 0.000000 1907.179199 0.000000 0.781829 0.000000 0.623493 0.336382 0.336382 0.336382
5939.473145 0.000000 1904.362305 0.000000 0.743702 0.000000 0.668511 0.338676 0.338676 0.338676
5235.521484 0.000000 2400.352539 0.000000 0.755281 0.000000 0.655401 0.339009 0.339009 0.339009
5143.871582 0.000000 2694.246582 0.000000 0.642266 0.000000 0.766482 0.330540 0.330540 0.330540
5845.035156 0.000000 2413.060791 0.000000 0.920493 0.000000 0.390758 0.344686 0.344686 0.344686
6121.246582 0.000000 2420.655518 0.000000 0.850560 0.000000 0.525878 0.340613 0.340613 0.340613
4412.880859 0.000000 3073.385986 0.000000 0.803332 0.000000 0.595532 0.339186 0.339186 0.339186
4408.270996 0.000000 3070.666016 0.000000 0.880458 0.000000 0.474124 0.340828 0.340828 0.340828
4413.359375 0.000000 3071.229736 0.000000 0.766214 0.000000 0.642586 0.337194 0.337194 0.337194
5611.550781 0.000000 2774.534180 0.000000 0.814027 0.000000 0.580828 0.338465 0.338465 0.338465
5665.496582 0.000000 2791.965088 0.000000 0.922715 0.000000 0.385482 0.344260 0.344260 0.344260
6121.246582 0.000000 2816.046143 0.000000 0.889946 0.000000 0.456066 0.342738 0.342738 0.342738
6846.298340 0.000000 2026.423828 0.000000 0.780880 0.000000 0.624681 0.336175 0.336175 0.336175
6848.354004 0.000000 2024.921021 0.000000 0.898772 0.000000 0.438416 0.344468 0.344468 0.344468
6839.430664 0.000000 2047.314575 0.000000 0.710160 0.000000 0.704040 0.334473 0.334473 0.334473
6840.270996 0.000000 2053.947266 0.000000 0.718006 0.000000 0.696037 0.337320 0.337320 0.337320
6854.599121 0.000000 2086.538330 0.000000 0.919061 0.000000 0.394114 0.344177 0.344177 0.344177
6857.095215 0.000000 2045.424927 0.000000 0.903194 0.000000 0.429233 0.342906 0.342906 0.342906
6853.002930 0.000000 2069.565430 0.000000 0.776068 0.000000 0.630649 0.334855 0.334855 0.334855
6857.808105 0.000000 2069.143066 0.000000 0.710265 0.000000 0.703935 0.337820 0.337820 0.337820
6855.324707 0.000000 2060.047607 0.000000 0.755769 0.000000 0.654839 0.338147 0.338147 0.338147
6857.640137 0.000000 2066.664551 0.000000 0.937785 0.000000 0.347216 0.343338 0.343338 0.343338
6850.422852 0.000000 2061.837158 0.000000 0.628247 0.000000 0.778014 0.330175 0.330175 0.330175
6175.273438 0.000000 2427.220215 0.000000 0.614516 0.000000 0.788904 0.335981 0.335981 0.335981
6196.392090 0.000000 2420.730469 0.000000 0.682453 0.000000 0.730930 0.336033 0.336033 0.336033
6173.075684 0.000000 2424.743896 0.000000 0.832005 0.000000 0.554769 0.336896 0.336896 0.336896
6236.116211 0.000000 2427.759277 0.000000 0.947278 0.000000 0.320411 0.344856 0.344856 0.344856
6230.797363 0.000000 2429.802734 0.000000 0.788293 0.000000 0.615301 0.341168 0.341168 0.341168
6226.974121 0.000000 2430.230957 0.000000 0.739488 0.000000 0.673170 0.339321 0.339321 0.339321
6715.279297 0.000000 2341.060791 0.000000 0.865244 0.000000 0.501350 0.340478 0.340478 0.340478
6736.434082 0.000000 2345.920654 0.000000 0.924076 0.000000 0.382209 0.344431 0.344431 0.344431
6800.003418 0.000000 2343.162109 0.000000 0.794529 0.000000 0.607227 0.335460 0.335460 0.335460
6789.852539 0.000000 2338.704834 0.000000 0.678869 0.000000 0.734259 0.333608 0.333608 0.333608
6941.260254 0.000000 2576.066162 0.000000 0.825699 0.000000 0.564112 0.339552 0.339552 0.339552
6939.115234 0.000000 2571.080566 0.000000 0.598284 0.000000 0.801284 0.329331 0.329331 0.329331
6941.193848 0.000000 2568.008057 0.000000 0.746886 0.000000 0.664953 0.333792 0.333792 0.333792
6282.276367 0.000000 2844.826172 0.000000 0.876643 0.000000 0.481142 0.338816 0.338816 0.338816
6296.763672 0.000000 2854.949951 0.000000 0.712059 0.000000 0.702119 0.339016 0.339016 0.339016
6293.939941 0.000000 2849.552246 0.000000 0.606827 0.000000 0.794834 0.332660 0.332660 0.332660
6706.569336 0.000000 2880.192627 0.000000 0.838732 0.000000 0.544544 0.341547 0.341547 0.341547
6671.660156 0.000000 2875.384033 0.000000 0.687486 0.000000 0.726198 0.331890 0.331890 0.331890
6685.075684 0.000000 2876.618896 0.000000 0.767367 0.000000 0.641209 0.338839 0.338839 0.338839
6676.862305 0.000000 2872.885742 0.000000 0.748146 0.000000 0.663535 0.336148 0.336148 0.336148
6678.697754 0.000000 2870.737305 0.000000 0.793960 0.000000 0.607970 0.340264 0.340264 0.340264
6754.997070 0.000000 2880.182129 0.000000 0.639598 0.000000 0.768709 0.333987 0.333987 0.333987
6745.164062 0.000000 2880.078125 0.000000 0.615366 0.000000 0.788241 0.331713 0.331713 0.331713
6743.825684 0.000000 2878.139160 0.000000 0.746097 0.000000 0.665837 0.336662 0.336662 0.336662
6742.797363 0.000000 2881.677734 0.000000 0.706700 0.000000 0.707513 0.334479 0.334479 0.334479
6754.139648 0.000000 2882.429443 0.000000 0.739563 0.000000 0.673087 0.334741 0.334741 0.334741
6763.550781 0.000000 2887.502930 0.000000 0.802287 0.000000 0.596938 0.335747 0.335747 0.335747
6749.269531 0.000000 2882.862549 0.000000 0.840479 0.000000 0.541844 0.337241 0.337241 0.337241
6751.881836 0.000000 2883.352539 0.000000 0.922026 0.000000 0.387128 0.341143 0.341143 0.341143
6797.467773 0.000000 2896.258301 0.000000 0.668449 0.000000 0.743758 0.337908 0.337908 0.337908
6796.396484 0.000000 2893.210938 0.000000 0.771175 0.000000 0.636623 0.334623 0.334623 0.334623
6807.342285 0.000000 2896.213867 0.000000 0.657842 0.000000 0.753156 0.333345 0.333345 0.333345
6886.192871 0.000000 2886.409912 0.000000 0.870150 0.000000 0.492787 0.343584 0.343584 0.343584
6904.270996 0.000000 2901.212891 0.000000 0.860779 0.000000 0.508979 0.341601 0.341601 0.341601
6898.542480 0.000000 2886.501709 0.000000 0.786506 0.000000 0.617583 0.335168 0.335168 0.335168
6910.188965 0.000000 2895.777832 0.000000 0.665466 0.000000 0.746428 0.331408 0.331408 0.331408
6916.256348 0.000000 2879.734375 0.000000 0.696626 0.000000 0.717434 0.338814 0.338814 0.338814
6918.297363 0.000000 2882.051270 0.000000 0.928012 0.000000 0.372549 0.344513 0.344513 0.344513
6947.895020 0.000000 2893.216797 0.000000 0.917483 0.000000 0.397775 0.343655 0.343655 0.343655
7162.988770 0.000000 2914.337158 0.000000 0.665704 0.000000 0.746216 0.338113 0.338113 0.338113
6994.736816 0.000000 3100.277344 0.000000 0.632077 0.000000 0.774906 0.340045 0.340045 0.340045
6990.452148 0.000000 3105.750977 0.000000 0.631608 0.000000 0.775288 0.337015 0.337015 0.337015
7004.691406 0.000000 3098.248535 0.000000 0.676743 0.000000 0.736219 0.331780 0.331780 0.331780
7047.626953 0.000000 3096.506592 0.000000 0.893915 0.000000 0.448237 0.339644 0.339644 0.339644
7045.188477 0.000000 3092.896240 0.000000 0.588193 0.000000 0.808720 0.331974 0.331974 0.331974
7058.736816 0.000000 3213.246094 0.000000 0.910394 0.000000 0.413742 0.345155 0.345155 0.345155
7068.691406 0.000000 3211.217285 0.000000 0.834667 0.000000 0.550755 0.339170 0.339170 0.339170
7058.130371 0.000000 3208.218262 0.000000 0.728374 0.000000 0.685180 0.336841 0.336841 0.336841
7175.852051 0.000000 2917.880615 0.000000 0.941692 0.000000 0.336477 0.344842 0.344842 0.344842
7418.085938 0.000000 3323.252441 0.000000 0.620069 0.000000 0.784547 0.336917 0.336917 0.336917
7418.815430 0.000000 3340.147217 0.000000 0.861868 0.000000 0.507133 0.340868 0.340868 0.340868
7406.630859 0.000000 3356.354736 0.000000 0.836656 0.000000 0.547729 0.340655 0.340655 0.340655
7535.961914 0.000000 3274.869385 0.000000 0.775031 0.000000 0.631923 0.339720 0.339720 0.339720
7446.596680 0.000000 3296.625000 0.000000 0.694808 0.000000 0.719195 0.339059 0.339059 0.339059
7447.828125 0.000000 3300.270508 0.000000 0.896987 0.000000 0.442056 0.342918 0.342918 0.342918
7453.587891 0.000000 3295.761475 0.000000 0.878205 0.000000 0.478284 0.343137 0.343137 0.343137
7451.116211 0.000000 3294.569092 0.000000 0.932883 0.000000 0.360180 0.344591 0.344591 0.344591
7468.193359 0.000000 3297.038330 0.000000 0.902817 0.000000 0.430024 0.343572 0.343572 0.343572
7469.602051 0.000000 3316.018799 0.000000 0.924662 0.000000 0.380790 0.343907 0.343907 0.343907
7467.827148 0.000000 3314.280518 0.000000 0.897144 0.000000 0.441739 0.343004 0.343004 0.343004
7424.164062 0.000000 3332.432861 0.000000 0.804073 0.000000 0.594530 0.340097 0.340097 0.340097
7447.825684 0.000000 3330.014160 0.000000 0.632810 0.000000 0.774307 0.335026 0.335026 0.335026
7466.151367 0.000000 3318.605225 0.000000 0.817510 0.000000 0.575915 0.339757 0.339757 0.339757
7533.452148 0.000000 3304.663574 0.000000 0.827757 0.000000 0.561087 0.341438 0.341438 0.341438
7539.473145 0.000000 3316.471680 0.000000 0.716874 0.000000 0.697203 0.337967 0.337967 0.337967
7547.743652 0.000000 3326.821289 0.000000 0.852152 0.000000 0.523295 0.340881 0.340881 0.340881
7457.639160 0.000000 3362.615723 0.000000 0.933360 0.000000 0.358943 0.345765 0.345765 0.345765
7426.892090 0.000000 3370.779297 0.000000 0.716188 0.000000 0.697908 0.338357 0.338357 0.338357
7431.852051 0.000000 3369.755615 0.000000 0.677402 0.000000 0.735613 0.337613 0.337613 0.337613
7607.033203 0.000000 3314.541748 0.000000 0.691383 0.000000 0.722488 0.338536 0.338536 0.338536
7605.610352 0.000000 3311.586670 0.000000 0.871095 0.000000 0.491114 0.342531 0.342531 0.342531
7571.100098 0.000000 3328.840576 0.000000 0.904325 0.000000 0.426844 0.342698 0.342698 0.342698
7558.927734 0.000000 3338.925537 0.000000 0.724213 0.000000 0.689577 0.334941 0.334941 0.334941
7739.742676 0.000000 3257.286377 0.000000 0.936813 0.000000 0.349831 0.344722 0.344722 0.344722
7740.341309 0.000000 3272.777100 0.000000 0.763360 0.000000 0.645973 0.340212 0.340212 0.340212
7743.022949 0.000000 3273.774902 0.000000 0.887262 0.000000 0.461266 0.342460 0.342460 0.342460
7683.898438 0.000000 3328.850342 0.000000 0.811040 0.000000 0.584991 0.340663 0.340663 0.340663
7699.875488 0.000000 3291.542480 0.000000 0.641629 0.000000 0.767015 0.335525 0.335525 0.335525
7691.346680 0.000000 3324.057861 0.000000 0.864965 0.000000 0.501832 0.342512 0.342512 0.342512
7737.532715 0.000000 3291.068359 0.000000 0.693627 0.000000 0.720334 0.337737 0.337737 0.337737
7687.561523 0.000000 3327.067627 0.000000 0.754141 0.000000 0.656712 0.336759 0.336759 0.336759
7680.290527 0.000000 3366.943359 0.000000 0.941529 0.000000 0.336933 0.346096 0.346096 0.346096
7696.003418 0.000000 3359.880859 0.000000 0.841149 0.000000 0.540803 0.341263 0.341263 0.341263
7698.112793 0.000000 3358.769775 0.000000 0.879557 0.000000 0.475794 0.342136 0.342136 0.342136
"}
object={
	name="oak_generator_1_2"
	clamp_to_water_level=no
	render_under_water=no
	generated_content=yes
	layer="semidynamic"
	pdxmesh="oak_tree_03_mesh"
	count=172
	transform="3932.116211 0.000000 1806.431274 0.000000 0.981052 0.000000 0.193746 0.346584 0.346584 0.346584
1920.354126 0.000000 2194.374023 0.000000 0.991920 0.000000 0.126868 0.348566 0.348566 0.348566
2072.196777 0.000000 2322.127441 0.000000 0.999352 0.000000 -0.035986 0.350558 0.350558 0.350558
2235.596436 0.000000 2332.385742 0.000000 0.955697 0.000000 0.294352 0.344987 0.344987 0.344987
3731.875488 0.000000 1822.948853 0.000000 0.988346 0.000000 -0.152221 0.352651 0.352651 0.352651
3720.000732 0.000000 1811.561279 0.000000 0.969801 0.000000 -0.243897 0.354220 0.354220 0.354220
3865.550537 0.000000 1819.101440 0.000000 0.994667 0.000000 0.103136 0.348754 0.348754 0.348754
3884.084717 0.000000 1838.243774 0.000000 0.982581 0.000000 0.185834 0.347419 0.347419 0.347419
3845.852539 0.000000 1830.345581 0.000000 0.979763 0.000000 -0.200161 0.353187 0.353187 0.353187
3932.442627 0.000000 1807.517456 0.000000 0.977993 0.000000 0.208638 0.346318 0.346318 0.346318
4004.193115 0.000000 1814.958984 0.000000 0.994764 0.000000 -0.102196 0.351955 0.351955 0.351955
4051.875488 0.000000 1822.948853 0.000000 0.973285 0.000000 -0.229599 0.353300 0.353300 0.353300
4541.935547 0.000000 990.264404 0.000000 0.992567 0.000000 0.121700 0.348236 0.348236 0.348236
4826.516602 0.000000 999.013306 0.000000 0.973770 0.000000 -0.227535 0.353630 0.353630 0.353630
4816.405273 0.000000 997.789490 0.000000 0.951085 0.000000 -0.308930 0.356394 0.356394 0.356394
4895.949707 0.000000 994.490356 0.000000 0.968072 0.000000 -0.250671 0.353088 0.353088 0.353088
4698.661621 0.000000 1320.578247 0.000000 0.999885 0.000000 -0.015132 0.350241 0.350241 0.350241
4701.234863 0.000000 1322.849365 0.000000 0.984212 0.000000 0.176996 0.347287 0.347287 0.347287
5114.085938 0.000000 1572.236694 0.000000 0.977168 0.000000 -0.212467 0.353358 0.353358 0.353358
5085.193848 0.000000 1551.289307 0.000000 0.953646 0.000000 -0.300932 0.355088 0.355088 0.355088
5117.061035 0.000000 1582.118774 0.000000 0.972550 0.000000 -0.232692 0.353960 0.353960 0.353960
5866.549316 0.000000 1705.642578 0.000000 0.997990 0.000000 0.063369 0.348751 0.348751 0.348751
5865.380859 0.000000 1710.478882 0.000000 0.983325 0.000000 0.181858 0.346844 0.346844 0.346844
5890.492188 0.000000 1754.605225 0.000000 0.997997 0.000000 -0.063268 0.350899 0.350899 0.350899
5899.443359 0.000000 1781.002686 0.000000 0.989737 0.000000 0.142903 0.346805 0.346805 0.346805
5908.862305 0.000000 1799.682617 0.000000 0.978395 0.000000 -0.206746 0.354640 0.354640 0.354640
7410.317383 0.000000 511.550537 0.000000 0.991048 0.000000 0.133504 0.348309 0.348309 0.348309
7425.476562 0.000000 458.333679 0.000000 0.998060 0.000000 0.062256 0.348873 0.348873 0.348873
7432.162109 0.000000 471.595795 0.000000 0.993138 0.000000 -0.116949 0.351956 0.351956 0.351956
4118.909180 0.000000 1818.499878 0.000000 0.984066 0.000000 0.177804 0.347501 0.347501 0.347501
4104.383301 0.000000 1829.363770 0.000000 0.963104 0.000000 0.269128 0.345369 0.345369 0.345369
4870.656738 0.000000 1856.317749 0.000000 0.998516 0.000000 0.054457 0.348995 0.348995 0.348995
4906.622559 0.000000 1861.525024 0.000000 0.982728 0.000000 -0.185055 0.352757 0.352757 0.352757
4897.958496 0.000000 1847.729004 0.000000 0.985515 0.000000 0.169587 0.347074 0.347074 0.347074
4897.651855 0.000000 2069.635010 0.000000 0.985713 0.000000 -0.168434 0.352906 0.352906 0.352906
4530.278320 0.000000 2628.990234 0.000000 0.997483 0.000000 0.070907 0.348831 0.348831 0.348831
4561.893555 0.000000 2611.595947 0.000000 0.982020 0.000000 -0.188776 0.353029 0.353029 0.353029
4606.112305 0.000000 2642.199951 0.000000 0.991876 0.000000 0.127207 0.347598 0.347598 0.347598
4581.993652 0.000000 2627.844482 0.000000 0.994716 0.000000 0.102664 0.347834 0.347834 0.347834
4597.811523 0.000000 2639.580322 0.000000 0.982412 0.000000 0.186728 0.346578 0.346578 0.346578
4580.219727 0.000000 2638.438721 0.000000 0.961661 0.000000 -0.274240 0.353617 0.353617 0.353617
4580.675781 0.000000 2631.123291 0.000000 0.998629 0.000000 -0.052354 0.351167 0.351167 0.351167
4603.669434 0.000000 2617.986084 0.000000 0.962599 0.000000 -0.270929 0.354099 0.354099 0.354099
4574.841309 0.000000 2629.913330 0.000000 1.000000 0.000000 0.000565 0.349992 0.349992 0.349992
4565.228027 0.000000 2636.186279 0.000000 0.994293 0.000000 -0.106682 0.351658 0.351658 0.351658
4606.888184 0.000000 2634.906250 0.000000 0.998908 0.000000 0.046715 0.349232 0.349232 0.349232
4606.808594 0.000000 2626.308838 0.000000 0.951987 0.000000 -0.306139 0.356307 0.356307 0.356307
4608.315430 0.000000 2624.706787 0.000000 0.979428 0.000000 -0.201793 0.352610 0.352610 0.352610
4615.290527 0.000000 2641.126465 0.000000 0.959118 0.000000 -0.283007 0.356293 0.356293 0.356293
4637.565918 0.000000 2641.580078 0.000000 0.990785 0.000000 0.135446 0.348095 0.348095 0.348095
4638.662598 0.000000 2644.471680 0.000000 0.971549 0.000000 0.236837 0.344672 0.344672 0.344672
4626.130371 0.000000 2643.374512 0.000000 0.968469 0.000000 0.249135 0.344390 0.344390 0.344390
4622.936035 0.000000 2644.853271 0.000000 0.997164 0.000000 0.075258 0.348799 0.348799 0.348799
4613.188477 0.000000 2641.021240 0.000000 0.990740 0.000000 0.135771 0.346965 0.346965 0.346965
4863.211914 0.000000 2665.597412 0.000000 0.984513 0.000000 0.175310 0.346597 0.346597 0.346597
4864.522461 0.000000 2670.467773 0.000000 0.962450 0.000000 -0.271460 0.353615 0.353615 0.353615
4915.006836 0.000000 2663.210693 0.000000 0.972551 0.000000 0.232691 0.346614 0.346614 0.346614
4881.653320 0.000000 2663.235107 0.000000 0.980705 0.000000 -0.195496 0.353318 0.353318 0.353318
4880.764160 0.000000 2670.717529 0.000000 0.999999 0.000000 0.001525 0.349975 0.349975 0.349975
4883.922852 0.000000 2658.564941 0.000000 0.995735 0.000000 -0.092258 0.351740 0.351740 0.351740
4864.974121 0.000000 2667.473389 0.000000 0.962037 0.000000 0.272917 0.346027 0.346027 0.346027
4902.302734 0.000000 2667.832275 0.000000 0.996833 0.000000 0.079519 0.348299 0.348299 0.348299
4965.443359 0.000000 2674.567627 0.000000 0.975947 0.000000 -0.218008 0.352650 0.352650 0.352650
4982.755859 0.000000 2680.861084 0.000000 0.965825 0.000000 -0.259194 0.353780 0.353780 0.353780
5082.132812 0.000000 2689.217529 0.000000 0.976497 0.000000 -0.215532 0.354328 0.354328 0.354328
5077.175293 0.000000 2689.983643 0.000000 0.956017 0.000000 0.293312 0.345149 0.345149 0.345149
5072.687988 0.000000 2689.950684 0.000000 0.988720 0.000000 -0.149776 0.352345 0.352345 0.352345
5113.397461 0.000000 2692.916016 0.000000 0.986991 0.000000 0.160775 0.346903 0.346903 0.346903
5069.917480 0.000000 2686.211914 0.000000 0.962582 0.000000 0.270990 0.344641 0.344641 0.344641
5065.640137 0.000000 2687.992676 0.000000 0.966235 0.000000 0.257662 0.346129 0.346129 0.346129
5107.339844 0.000000 2690.054932 0.000000 0.999617 0.000000 0.027673 0.349537 0.349537 0.349537
5917.260254 0.000000 1841.769287 0.000000 0.972354 0.000000 -0.233510 0.354304 0.354304 0.354304
5941.008789 0.000000 1908.206177 0.000000 0.959782 0.000000 -0.280748 0.355421 0.355421 0.355421
5946.085938 0.000000 1911.142944 0.000000 0.997140 0.000000 -0.075581 0.351134 0.351134 0.351134
5927.451172 0.000000 1878.979858 0.000000 0.985709 0.000000 0.168455 0.347301 0.347301 0.347301
5947.060547 0.000000 1906.576660 0.000000 0.985701 0.000000 -0.168504 0.352870 0.352870 0.352870
5845.389160 0.000000 2415.569580 0.000000 0.975834 0.000000 0.218515 0.345717 0.345717 0.345717
5847.550293 0.000000 2414.132812 0.000000 0.986654 0.000000 0.162833 0.347485 0.347485 0.347485
6137.614258 0.000000 2424.724854 0.000000 0.992945 0.000000 0.118572 0.347419 0.347419 0.347419
6109.075684 0.000000 2424.743896 0.000000 0.954411 0.000000 0.298494 0.345458 0.345458 0.345458
6122.622559 0.000000 2426.368896 0.000000 0.954481 0.000000 0.298273 0.344244 0.344244 0.344244
5835.443359 0.000000 2684.752686 0.000000 0.972080 0.000000 0.234649 0.346233 0.346233 0.346233
4414.188965 0.000000 3065.230957 0.000000 0.999306 0.000000 -0.037238 0.350653 0.350653 0.350653
6118.643555 0.000000 2819.436523 0.000000 0.996315 0.000000 0.085765 0.348087 0.348087 0.348087
6845.041992 0.000000 2032.611206 0.000000 0.964675 0.000000 0.263444 0.346273 0.346273 0.346273
6840.851562 0.000000 2065.049805 0.000000 0.993416 0.000000 -0.114566 0.351455 0.351455 0.351455
6843.742676 0.000000 2071.114502 0.000000 0.995321 0.000000 0.096623 0.348664 0.348664 0.348664
6843.596680 0.000000 2049.963867 0.000000 0.966938 0.000000 0.255012 0.345820 0.345820 0.345820
6853.348633 0.000000 2041.879272 0.000000 0.991202 0.000000 0.132355 0.347715 0.347715 0.347715
6848.390625 0.000000 2076.987549 0.000000 0.960911 0.000000 -0.276857 0.354645 0.354645 0.354645
6851.605469 0.000000 2056.714111 0.000000 0.999594 0.000000 -0.028508 0.350451 0.350451 0.350451
6854.202148 0.000000 2044.950317 0.000000 0.989374 0.000000 0.145391 0.347807 0.347807 0.347807
6851.928711 0.000000 2063.569336 0.000000 0.966119 0.000000 0.258098 0.345267 0.345267 0.345267
6848.010254 0.000000 2062.123779 0.000000 0.999044 0.000000 -0.043722 0.350885 0.350885 0.350885
6855.561523 0.000000 2084.411377 0.000000 0.985786 0.000000 0.168007 0.347389 0.347389 0.347389
6193.605957 0.000000 2425.197510 0.000000 0.998993 0.000000 0.044872 0.349274 0.349274 0.349274
6172.116211 0.000000 2427.759277 0.000000 0.968632 0.000000 0.248498 0.346028 0.346028 0.346028
6188.424316 0.000000 2424.889893 0.000000 0.982965 0.000000 -0.183794 0.352891 0.352891 0.352891
6252.424316 0.000000 2424.889893 0.000000 0.961095 0.000000 0.276219 0.345097 0.345097 0.345097
6245.505371 0.000000 2428.031494 0.000000 0.951747 0.000000 -0.306883 0.355546 0.355546 0.355546
6185.191406 0.000000 2430.958496 0.000000 0.998978 0.000000 -0.045205 0.350765 0.350765 0.350765
6802.112793 0.000000 2342.051025 0.000000 0.980881 0.000000 -0.194611 0.354330 0.354330 0.354330
6932.724609 0.000000 2571.497314 0.000000 0.999986 0.000000 0.005199 0.349893 0.349893 0.349893
6705.605957 0.000000 2877.072510 0.000000 0.997736 0.000000 -0.067247 0.350882 0.350882 0.350882
6708.392090 0.000000 2872.605469 0.000000 0.987820 0.000000 -0.155599 0.352642 0.352642 0.352642
6677.436035 0.000000 2875.516602 0.000000 0.993449 0.000000 -0.114272 0.352302 0.352302 0.352302
6684.116211 0.000000 2879.634277 0.000000 0.991235 0.000000 0.132114 0.347048 0.347048 0.347048
6668.244629 0.000000 2874.835449 0.000000 0.983674 0.000000 0.179957 0.347375 0.347375 0.347375
6675.100098 0.000000 2876.965576 0.000000 0.954467 0.000000 -0.298317 0.355929 0.355929 0.355929
6719.022949 0.000000 2878.384277 0.000000 0.953134 0.000000 0.302548 0.343286 0.343286 0.343286
6679.931152 0.000000 2875.936035 0.000000 0.999115 0.000000 -0.042058 0.350643 0.350643 0.350643
6671.977051 0.000000 2873.285889 0.000000 0.957018 0.000000 -0.290028 0.356415 0.356415 0.356415
6741.636230 0.000000 2878.720947 0.000000 0.999375 0.000000 -0.035360 0.350485 0.350485 0.350485
6752.929688 0.000000 2880.696289 0.000000 0.995631 0.000000 0.093374 0.348448 0.348448 0.348448
6701.901367 0.000000 2881.657471 0.000000 0.968825 0.000000 -0.247744 0.352899 0.352899 0.352899
6723.834473 0.000000 2880.705566 0.000000 0.982476 0.000000 0.186390 0.347780 0.347780 0.347780
6744.982910 0.000000 2884.576904 0.000000 0.964835 0.000000 0.262857 0.344596 0.344596 0.344596
6804.109863 0.000000 2892.392822 0.000000 0.997822 0.000000 0.065969 0.348887 0.348887 0.348887
6896.446289 0.000000 2891.533936 0.000000 0.999954 0.000000 -0.009595 0.350210 0.350210 0.350210
6897.098145 0.000000 2895.079102 0.000000 0.951450 0.000000 -0.307805 0.355140 0.355140 0.355140
6900.612793 0.000000 2896.415039 0.000000 0.988347 0.000000 -0.152218 0.352283 0.352283 0.352283
6902.928223 0.000000 2897.588135 0.000000 0.963411 0.000000 0.268029 0.344713 0.344713 0.344713
6907.596680 0.000000 2897.229492 0.000000 0.966881 0.000000 0.255229 0.344249 0.344249 0.344249
6911.211914 0.000000 2891.534912 0.000000 0.999728 0.000000 -0.023314 0.350384 0.350384 0.350384
6918.827637 0.000000 2880.217529 0.000000 0.999586 0.000000 0.028771 0.349598 0.349598 0.349598
6912.164062 0.000000 2880.557861 0.000000 0.988417 0.000000 -0.151762 0.353075 0.353075 0.353075
6912.522461 0.000000 2896.405273 0.000000 0.981046 0.000000 0.193775 0.346064 0.346064 0.346064
6938.002441 0.000000 2894.738525 0.000000 0.997421 0.000000 0.071778 0.348829 0.348829 0.348829
6916.206055 0.000000 2882.958008 0.000000 0.999963 0.000000 0.008563 0.349835 0.349835 0.349835
6912.013672 0.000000 2885.225830 0.000000 0.995914 0.000000 0.090306 0.348463 0.348463 0.348463
7005.075684 0.000000 3102.556396 0.000000 0.987839 0.000000 -0.155483 0.352483 0.352483 0.352483
7006.662598 0.000000 3096.346680 0.000000 0.960545 0.000000 0.278126 0.346134 0.346134 0.346134
6992.434082 0.000000 3080.217529 0.000000 0.995449 0.000000 0.095293 0.348282 0.348282 0.348282
7005.291992 0.000000 3117.931641 0.000000 0.959337 0.000000 -0.282263 0.354738 0.354738 0.354738
7043.167969 0.000000 3094.108887 0.000000 0.986915 0.000000 -0.161239 0.353113 0.353113 0.353113
7054.486328 0.000000 3088.838135 0.000000 0.985915 0.000000 -0.167247 0.353201 0.353201 0.353201
7177.808105 0.000000 2916.408691 0.000000 0.998885 0.000000 0.047216 0.349166 0.349166 0.349166
7580.116211 0.000000 3162.056152 0.000000 0.999499 0.000000 -0.031636 0.350464 0.350464 0.350464
7412.392090 0.000000 3324.480469 0.000000 0.957100 0.000000 -0.289758 0.355009 0.355009 0.355009
7410.278320 0.000000 3363.287109 0.000000 0.990164 0.000000 -0.139914 0.352238 0.352238 0.352238
7421.258301 0.000000 3344.592529 0.000000 0.962786 0.000000 -0.270263 0.354137 0.354137 0.354137
7506.736816 0.000000 3269.730469 0.000000 0.999198 0.000000 0.040048 0.349550 0.349550 0.349550
7526.720703 0.000000 3266.343994 0.000000 0.996100 0.000000 0.088230 0.348942 0.348942 0.348942
7561.163574 0.000000 3258.910156 0.000000 0.982815 0.000000 -0.184595 0.352198 0.352198 0.352198
7618.854492 0.000000 3267.156250 0.000000 0.985981 0.000000 -0.166857 0.352402 0.352402 0.352402
7477.008789 0.000000 3320.315674 0.000000 0.999343 0.000000 -0.036240 0.350524 0.350524 0.350524
7448.281738 0.000000 3298.108887 0.000000 0.952364 0.000000 0.304962 0.344963 0.344963 0.344963
7540.340820 0.000000 3276.429932 0.000000 0.998335 0.000000 -0.057685 0.350804 0.350804 0.350804
7504.764160 0.000000 3292.045654 0.000000 0.990912 0.000000 0.134512 0.348137 0.348137 0.348137
7436.406250 0.000000 3333.526367 0.000000 0.996087 0.000000 -0.088382 0.351191 0.351191 0.351191
7435.713867 0.000000 3370.581299 0.000000 0.999185 0.000000 -0.040360 0.350617 0.350617 0.350617
7439.844238 0.000000 3335.705322 0.000000 0.995239 0.000000 -0.097461 0.351591 0.351591 0.351591
7443.922852 0.000000 3336.377441 0.000000 0.995752 0.000000 -0.092077 0.351466 0.351466 0.351466
7581.075684 0.000000 3328.493896 0.000000 0.999763 0.000000 0.021757 0.349703 0.349703 0.349703
7580.116211 0.000000 3331.509277 0.000000 0.975251 0.000000 0.221102 0.346698 0.346698 0.346698
7605.008789 0.000000 3320.315674 0.000000 0.997634 0.000000 -0.068752 0.350965 0.350965 0.350965
7619.928711 0.000000 3306.225586 0.000000 0.999550 0.000000 0.029988 0.349547 0.349547 0.349547
7555.834473 0.000000 3332.580566 0.000000 0.997307 0.000000 -0.073343 0.350821 0.350821 0.350821
7562.448242 0.000000 3336.183105 0.000000 0.978091 0.000000 -0.208180 0.352886 0.352886 0.352886
7743.097656 0.000000 3258.998535 0.000000 0.999998 0.000000 0.001808 0.349978 0.349978 0.349978
7735.033203 0.000000 3258.057373 0.000000 0.967868 0.000000 0.251461 0.345636 0.345636 0.345636
7740.718750 0.000000 3260.840820 0.000000 0.959974 0.000000 0.280088 0.346056 0.346056 0.346056
7747.856934 0.000000 3269.681396 0.000000 0.960087 0.000000 0.279701 0.346483 0.346483 0.346483
7686.656738 0.000000 3324.911621 0.000000 0.976560 0.000000 -0.215246 0.353905 0.353905 0.353905
7696.764160 0.000000 3292.045654 0.000000 0.994135 0.000000 -0.108147 0.351941 0.351941 0.351941
7682.786133 0.000000 3310.994385 0.000000 0.990881 0.000000 -0.134742 0.351949 0.351949 0.351949
7687.626953 0.000000 3322.444092 0.000000 0.973887 0.000000 0.227031 0.346448 0.346448 0.346448
7683.834473 0.000000 3332.580566 0.000000 0.997116 0.000000 -0.075891 0.350860 0.350860 0.350860
7686.113770 0.000000 3371.536621 0.000000 0.992003 0.000000 -0.126214 0.351686 0.351686 0.351686
7686.202148 0.000000 3344.090820 0.000000 0.975783 0.000000 0.218740 0.346984 0.346984 0.346984
7702.909180 0.000000 3343.577881 0.000000 0.993346 0.000000 0.115171 0.348336 0.348336 0.348336
7682.759766 0.000000 3341.692627 0.000000 0.999195 0.000000 0.040115 0.349397 0.349397 0.349397
"}
object={
	name="oak_generator_1_3"
	clamp_to_water_level=no
	render_under_water=no
	generated_content=yes
	layer="semidynamic"
	pdxmesh="oak_tree_04_mesh"
	count=155
	transform="3740.116211 0.000000 1806.431274 0.000000 0.625166 0.000000 -0.780492 0.362871 0.362871 0.362871
1906.281372 0.000000 2189.475342 0.000000 0.663826 0.000000 -0.747887 0.364396 0.364396 0.364396
1892.100952 0.000000 2194.267578 0.000000 0.933312 0.000000 -0.359067 0.356210 0.356210 0.356210
1304.358154 0.000000 2437.339111 0.000000 0.843555 0.000000 -0.537043 0.361765 0.361765 0.361765
1286.798706 0.000000 2443.095215 0.000000 0.845179 0.000000 -0.534483 0.357687 0.357687 0.357687
1304.196777 0.000000 2435.096191 0.000000 0.607159 0.000000 -0.794580 0.370462 0.370462 0.370462
2074.616699 0.000000 2322.068848 0.000000 0.687053 0.000000 -0.726607 0.360838 0.360838 0.360838
3718.927734 0.000000 1813.847412 0.000000 0.777956 0.000000 -0.628318 0.360537 0.360537 0.360537
3799.827881 0.000000 1831.676758 0.000000 0.868287 0.000000 -0.496062 0.359729 0.359729 0.359729
3791.844482 0.000000 1810.627197 0.000000 0.727957 0.000000 -0.685623 0.361387 0.361387 0.361387
3839.450684 0.000000 1815.429321 0.000000 0.679987 0.000000 -0.733224 0.362765 0.362765 0.362765
3846.297607 0.000000 1808.848145 0.000000 0.856032 0.000000 -0.516923 0.359043 0.359043 0.359043
3856.434082 0.000000 1837.561157 0.000000 0.917990 0.000000 -0.396603 0.357216 0.357216 0.357216
4006.658447 0.000000 1815.720947 0.000000 0.839996 0.000000 -0.542592 0.358569 0.358569 0.358569
4525.233887 0.000000 760.194153 0.000000 0.719489 0.000000 -0.694504 0.359056 0.359056 0.359056
4518.465332 0.000000 759.394592 0.000000 0.788633 0.000000 -0.614864 0.360792 0.360792 0.360792
4889.025879 0.000000 1016.966675 0.000000 0.932147 0.000000 -0.362079 0.357834 0.357834 0.357834
5047.341309 0.000000 1519.885742 0.000000 0.840630 0.000000 -0.541609 0.359527 0.359527 0.359527
5062.827637 0.000000 1524.592651 0.000000 0.877069 0.000000 -0.480364 0.358319 0.358319 0.358319
5127.852051 0.000000 1562.255615 0.000000 0.945903 0.000000 -0.324449 0.356193 0.356193 0.356193
5863.553711 0.000000 1711.733521 0.000000 0.914706 0.000000 -0.404120 0.355653 0.355653 0.355653
5883.743652 0.000000 1745.258789 0.000000 0.814566 0.000000 -0.580072 0.359544 0.359544 0.359544
5868.874023 0.000000 1739.520508 0.000000 0.698646 0.000000 -0.715467 0.365640 0.365640 0.365640
5848.466797 0.000000 1721.055298 0.000000 0.827085 0.000000 -0.562076 0.361318 0.361318 0.361318
5878.375000 0.000000 1726.080933 0.000000 0.758460 0.000000 -0.651719 0.365631 0.365631 0.365631
5901.243652 0.000000 1758.256714 0.000000 0.795576 0.000000 -0.605853 0.359099 0.359099 0.359099
5910.697754 0.000000 1797.534302 0.000000 0.727496 0.000000 -0.686112 0.361926 0.361926 0.361926
7437.333984 0.000000 456.204376 0.000000 0.745265 0.000000 -0.666768 0.361065 0.361065 0.361065
7441.983398 0.000000 473.243256 0.000000 0.949432 0.000000 -0.313974 0.354926 0.354926 0.354926
4122.616211 0.000000 1831.582397 0.000000 0.834163 0.000000 -0.551518 0.359010 0.359010 0.359010
4890.132812 0.000000 1841.951782 0.000000 0.683352 0.000000 -0.730089 0.363624 0.363624 0.363624
4893.075684 0.000000 1859.900146 0.000000 0.634458 0.000000 -0.772958 0.369686 0.369686 0.369686
4912.015137 0.000000 1835.281494 0.000000 0.893079 0.000000 -0.449901 0.357299 0.357299 0.357299
4891.115234 0.000000 1836.783691 0.000000 0.705779 0.000000 -0.708432 0.364549 0.364549 0.364549
4896.505859 0.000000 1852.157837 0.000000 0.906308 0.000000 -0.422619 0.359722 0.359722 0.359722
4901.593262 0.000000 1849.710693 0.000000 0.873400 0.000000 -0.487003 0.361334 0.361334 0.361334
4871.299805 0.000000 1848.238159 0.000000 0.872895 0.000000 -0.487908 0.359241 0.359241 0.359241
4925.258301 0.000000 1875.998657 0.000000 0.892371 0.000000 -0.451302 0.359185 0.359185 0.359185
4930.759766 0.000000 1873.098999 0.000000 0.940486 0.000000 -0.339833 0.355211 0.355211 0.355211
4893.536621 0.000000 2073.450684 0.000000 0.701186 0.000000 -0.712979 0.361929 0.361929 0.361929
4538.165039 0.000000 2620.832031 0.000000 0.935936 0.000000 -0.352170 0.357547 0.357547 0.357547
4535.033203 0.000000 2636.729248 0.000000 0.764007 0.000000 -0.645208 0.359498 0.359498 0.359498
4528.015137 0.000000 2626.062744 0.000000 0.794100 0.000000 -0.607787 0.358705 0.358705 0.358705
4536.956055 0.000000 2623.697021 0.000000 0.712945 0.000000 -0.701220 0.367247 0.367247 0.367247
4548.861816 0.000000 2626.235840 0.000000 0.815111 0.000000 -0.579305 0.357963 0.357963 0.357963
4549.963867 0.000000 2618.980225 0.000000 0.884953 0.000000 -0.465681 0.358698 0.358698 0.358698
4574.089844 0.000000 2627.216553 0.000000 0.721648 0.000000 -0.692260 0.360757 0.360757 0.360757
4544.205078 0.000000 2620.699951 0.000000 0.818733 0.000000 -0.574174 0.361597 0.361597 0.361597
4584.221680 0.000000 2618.724609 0.000000 0.677523 0.000000 -0.735501 0.361843 0.361843 0.361843
4560.764160 0.000000 2614.233154 0.000000 0.701585 0.000000 -0.712586 0.363203 0.363203 0.363203
4566.909180 0.000000 2609.281006 0.000000 0.933836 0.000000 -0.357702 0.357527 0.357527 0.357527
4582.386719 0.000000 2620.629395 0.000000 0.932126 0.000000 -0.362133 0.357593 0.357593 0.357593
4603.279297 0.000000 2623.482666 0.000000 0.950300 0.000000 -0.311336 0.355975 0.355975 0.355975
4604.546387 0.000000 2626.220947 0.000000 0.668623 0.000000 -0.743602 0.364982 0.364982 0.364982
4564.471191 0.000000 2620.106934 0.000000 0.679662 0.000000 -0.733525 0.363348 0.363348 0.363348
4593.258789 0.000000 2635.738281 0.000000 0.928189 0.000000 -0.372109 0.358279 0.358279 0.358279
4560.405273 0.000000 2635.836426 0.000000 0.724045 0.000000 -0.689753 0.364266 0.364266 0.364266
4545.439453 0.000000 2622.660645 0.000000 0.736960 0.000000 -0.675936 0.362096 0.362096 0.362096
4563.258789 0.000000 2637.174805 0.000000 0.677231 0.000000 -0.735770 0.363185 0.363185 0.363185
4549.852539 0.000000 2621.126709 0.000000 0.862613 0.000000 -0.505865 0.361818 0.361818 0.361818
4619.567871 0.000000 2638.434570 0.000000 0.773081 0.000000 -0.634307 0.364109 0.364109 0.364109
4839.443848 0.000000 2666.054932 0.000000 0.949725 0.000000 -0.313084 0.355301 0.355301 0.355301
4886.343750 0.000000 2672.157959 0.000000 0.927458 0.000000 -0.373928 0.357367 0.357367 0.357367
4874.448242 0.000000 2658.370605 0.000000 0.664525 0.000000 -0.747266 0.362278 0.362278 0.362278
4902.658203 0.000000 2662.986572 0.000000 0.778773 0.000000 -0.627306 0.365109 0.365109 0.365109
4910.967285 0.000000 2670.142578 0.000000 0.695010 0.000000 -0.719000 0.362760 0.362760 0.362760
4905.380859 0.000000 2670.713135 0.000000 0.817638 0.000000 -0.575733 0.361954 0.361954 0.361954
4960.264648 0.000000 2676.634033 0.000000 0.754079 0.000000 -0.656783 0.365966 0.365966 0.365966
4937.095215 0.000000 2666.752930 0.000000 0.865787 0.000000 -0.500413 0.356228 0.356228 0.356228
4943.712891 0.000000 2673.379883 0.000000 0.626407 0.000000 -0.779496 0.364801 0.364801 0.364801
5001.114258 0.000000 2684.879395 0.000000 0.702590 0.000000 -0.711595 0.364425 0.364425 0.364425
5067.937012 0.000000 2687.534912 0.000000 0.775377 0.000000 -0.631499 0.358481 0.358481 0.358481
5085.260254 0.000000 2689.034912 0.000000 0.943459 0.000000 -0.331489 0.357469 0.357469 0.357469
5081.637695 0.000000 2691.463135 0.000000 0.874376 0.000000 -0.485249 0.360625 0.360625 0.360625
5916.683105 0.000000 1820.933960 0.000000 0.773741 0.000000 -0.633502 0.360881 0.360881 0.360881
5913.637695 0.000000 1844.197388 0.000000 0.646834 0.000000 -0.762631 0.369327 0.369327 0.369327
5935.365234 0.000000 1894.787964 0.000000 0.850930 0.000000 -0.525279 0.357974 0.357974 0.357974
5944.634766 0.000000 1899.772949 0.000000 0.660055 0.000000 -0.751217 0.361102 0.361102 0.361102
5915.116211 0.000000 1882.459595 0.000000 0.844722 0.000000 -0.535206 0.358142 0.358142 0.358142
5924.534668 0.000000 1881.162476 0.000000 0.902383 0.000000 -0.430934 0.356754 0.356754 0.356754
6140.270508 0.000000 2420.677490 0.000000 0.731133 0.000000 -0.682235 0.361383 0.361383 0.361383
6121.896973 0.000000 2428.856445 0.000000 0.906098 0.000000 -0.423068 0.355993 0.355993 0.355993
4419.716309 0.000000 3034.778076 0.000000 0.588288 0.000000 -0.808651 0.369258 0.369258 0.369258
4435.281738 0.000000 3049.326416 0.000000 0.618379 0.000000 -0.785880 0.370145 0.370145 0.370145
4418.523438 0.000000 3064.571045 0.000000 0.776670 0.000000 -0.629908 0.365184 0.365184 0.365184
5561.683105 0.000000 2769.890137 0.000000 0.631297 0.000000 -0.775541 0.364348 0.364348 0.364348
5659.116211 0.000000 2786.209717 0.000000 0.921393 0.000000 -0.388633 0.355912 0.355912 0.355912
6118.352539 0.000000 2816.922852 0.000000 0.883238 0.000000 -0.468924 0.358764 0.358764 0.358764
6838.117188 0.000000 2040.458862 0.000000 0.719485 0.000000 -0.694508 0.366301 0.366301 0.366301
6836.127930 0.000000 2051.320068 0.000000 0.917297 0.000000 -0.398204 0.356495 0.356495 0.356495
6841.361328 0.000000 2046.226807 0.000000 0.886865 0.000000 -0.462029 0.358330 0.358330 0.358330
6855.674805 0.000000 2057.383545 0.000000 0.937020 0.000000 -0.349276 0.354037 0.354037 0.354037
6866.736816 0.000000 2083.558594 0.000000 0.925618 0.000000 -0.378459 0.354612 0.354612 0.354612
6868.194824 0.000000 2079.350342 0.000000 0.832350 0.000000 -0.554250 0.357956 0.357956 0.357956
6857.424316 0.000000 2061.311279 0.000000 0.945174 0.000000 -0.326566 0.354709 0.354709 0.354709
6852.219238 0.000000 2066.071533 0.000000 0.874913 0.000000 -0.484281 0.359034 0.359034 0.359034
6186.064453 0.000000 2423.667480 0.000000 0.937451 0.000000 -0.348117 0.355608 0.355608 0.355608
6194.714844 0.000000 2422.816650 0.000000 0.654388 0.000000 -0.756159 0.367606 0.367606 0.367606
6237.269531 0.000000 2430.987549 0.000000 0.824548 0.000000 -0.565792 0.359091 0.359091 0.359091
6759.437012 0.000000 2343.241211 0.000000 0.777253 0.000000 -0.629188 0.361803 0.361803 0.361803
6791.674805 0.000000 2339.805420 0.000000 0.727167 0.000000 -0.686460 0.358595 0.358595 0.358595
6800.434082 0.000000 2345.920654 0.000000 0.771649 0.000000 -0.636049 0.365240 0.365240 0.365240
7020.084473 0.000000 2346.603271 0.000000 0.840975 0.000000 -0.541075 0.357593 0.357593 0.357593
6942.089844 0.000000 2570.732178 0.000000 0.835521 0.000000 -0.549459 0.357548 0.357548 0.357548
6942.841309 0.000000 2573.428955 0.000000 0.913173 0.000000 -0.407573 0.358822 0.358822 0.358822
6952.581055 0.000000 2572.061279 0.000000 0.692915 0.000000 -0.721019 0.362349 0.362349 0.362349
6676.194824 0.000000 2870.131592 0.000000 0.880495 0.000000 -0.474055 0.356020 0.356020 0.356020
6697.246582 0.000000 2872.530518 0.000000 0.880098 0.000000 -0.474792 0.360505 0.360505 0.360505
6716.341309 0.000000 2877.386475 0.000000 0.687639 0.000000 -0.726053 0.367076 0.367076 0.367076
6705.495117 0.000000 2880.803223 0.000000 0.773447 0.000000 -0.633862 0.359928 0.359928 0.359928
6765.664062 0.000000 2887.698730 0.000000 0.933508 0.000000 -0.358557 0.358171 0.358171 0.358171
6798.716309 0.000000 2890.436768 0.000000 0.801434 0.000000 -0.598083 0.357563 0.357563 0.357563
6793.095215 0.000000 2892.690430 0.000000 0.905912 0.000000 -0.423467 0.358253 0.358253 0.358253
6795.269531 0.000000 2890.033203 0.000000 0.810022 0.000000 -0.586400 0.363962 0.363962 0.363962
6908.365723 0.000000 2883.430908 0.000000 0.947371 0.000000 -0.320138 0.356108 0.356108 0.356108
6904.357422 0.000000 2889.050049 0.000000 0.834403 0.000000 -0.551155 0.363007 0.363007 0.363007
6905.532715 0.000000 2895.677734 0.000000 0.812748 0.000000 -0.582616 0.363396 0.363396 0.363396
6893.664062 0.000000 2887.698730 0.000000 0.792643 0.000000 -0.609686 0.361258 0.361258 0.361258
6929.653320 0.000000 2889.172607 0.000000 0.643955 0.000000 -0.765063 0.364577 0.364577 0.364577
6932.109863 0.000000 2892.392822 0.000000 0.802407 0.000000 -0.596777 0.364249 0.364249 0.364249
6934.294922 0.000000 2888.176270 0.000000 0.613153 0.000000 -0.789964 0.369975 0.369975 0.369975
6989.917480 0.000000 3081.602539 0.000000 0.866908 0.000000 -0.498468 0.357706 0.357706 0.357706
6998.294922 0.000000 3114.113770 0.000000 0.868207 0.000000 -0.496202 0.358144 0.358144 0.358144
7055.784668 0.000000 3091.979004 0.000000 0.828362 0.000000 -0.560193 0.359898 0.359898 0.359898
7065.450195 0.000000 3210.821777 0.000000 0.677069 0.000000 -0.735920 0.368427 0.368427 0.368427
7410.714844 0.000000 3326.566650 0.000000 0.919431 0.000000 -0.393252 0.356145 0.356145 0.356145
7414.447266 0.000000 3325.303223 0.000000 0.919952 0.000000 -0.392031 0.357251 0.357251 0.357251
7416.357422 0.000000 3340.925049 0.000000 0.938762 0.000000 -0.344567 0.355318 0.355318 0.355318
7422.677246 0.000000 3335.124268 0.000000 0.607148 0.000000 -0.794589 0.363842 0.363842 0.363842
7517.075684 0.000000 3272.009521 0.000000 0.846445 0.000000 -0.532476 0.357728 0.357728 0.357728
7583.881836 0.000000 3165.774414 0.000000 0.647352 0.000000 -0.762191 0.363632 0.363632 0.363632
7573.428223 0.000000 3251.957031 0.000000 0.876882 0.000000 -0.480705 0.355762 0.355762 0.355762
7565.066406 0.000000 3272.825684 0.000000 0.900367 0.000000 -0.435132 0.355291 0.355291 0.355291
7443.921875 0.000000 3300.419189 0.000000 0.927369 0.000000 -0.374147 0.354473 0.354473 0.354473
7450.661621 0.000000 3297.531494 0.000000 0.626049 0.000000 -0.779784 0.364183 0.364183 0.364183
7479.033203 0.000000 3314.541748 0.000000 0.808283 0.000000 -0.588794 0.364028 0.364028 0.364028
7479.879395 0.000000 3319.288574 0.000000 0.946062 0.000000 -0.323984 0.355723 0.355723 0.355723
7450.616211 0.000000 3300.176270 0.000000 0.938792 0.000000 -0.344486 0.355024 0.355024 0.355024
7444.387207 0.000000 3302.890869 0.000000 0.907515 0.000000 -0.420019 0.356250 0.356250 0.356250
7481.397461 0.000000 3314.244141 0.000000 0.933746 0.000000 -0.357936 0.357437 0.357437 0.357437
7490.892090 0.000000 3314.294922 0.000000 0.666942 0.000000 -0.745109 0.361900 0.361900 0.361900
7449.025879 0.000000 3332.825928 0.000000 0.790353 0.000000 -0.612652 0.360861 0.360861 0.360861
7444.737793 0.000000 3332.581055 0.000000 0.864693 0.000000 -0.502300 0.359749 0.359749 0.359749
7431.299805 0.000000 3373.316162 0.000000 0.681672 0.000000 -0.731658 0.363052 0.363052 0.363052
7577.164062 0.000000 3331.953125 0.000000 0.707729 0.000000 -0.706484 0.365904 0.365904 0.365904
7575.825684 0.000000 3330.014160 0.000000 0.642974 0.000000 -0.765888 0.369439 0.369439 0.369439
7623.674805 0.000000 3300.039795 0.000000 0.881069 0.000000 -0.472987 0.355510 0.355510 0.355510
7677.733887 0.000000 3310.303955 0.000000 0.749425 0.000000 -0.662089 0.358220 0.358220 0.358220
7621.002930 0.000000 3312.221680 0.000000 0.930922 0.000000 -0.365219 0.354492 0.354492 0.354492
7560.000977 0.000000 3336.639404 0.000000 0.915323 0.000000 -0.402720 0.357732 0.357732 0.357732
7735.879395 0.000000 3262.804199 0.000000 0.588466 0.000000 -0.808522 0.362712 0.362712 0.362712
7729.495117 0.000000 3276.193848 0.000000 0.817522 0.000000 -0.575897 0.359384 0.359384 0.359384
7687.290527 0.000000 3310.766113 0.000000 0.690033 0.000000 -0.723778 0.361385 0.361385 0.361385
7682.854492 0.000000 3323.640625 0.000000 0.805268 0.000000 -0.592911 0.360398 0.360398 0.360398
7700.387207 0.000000 3359.375244 0.000000 0.922679 0.000000 -0.385568 0.356105 0.356105 0.356105
"}
object={
	name="oak_generator_1_4"
	clamp_to_water_level=no
	render_under_water=no
	generated_content=yes
	layer="semidynamic"
	pdxmesh="oak_tree_dense_01_mesh"
	count=162
	transform="1907.720459 0.000000 2184.278076 0.000000 0.128401 0.000000 -0.991722 0.367704 0.367704 0.367704
1907.473267 0.000000 2186.784180 0.000000 0.101645 0.000000 -0.994821 0.373233 0.373233 0.373233
1289.939697 0.000000 2444.116455 0.000000 0.548568 0.000000 -0.836106 0.371846 0.371846 0.371846
1308.903564 0.000000 2435.449463 0.000000 0.536601 0.000000 -0.843836 0.370449 0.370449 0.370449
1302.302124 0.000000 2603.335205 0.000000 0.503039 0.000000 -0.864264 0.362950 0.362950 0.362950
2052.014893 0.000000 2321.946533 0.000000 0.495640 0.000000 -0.868528 0.365262 0.365262 0.365262
2163.915527 0.000000 2327.900635 0.000000 0.095931 0.000000 -0.995388 0.375643 0.375643 0.375643
3727.571045 0.000000 1814.112549 0.000000 0.059162 0.000000 -0.998248 0.379124 0.379124 0.379124
3820.304199 0.000000 1831.199341 0.000000 0.585660 0.000000 -0.810557 0.365195 0.365195 0.365195
3862.908936 0.000000 1818.499878 0.000000 0.316197 0.000000 -0.948694 0.368336 0.368336 0.368336
3901.258057 0.000000 1819.514282 0.000000 0.582065 0.000000 -0.813142 0.366428 0.366428 0.366428
3886.967041 0.000000 1822.876831 0.000000 0.190435 0.000000 -0.981700 0.373861 0.373861 0.373861
4538.133789 0.000000 761.761353 0.000000 0.537386 0.000000 -0.843336 0.363065 0.363065 0.363065
4602.815430 0.000000 1306.709717 0.000000 0.172581 0.000000 -0.984995 0.371123 0.371123 0.371123
4896.344727 0.000000 998.552002 0.000000 0.574330 0.000000 -0.818624 0.363868 0.363868 0.363868
4889.164062 0.000000 1016.093811 0.000000 0.509340 0.000000 -0.860565 0.371915 0.371915 0.371915
4888.982910 0.000000 1020.592651 0.000000 0.507065 0.000000 -0.861908 0.368339 0.368339 0.368339
4178.409180 0.000000 1666.456421 0.000000 0.068645 0.000000 -0.997641 0.368441 0.368441 0.368441
5060.256348 0.000000 1524.109497 0.000000 0.096863 0.000000 -0.995298 0.374725 0.374725 0.374725
5094.386719 0.000000 1547.426270 0.000000 0.386728 0.000000 -0.922194 0.368819 0.368819 0.368819
5119.022949 0.000000 1579.243652 0.000000 0.191195 0.000000 -0.981552 0.374209 0.374209 0.374209
5062.927734 0.000000 1531.425537 0.000000 0.096622 0.000000 -0.995321 0.371123 0.371123 0.371123
5135.784668 0.000000 1566.900757 0.000000 0.215918 0.000000 -0.976411 0.376840 0.376840 0.376840
5131.567871 0.000000 1565.231445 0.000000 0.581912 0.000000 -0.813252 0.369958 0.369958 0.369958
5865.206543 0.000000 1703.074951 0.000000 0.266549 0.000000 -0.963821 0.365404 0.365404 0.365404
5869.060059 0.000000 1736.923096 0.000000 0.377249 0.000000 -0.926112 0.364742 0.364742 0.364742
5875.339844 0.000000 1729.820557 0.000000 0.138645 0.000000 -0.990342 0.378961 0.378961 0.378961
5919.273438 0.000000 1805.892090 0.000000 0.305064 0.000000 -0.952332 0.368783 0.368783 0.368783
5906.974121 0.000000 1752.418579 0.000000 0.516487 0.000000 -0.856295 0.365181 0.365181 0.365181
5907.922852 0.000000 1754.815063 0.000000 0.214312 0.000000 -0.976765 0.369060 0.369060 0.369060
5905.307129 0.000000 1761.961548 0.000000 0.088956 0.000000 -0.996036 0.372722 0.372722 0.372722
5899.910645 0.000000 1778.698608 0.000000 0.203139 0.000000 -0.979150 0.374712 0.374712 0.374712
7409.605957 0.000000 504.728851 0.000000 0.174990 0.000000 -0.984570 0.370660 0.370660 0.370660
7409.495117 0.000000 508.459412 0.000000 0.308528 0.000000 -0.951215 0.369773 0.369773 0.369773
7429.963867 0.000000 472.574005 0.000000 0.358405 0.000000 -0.933566 0.374044 0.374044 0.374044
7447.825684 0.000000 505.795380 0.000000 0.084971 0.000000 -0.996383 0.382326 0.382326 0.382326
7440.326660 0.000000 474.541962 0.000000 0.122657 0.000000 -0.992449 0.374923 0.374923 0.374923
4118.690430 0.000000 1835.516968 0.000000 0.367528 0.000000 -0.930012 0.369674 0.369674 0.369674
4902.737793 0.000000 1845.977905 0.000000 0.504418 0.000000 -0.863460 0.364524 0.364524 0.364524
4864.956543 0.000000 1848.619873 0.000000 0.359654 0.000000 -0.933086 0.372441 0.372441 0.372441
4865.278809 0.000000 1853.375244 0.000000 0.417563 0.000000 -0.908648 0.368877 0.368877 0.368877
4899.886719 0.000000 1838.124512 0.000000 0.302479 0.000000 -0.953156 0.375779 0.375779 0.375779
4897.051758 0.000000 1839.691528 0.000000 0.529372 0.000000 -0.848390 0.369251 0.369251 0.369251
4901.993652 0.000000 2063.000732 0.000000 0.307814 0.000000 -0.951447 0.365773 0.365773 0.365773
4170.749023 0.000000 2583.989746 0.000000 0.349880 0.000000 -0.936795 0.367971 0.367971 0.367971
4175.784668 0.000000 2583.619629 0.000000 0.500953 0.000000 -0.865474 0.365448 0.365448 0.365448
4529.158691 0.000000 2632.909668 0.000000 0.143712 0.000000 -0.989620 0.373996 0.373996 0.373996
4540.880859 0.000000 2621.510986 0.000000 0.437175 0.000000 -0.899376 0.374039 0.374039 0.374039
4542.998535 0.000000 2622.262939 0.000000 0.258072 0.000000 -0.966126 0.378955 0.378955 0.378955
4544.110840 0.000000 2608.645752 0.000000 0.330709 0.000000 -0.943733 0.366332 0.366332 0.366332
4592.887695 0.000000 2623.156738 0.000000 0.025131 0.000000 -0.999684 0.382009 0.382009 0.382009
4598.496094 0.000000 2627.590088 0.000000 0.250740 0.000000 -0.968054 0.369108 0.369108 0.369108
4588.084473 0.000000 2629.025146 0.000000 0.072129 0.000000 -0.997395 0.372981 0.372981 0.372981
4599.033203 0.000000 2636.729248 0.000000 0.501023 0.000000 -0.865434 0.373307 0.373307 0.373307
4567.871582 0.000000 2637.762207 0.000000 0.204275 0.000000 -0.978914 0.370277 0.370277 0.370277
4587.534668 0.000000 2614.270996 0.000000 0.197922 0.000000 -0.980218 0.368516 0.368516 0.368516
4549.178223 0.000000 2623.651367 0.000000 0.014876 0.000000 -0.999889 0.380862 0.380862 0.380862
4546.873047 0.000000 2624.571533 0.000000 0.265466 0.000000 -0.964120 0.375941 0.375941 0.375941
4582.985352 0.000000 2630.145752 0.000000 0.386489 0.000000 -0.922294 0.373645 0.373645 0.373645
4592.749512 0.000000 2620.888916 0.000000 0.447047 0.000000 -0.894510 0.366594 0.366594 0.366594
4590.967285 0.000000 2613.658203 0.000000 0.399561 0.000000 -0.916707 0.367481 0.367481 0.367481
4558.486328 0.000000 2636.963135 0.000000 0.580445 0.000000 -0.814299 0.371201 0.371201 0.371201
4640.344727 0.000000 2636.598877 0.000000 0.172235 0.000000 -0.985056 0.370457 0.370457 0.370457
4625.116211 0.000000 2645.528809 0.000000 0.502452 0.000000 -0.864605 0.372084 0.372084 0.372084
4621.152832 0.000000 2643.512207 0.000000 0.549173 0.000000 -0.835709 0.370230 0.370230 0.370230
4621.897461 0.000000 2641.389160 0.000000 0.273367 0.000000 -0.961910 0.378830 0.378830 0.378830
4861.449707 0.000000 2664.251709 0.000000 0.182026 0.000000 -0.983294 0.373646 0.373646 0.373646
4913.098145 0.000000 2669.141602 0.000000 0.348126 0.000000 -0.937448 0.365822 0.365822 0.365822
4904.221680 0.000000 2675.208984 0.000000 0.506707 0.000000 -0.862118 0.364986 0.364986 0.364986
4879.844238 0.000000 2657.892822 0.000000 0.340809 0.000000 -0.940133 0.367526 0.367526 0.367526
4881.307129 0.000000 2665.711426 0.000000 0.014453 0.000000 -0.999896 0.375295 0.375295 0.375295
4893.291992 0.000000 2666.056641 0.000000 0.439712 0.000000 -0.898139 0.371103 0.371103 0.371103
4886.294922 0.000000 2662.238770 0.000000 0.098338 0.000000 -0.995153 0.382677 0.382677 0.382677
4910.326660 0.000000 2665.883789 0.000000 0.111445 0.000000 -0.993771 0.373013 0.373013 0.373013
4947.298340 0.000000 2672.712891 0.000000 0.494643 0.000000 -0.869096 0.362794 0.362794 0.362794
4963.650879 0.000000 2677.708008 0.000000 0.332220 0.000000 -0.943202 0.377454 0.377454 0.377454
5109.610352 0.000000 2690.258545 0.000000 0.535045 0.000000 -0.844823 0.372421 0.372421 0.372421
5914.661621 0.000000 1828.937622 0.000000 0.230495 0.000000 -0.973074 0.366780 0.366780 0.366780
5919.949707 0.000000 1841.755981 0.000000 0.571995 0.000000 -0.820257 0.362187 0.362187 0.362187
5914.616211 0.000000 1831.582397 0.000000 0.579942 0.000000 -0.814658 0.370383 0.370383 0.370383
5910.294922 0.000000 1814.973145 0.000000 0.090605 0.000000 -0.995887 0.373925 0.373925 0.373925
5932.877441 0.000000 1897.771362 0.000000 0.519940 0.000000 -0.854203 0.364764 0.364764 0.364764
5946.988770 0.000000 1897.618408 0.000000 0.068141 0.000000 -0.997676 0.372583 0.372583 0.372583
5871.560547 0.000000 2415.107422 0.000000 0.286476 0.000000 -0.958088 0.370080 0.370080 0.370080
6113.638184 0.000000 2419.112305 0.000000 0.298643 0.000000 -0.954365 0.367001 0.367001 0.367001
6106.771973 0.000000 2422.254150 0.000000 0.488184 0.000000 -0.872741 0.371133 0.371133 0.371133
6116.314453 0.000000 2425.739746 0.000000 0.218147 0.000000 -0.975916 0.378152 0.378152 0.378152
6139.743652 0.000000 2423.071289 0.000000 0.304316 0.000000 -0.952571 0.375630 0.375630 0.375630
4435.100098 0.000000 3046.418701 0.000000 0.490627 0.000000 -0.871370 0.372187 0.372187 0.372187
4430.452148 0.000000 3049.266602 0.000000 0.282210 0.000000 -0.959353 0.371609 0.371609 0.371609
4411.279297 0.000000 3075.357666 0.000000 0.020272 0.000000 -0.999794 0.374387 0.374387 0.374387
4422.202148 0.000000 3061.668945 0.000000 0.057691 0.000000 -0.998334 0.374591 0.374591 0.374591
4435.922852 0.000000 3053.955566 0.000000 0.162430 0.000000 -0.986720 0.369864 0.369864 0.369864
5706.422852 0.000000 2791.481934 0.000000 0.542988 0.000000 -0.839740 0.367464 0.367464 0.367464
6841.426758 0.000000 2050.836426 0.000000 0.256264 0.000000 -0.966607 0.365472 0.365472 0.365472
6837.757812 0.000000 2052.802246 0.000000 0.437530 0.000000 -0.899204 0.366216 0.366216 0.366216
6844.605469 0.000000 2065.364014 0.000000 0.542042 0.000000 -0.840352 0.371843 0.371843 0.371843
6851.167969 0.000000 2077.390137 0.000000 0.564782 0.000000 -0.825240 0.364673 0.364673 0.364673
6855.173340 0.000000 2062.644287 0.000000 0.213648 0.000000 -0.976911 0.371023 0.371023 0.371023
6184.272949 0.000000 2422.559326 0.000000 0.486817 0.000000 -0.873504 0.367544 0.367544 0.367544
6242.997070 0.000000 2428.307129 0.000000 0.313325 0.000000 -0.949646 0.368818 0.368818 0.368818
6237.075684 0.000000 2424.743896 0.000000 0.347192 0.000000 -0.937794 0.372477 0.372477 0.372477
6255.961914 0.000000 2427.603760 0.000000 0.225979 0.000000 -0.974132 0.379921 0.379921 0.379921
6156.406250 0.000000 2429.776367 0.000000 0.459354 0.000000 -0.888253 0.366244 0.366244 0.366244
6789.178223 0.000000 2341.229492 0.000000 0.185255 0.000000 -0.982690 0.380425 0.380425 0.380425
6787.661133 0.000000 2336.932861 0.000000 0.570078 0.000000 -0.821591 0.371484 0.371484 0.371484
6287.712891 0.000000 2842.833008 0.000000 0.074759 0.000000 -0.997202 0.383333 0.383333 0.383333
6284.424805 0.000000 2842.638428 0.000000 0.406415 0.000000 -0.913688 0.375674 0.375674 0.375674
6288.764160 0.000000 2840.170654 0.000000 0.193865 0.000000 -0.981028 0.380653 0.380653 0.380653
6673.116211 0.000000 2871.466309 0.000000 0.293542 0.000000 -0.955946 0.367740 0.367740 0.367740
6745.924805 0.000000 2877.459229 0.000000 0.012990 0.000000 -0.999916 0.369057 0.369057 0.369057
6684.442383 0.000000 2880.720459 0.000000 0.061453 0.000000 -0.998110 0.376904 0.376904 0.376904
6767.844727 0.000000 2887.813477 0.000000 0.244953 0.000000 -0.969535 0.379486 0.379486 0.379486
6760.628906 0.000000 2886.843506 0.000000 0.290077 0.000000 -0.957003 0.378442 0.378442 0.378442
6747.828125 0.000000 2884.742188 0.000000 0.246263 0.000000 -0.969203 0.379456 0.379456 0.379456
6748.442383 0.000000 2880.720459 0.000000 0.229375 0.000000 -0.973338 0.376566 0.376566 0.376566
6792.260254 0.000000 2889.708740 0.000000 0.455845 0.000000 -0.890059 0.374454 0.374454 0.374454
6886.658203 0.000000 2888.924072 0.000000 0.353057 0.000000 -0.935602 0.371462 0.371462 0.371462
6909.258301 0.000000 2892.717529 0.000000 0.476724 0.000000 -0.879053 0.373928 0.373928 0.373928
6911.835938 0.000000 2885.187256 0.000000 0.576699 0.000000 -0.816957 0.366500 0.366500 0.366500
6900.127930 0.000000 2898.585693 0.000000 0.224839 0.000000 -0.974396 0.371080 0.371080 0.371080
6909.061035 0.000000 2881.259521 0.000000 0.264882 0.000000 -0.964281 0.372425 0.372425 0.372425
6905.361328 0.000000 2893.492432 0.000000 0.038005 0.000000 -0.999278 0.384153 0.384153 0.384153
6894.326660 0.000000 2891.821289 0.000000 0.291005 0.000000 -0.956721 0.371121 0.371121 0.371121
6916.061523 0.000000 2896.912842 0.000000 0.296247 0.000000 -0.955112 0.367368 0.367368 0.367368
6914.492188 0.000000 2884.292725 0.000000 0.130778 0.000000 -0.991412 0.374090 0.374090 0.374090
6934.909180 0.000000 2891.702881 0.000000 0.004402 0.000000 -0.999990 0.384902 0.384902 0.384902
7166.888184 0.000000 2917.328125 0.000000 0.081016 0.000000 -0.996713 0.371868 0.371868 0.371868
7046.656738 0.000000 3098.974121 0.000000 0.348795 0.000000 -0.937199 0.369155 0.369155 0.369155
7060.862305 0.000000 3211.791992 0.000000 0.014513 0.000000 -0.999895 0.379781 0.379781 0.379781
7419.875488 0.000000 3346.784424 0.000000 0.554885 0.000000 -0.831927 0.362320 0.362320 0.362320
7408.015137 0.000000 3360.359619 0.000000 0.348190 0.000000 -0.937424 0.370068 0.370068 0.370068
7420.365723 0.000000 3335.305908 0.000000 0.186123 0.000000 -0.982526 0.368860 0.368860 0.368860
7411.409180 0.000000 3358.064453 0.000000 0.025553 0.000000 -0.999673 0.377139 0.377139 0.377139
7423.450684 0.000000 3340.507324 0.000000 0.583019 0.000000 -0.812459 0.364129 0.364129 0.364129
7412.417969 0.000000 3362.903076 0.000000 0.490751 0.000000 -0.871300 0.366453 0.366453 0.366453
7573.035156 0.000000 3260.326416 0.000000 0.025432 0.000000 -0.999677 0.367757 0.367757 0.367757
7467.534668 0.000000 3292.083496 0.000000 0.510061 0.000000 -0.860138 0.367328 0.367328 0.367328
7448.466797 0.000000 3302.617920 0.000000 0.273623 0.000000 -0.961837 0.369329 0.369329 0.369329
7524.049805 0.000000 3312.383301 0.000000 0.419464 0.000000 -0.907772 0.363374 0.363374 0.363374
7544.851562 0.000000 3307.706055 0.000000 0.153648 0.000000 -0.988126 0.367390 0.367390 0.367390
7532.084473 0.000000 3306.837646 0.000000 0.174384 0.000000 -0.984678 0.368840 0.368840 0.368840
7510.343750 0.000000 3293.486084 0.000000 0.445061 0.000000 -0.895500 0.365803 0.365803 0.365803
7538.278320 0.000000 3306.802734 0.000000 0.513082 0.000000 -0.858339 0.365691 0.365691 0.365691
7537.495117 0.000000 3276.193848 0.000000 0.518569 0.000000 -0.855036 0.366445 0.366445 0.366445
7540.969238 0.000000 3280.451660 0.000000 0.404594 0.000000 -0.914496 0.366087 0.366087 0.366087
7537.258789 0.000000 3313.550781 0.000000 0.497820 0.000000 -0.867280 0.366143 0.366143 0.366143
7532.263184 0.000000 3326.268799 0.000000 0.085611 0.000000 -0.996329 0.373033 0.373033 0.373033
7550.298340 0.000000 3325.564453 0.000000 0.454028 0.000000 -0.890987 0.370080 0.370080 0.370080
7435.567871 0.000000 3372.731445 0.000000 0.383118 0.000000 -0.923699 0.368110 0.368110 0.368110
7565.333984 0.000000 3280.423096 0.000000 0.026515 0.000000 -0.999648 0.368891 0.368891 0.368891
7593.246582 0.000000 3324.405518 0.000000 0.317642 0.000000 -0.948211 0.367224 0.367224 0.367224
7607.879395 0.000000 3319.288574 0.000000 0.262148 0.000000 -0.965028 0.369678 0.369678 0.369678
7588.101074 0.000000 3323.955078 0.000000 0.092163 0.000000 -0.995744 0.370347 0.370347 0.370347
7575.931152 0.000000 3327.811035 0.000000 0.047778 0.000000 -0.998858 0.373089 0.373089 0.373089
7556.015137 0.000000 3338.665283 0.000000 0.503555 0.000000 -0.863963 0.367864 0.367864 0.367864
7731.473145 0.000000 3259.987305 0.000000 0.136572 0.000000 -0.990630 0.371298 0.371298 0.371298
7681.278809 0.000000 3265.484619 0.000000 0.541832 0.000000 -0.840487 0.366092 0.366092 0.366092
7731.409180 0.000000 3301.580078 0.000000 0.375744 0.000000 -0.926723 0.367145 0.367145 0.367145
7702.343750 0.000000 3349.970459 0.000000 0.449366 0.000000 -0.893348 0.364818 0.364818 0.364818
7691.443359 0.000000 3362.565186 0.000000 0.031442 0.000000 -0.999506 0.372126 0.372126 0.372126
7680.974121 0.000000 3345.285889 0.000000 0.581811 0.000000 -0.813324 0.366309 0.366309 0.366309
"}
