object={
	name="palm_dense_generator_1_0"
	clamp_to_water_level=no
	render_under_water=no
	generated_content=yes
	layer="semidynamic"
	pdxmesh="tree_palm_01_mesh"
	count=285
	transform="510.419189 0.000000 776.444153 0.000000 0.243639 0.000000 0.969866 0.292147 0.292147 0.292147
496.648071 0.000000 774.772644 0.000000 0.105779 0.000000 0.994390 0.241634 0.241634 0.241634
459.486969 0.000000 742.856506 0.000000 0.511680 0.000000 0.859176 0.607220 0.607220 0.607220
461.487946 0.000000 744.313538 0.000000 0.856575 0.000000 0.516023 0.965482 0.965482 0.965482
378.561462 0.000000 822.540527 0.000000 0.739115 0.000000 0.673580 0.952951 0.952951 0.952951
380.180450 0.000000 824.883789 0.000000 0.091305 0.000000 0.995823 0.709503 0.709503 0.709503
459.486969 0.000000 799.340881 0.000000 0.004930 0.000000 0.999988 0.278422 0.278422 0.278422
461.704803 0.000000 803.607849 0.000000 0.150350 0.000000 0.988633 0.909608 0.909608 0.909608
578.199280 0.000000 854.377930 0.000000 0.525427 0.000000 0.850839 0.935219 0.935219 0.935219
633.360474 0.000000 858.522278 0.000000 0.026669 0.000000 0.999644 0.901698 0.901698 0.901698
695.107971 0.000000 835.982544 0.000000 0.169779 0.000000 0.985482 0.247789 0.247789 0.247789
699.001160 0.000000 828.582336 0.000000 0.341141 0.000000 0.940012 0.446338 0.446338 0.446338
673.910461 0.000000 833.104126 0.000000 0.585772 0.000000 0.810476 0.616551 0.616551 0.616551
689.315125 0.000000 833.479492 0.000000 0.728022 0.000000 0.685554 0.941729 0.941729 0.941729
689.424500 0.000000 829.197815 0.000000 0.719727 0.000000 0.694258 0.951147 0.951147 0.951147
696.471802 0.000000 831.237366 0.000000 0.627722 0.000000 0.778438 0.943202 0.943202 0.943202
650.565063 0.000000 849.814575 0.000000 0.861561 0.000000 0.507654 0.966103 0.966103 0.966103
650.166626 0.000000 853.779236 0.000000 0.426546 0.000000 0.904466 0.928054 0.928054 0.928054
760.065735 0.000000 872.628235 0.000000 0.426442 0.000000 0.904515 0.260861 0.260861 0.260861
737.210327 0.000000 892.138977 0.000000 0.365335 0.000000 0.930876 0.274565 0.274565 0.274565
748.760437 0.000000 885.770752 0.000000 0.802411 0.000000 0.596772 0.373799 0.373799 0.373799
738.735779 0.000000 886.918701 0.000000 0.045692 0.000000 0.998956 0.902910 0.902910 0.902910
737.910461 0.000000 889.588501 0.000000 0.188263 0.000000 0.982119 0.701402 0.701402 0.701402
740.952637 0.000000 887.742554 0.000000 0.702454 0.000000 0.711730 0.596824 0.596824 0.596824
767.163391 0.000000 879.940186 0.000000 0.330302 0.000000 0.943875 0.875213 0.875213 0.875213
739.523132 0.000000 891.911560 0.000000 0.109000 0.000000 0.994042 0.627774 0.627774 0.627774
735.373413 0.000000 890.698730 0.000000 0.750118 0.000000 0.661304 0.954001 0.954001 0.954001
744.284058 0.000000 885.732178 0.000000 0.040338 0.000000 0.999186 0.826916 0.826916 0.826916
798.924683 0.000000 773.601685 0.000000 0.068440 0.000000 0.997655 0.904360 0.904360 0.904360
902.215332 0.000000 783.234497 0.000000 0.733166 0.000000 0.680050 0.364176 0.364176 0.364176
904.908508 0.000000 780.196899 0.000000 0.327280 0.000000 0.944927 0.569190 0.569190 0.569190
902.056946 0.000000 779.234619 0.000000 0.423596 0.000000 0.905851 0.927846 0.927846 0.927846
904.076843 0.000000 778.350281 0.000000 0.287636 0.000000 0.957740 0.918574 0.918574 0.918574
1013.097351 0.000000 736.082214 0.000000 0.073808 0.000000 0.997272 0.904703 0.904703 0.904703
813.747009 0.000000 839.472839 0.000000 0.433543 0.000000 0.901133 0.729848 0.729848 0.729848
869.432373 0.000000 801.808289 0.000000 0.332477 0.000000 0.943111 0.921577 0.921577 0.921577
893.658813 0.000000 826.096985 0.000000 0.332654 0.000000 0.943049 0.252313 0.252313 0.252313
894.270142 0.000000 795.212646 0.000000 0.849853 0.000000 0.527020 0.939717 0.939717 0.939717
876.412659 0.000000 833.054993 0.000000 0.815218 0.000000 0.579154 0.600774 0.600774 0.600774
884.004028 0.000000 794.108826 0.000000 0.801110 0.000000 0.598517 0.391151 0.391151 0.391151
832.009766 0.000000 832.973755 0.000000 0.326658 0.000000 0.945143 0.579223 0.579223 0.579223
854.628418 0.000000 820.808472 0.000000 0.835322 0.000000 0.549761 0.962944 0.962944 0.962944
880.580505 0.000000 821.221985 0.000000 0.790034 0.000000 0.613064 0.925366 0.925366 0.925366
874.835876 0.000000 796.787537 0.000000 0.858213 0.000000 0.513294 0.965685 0.965685 0.965685
838.508057 0.000000 842.872375 0.000000 0.568571 0.000000 0.822634 0.938501 0.938501 0.938501
839.437256 0.000000 845.824890 0.000000 0.684998 0.000000 0.728545 0.948039 0.948039 0.948039
855.192017 0.000000 836.671875 0.000000 0.005421 0.000000 0.999985 0.347661 0.347661 0.347661
893.638245 0.000000 810.504456 0.000000 0.662127 0.000000 0.749392 0.946069 0.946069 0.946069
859.190735 0.000000 819.090637 0.000000 0.375037 0.000000 0.927010 0.924474 0.924474 0.924474
888.096619 0.000000 818.425171 0.000000 0.811384 0.000000 0.584514 0.769878 0.769878 0.769878
871.465637 0.000000 800.666931 0.000000 0.466953 0.000000 0.884282 0.913053 0.913053 0.913053
850.979797 0.000000 830.795044 0.000000 0.562138 0.000000 0.827044 0.606863 0.606863 0.606863
842.234924 0.000000 838.227173 0.000000 0.710090 0.000000 0.704110 0.950269 0.950269 0.950269
868.748962 0.000000 800.150757 0.000000 0.664104 0.000000 0.747641 0.946237 0.946237 0.946237
839.784241 0.000000 844.097656 0.000000 0.067012 0.000000 0.997752 0.904269 0.904269 0.904269
892.313171 0.000000 814.536133 0.000000 0.774776 0.000000 0.632235 0.956428 0.956428 0.956428
843.049316 0.000000 840.662170 0.000000 0.222076 0.000000 0.975029 0.914257 0.914257 0.914257
799.453491 0.000000 863.995728 0.000000 0.848304 0.000000 0.529509 0.391127 0.391127 0.391127
786.127686 0.000000 860.541687 0.000000 0.043950 0.000000 0.999034 0.873067 0.873067 0.873067
809.563477 0.000000 873.756653 0.000000 0.631557 0.000000 0.775330 0.836703 0.836703 0.836703
812.063171 0.000000 856.254761 0.000000 0.840203 0.000000 0.542272 0.923162 0.923162 0.923162
789.668762 0.000000 857.054504 0.000000 0.075615 0.000000 0.997137 0.411773 0.411773 0.411773
830.270142 0.000000 851.697021 0.000000 0.384747 0.000000 0.923022 0.925142 0.925142 0.925142
808.974609 0.000000 858.787170 0.000000 0.156544 0.000000 0.987671 0.246432 0.246432 0.246432
820.014587 0.000000 856.108948 0.000000 0.824041 0.000000 0.566531 0.550445 0.550445 0.550445
784.244324 0.000000 876.463440 0.000000 0.212845 0.000000 0.977086 0.457261 0.457261 0.457261
788.832764 0.000000 859.845276 0.000000 0.406482 0.000000 0.913659 0.623859 0.623859 0.623859
824.639099 0.000000 852.237976 0.000000 0.569859 0.000000 0.821742 0.588476 0.588476 0.588476
791.068298 0.000000 851.776794 0.000000 0.292857 0.000000 0.956156 0.302072 0.302072 0.302072
782.686707 0.000000 861.857117 0.000000 0.383393 0.000000 0.923585 0.925049 0.925049 0.925049
813.143188 0.000000 847.567932 0.000000 0.627334 0.000000 0.778751 0.830385 0.830385 0.830385
804.915894 0.000000 875.328064 0.000000 0.552224 0.000000 0.833696 0.937244 0.937244 0.937244
801.049316 0.000000 848.515930 0.000000 0.202281 0.000000 0.979327 0.837197 0.837197 0.837197
793.618530 0.000000 898.942871 0.000000 0.362844 0.000000 0.931850 0.923639 0.923639 0.923639
787.237000 0.000000 858.588684 0.000000 0.704716 0.000000 0.709489 0.949785 0.949785 0.949785
793.304749 0.000000 848.259338 0.000000 0.699950 0.000000 0.714192 0.949359 0.949359 0.949359
802.937195 0.000000 849.050354 0.000000 0.394629 0.000000 0.918840 0.906627 0.906627 0.906627
805.967468 0.000000 872.162964 0.000000 0.671011 0.000000 0.741448 0.901788 0.901788 0.901788
787.704041 0.000000 861.029846 0.000000 0.101169 0.000000 0.994869 0.877837 0.877837 0.877837
799.967712 0.000000 865.465332 0.000000 0.291092 0.000000 0.956695 0.918804 0.918804 0.918804
823.353271 0.000000 854.409424 0.000000 0.061825 0.000000 0.998087 0.903938 0.903938 0.903938
854.937195 0.000000 861.692993 0.000000 0.417922 0.000000 0.908483 0.811462 0.811462 0.811462
859.932800 0.000000 867.535278 0.000000 0.411236 0.000000 0.911529 0.283089 0.283089 0.283089
849.664795 0.000000 853.921631 0.000000 0.419611 0.000000 0.907704 0.432602 0.432602 0.432602
857.706726 0.000000 860.904968 0.000000 0.512879 0.000000 0.858461 0.934284 0.934284 0.934284
857.283936 0.000000 868.883362 0.000000 0.586956 0.000000 0.809619 0.354784 0.354784 0.354784
840.614319 0.000000 860.794495 0.000000 0.006060 0.000000 0.999982 0.900386 0.900386 0.900386
838.474854 0.000000 861.856262 0.000000 0.391343 0.000000 0.920245 0.925598 0.925598 0.925598
836.035400 0.000000 853.485352 0.000000 0.295165 0.000000 0.955446 0.919075 0.919075 0.919075
839.699585 0.000000 863.120483 0.000000 0.282071 0.000000 0.959393 0.848919 0.848919 0.848919
857.349731 0.000000 867.216309 0.000000 0.564424 0.000000 0.825485 0.938180 0.938180 0.938180
951.107971 0.000000 835.982544 0.000000 0.277166 0.000000 0.960822 0.486930 0.486930 0.486930
901.119202 0.000000 807.215454 0.000000 0.561282 0.000000 0.827624 0.413493 0.413493 0.413493
898.356873 0.000000 795.679443 0.000000 0.821146 0.000000 0.570719 0.741762 0.741762 0.741762
896.090149 0.000000 794.076843 0.000000 0.285519 0.000000 0.958373 0.414351 0.414351 0.414351
898.575745 0.000000 831.908325 0.000000 0.080293 0.000000 0.996771 0.804653 0.804653 0.804653
929.641785 0.000000 808.859863 0.000000 0.662937 0.000000 0.748675 0.750960 0.750960 0.750960
995.991211 0.000000 806.507751 0.000000 0.290319 0.000000 0.956930 0.583271 0.583271 0.583271
979.771851 0.000000 813.406677 0.000000 0.208062 0.000000 0.978116 0.544076 0.544076 0.544076
939.596497 0.000000 895.807129 0.000000 0.262948 0.000000 0.964810 0.362659 0.362659 0.362659
11.616361 0.000000 1046.059937 0.000000 0.111131 0.000000 0.993806 0.907089 0.907089 0.907089
11.461287 0.000000 1044.313232 0.000000 0.113090 0.000000 0.993585 0.907215 0.907215 0.907215
119.637939 0.000000 1032.462158 0.000000 0.750733 0.000000 0.660606 0.356505 0.356505 0.356505
114.789413 0.000000 1028.806030 0.000000 0.499890 0.000000 0.866089 0.300368 0.300368 0.300368
105.676895 0.000000 1034.785767 0.000000 0.830633 0.000000 0.556821 0.921712 0.921712 0.921712
104.256470 0.000000 1033.566528 0.000000 0.276382 0.000000 0.961048 0.813280 0.813280 0.813280
18.817440 0.000000 1103.646973 0.000000 0.344484 0.000000 0.938792 0.270363 0.270363 0.270363
20.841717 0.000000 1107.769287 0.000000 0.750308 0.000000 0.661089 0.954019 0.954019 0.954019
122.028488 0.000000 1086.301758 0.000000 0.231648 0.000000 0.972800 0.884841 0.884841 0.884841
128.098709 0.000000 1023.667725 0.000000 0.751833 0.000000 0.659354 0.354679 0.354679 0.354679
134.330490 0.000000 1085.299927 0.000000 0.850556 0.000000 0.525885 0.417259 0.417259 0.417259
136.614334 0.000000 1086.731934 0.000000 0.564782 0.000000 0.825240 0.491360 0.491360 0.491360
334.873108 0.000000 968.281433 0.000000 0.187689 0.000000 0.982229 0.385137 0.385137 0.385137
387.597260 0.000000 928.856567 0.000000 0.632446 0.000000 0.774605 0.943590 0.943590 0.943590
434.908417 0.000000 999.000244 0.000000 0.578444 0.000000 0.815722 0.939268 0.939268 0.939268
105.260620 0.000000 1173.909668 0.000000 0.170480 0.000000 0.985361 0.910906 0.910906 0.910906
98.111412 0.000000 1161.302734 0.000000 0.513296 0.000000 0.858211 0.934315 0.934315 0.934315
100.550415 0.000000 1160.481567 0.000000 0.850947 0.000000 0.525252 0.699977 0.699977 0.699977
88.795364 0.000000 1214.084106 0.000000 0.064868 0.000000 0.997894 0.904133 0.904133 0.904133
191.957886 0.000000 1207.070923 0.000000 0.749159 0.000000 0.662390 0.353320 0.353320 0.353320
137.203842 0.000000 1221.872681 0.000000 0.444820 0.000000 0.895620 0.282636 0.282636 0.282636
237.943573 0.000000 1188.526855 0.000000 0.858069 0.000000 0.513535 0.657520 0.657520 0.657520
230.337952 0.000000 1199.908081 0.000000 0.801589 0.000000 0.597875 0.931364 0.931364 0.931364
210.498642 0.000000 1189.989868 0.000000 0.431431 0.000000 0.902146 0.528167 0.528167 0.528167
231.104736 0.000000 1198.065430 0.000000 0.304613 0.000000 0.952476 0.864916 0.864916 0.864916
203.786285 0.000000 1304.193604 0.000000 0.405171 0.000000 0.914241 0.926558 0.926558 0.926558
203.486984 0.000000 1307.700195 0.000000 0.738606 0.000000 0.674137 0.931848 0.931848 0.931848
471.293579 0.000000 1322.705444 0.000000 0.852209 0.000000 0.523201 0.923709 0.923709 0.923709
943.917358 0.000000 997.016418 0.000000 0.860156 0.000000 0.510030 0.408804 0.408804 0.408804
914.817444 0.000000 1047.162598 0.000000 0.528421 0.000000 0.848983 0.818267 0.818267 0.818267
911.325439 0.000000 1051.727173 0.000000 0.515362 0.000000 0.856973 0.934469 0.934469 0.934469
914.362793 0.000000 1049.355347 0.000000 0.761071 0.000000 0.648669 0.955065 0.955065 0.955065
932.990540 0.000000 1017.404358 0.000000 0.111919 0.000000 0.993717 0.907140 0.907140 0.907140
911.974609 0.000000 1050.278687 0.000000 0.017601 0.000000 0.999845 0.901121 0.901121 0.901121
226.934753 0.000000 1359.194214 0.000000 0.103188 0.000000 0.994662 0.906581 0.906581 0.906581
2355.214111 0.000000 1514.850952 0.000000 0.239793 0.000000 0.970824 0.393544 0.393544 0.393544
2353.031494 0.000000 1514.932251 0.000000 0.069474 0.000000 0.997584 0.433833 0.433833 0.433833
2362.511719 0.000000 1545.588135 0.000000 0.175852 0.000000 0.984417 0.250988 0.250988 0.250988
2362.462158 0.000000 1542.148193 0.000000 0.269310 0.000000 0.963053 0.284648 0.284648 0.284648
2920.015625 0.000000 1476.222290 0.000000 0.538833 0.000000 0.842413 0.374577 0.374577 0.374577
2948.763672 0.000000 1504.786011 0.000000 0.739264 0.000000 0.673416 0.929725 0.929725 0.929725
2967.371094 0.000000 1511.607666 0.000000 0.432711 0.000000 0.901533 0.928489 0.928489 0.928489
2947.385010 0.000000 1507.028198 0.000000 0.529565 0.000000 0.848269 0.541515 0.541515 0.541515
2980.830078 0.000000 1503.521484 0.000000 0.707514 0.000000 0.706699 0.950037 0.950037 0.950037
496.580475 0.000000 2007.393921 0.000000 0.855071 0.000000 0.518511 0.965297 0.965297 0.965297
463.800018 0.000000 2020.016968 0.000000 0.235648 0.000000 0.971839 0.915144 0.915144 0.915144
498.395050 0.000000 2006.969727 0.000000 0.604549 0.000000 0.796568 0.941329 0.941329 0.941329
496.395569 0.000000 2009.284180 0.000000 0.817315 0.000000 0.576191 0.960908 0.960908 0.960908
556.662415 0.000000 1971.048950 0.000000 0.826926 0.000000 0.562311 0.405403 0.405403 0.405403
546.735779 0.000000 1960.121826 0.000000 0.589134 0.000000 0.808036 0.322785 0.322785 0.322785
550.581116 0.000000 1955.593140 0.000000 0.603312 0.000000 0.797506 0.339940 0.339940 0.339940
545.910461 0.000000 1962.791626 0.000000 0.631523 0.000000 0.775357 0.360114 0.360114 0.360114
550.819946 0.000000 1972.720459 0.000000 0.000860 0.000000 1.000000 0.627343 0.627343 0.627343
522.704590 0.000000 1999.695679 0.000000 0.216469 0.000000 0.976289 0.739997 0.739997 0.739997
1529.072632 0.000000 2140.039062 0.000000 0.642092 0.000000 0.766627 0.516329 0.516329 0.516329
1527.867798 0.000000 2137.153564 0.000000 0.259806 0.000000 0.965661 0.916732 0.916732 0.916732
1531.003418 0.000000 2135.931641 0.000000 0.300083 0.000000 0.953913 0.919403 0.919403 0.919403
1469.248291 0.000000 2248.892578 0.000000 0.771985 0.000000 0.635641 0.363540 0.363540 0.363540
1469.212891 0.000000 2228.282471 0.000000 0.778827 0.000000 0.627238 0.586150 0.586150 0.586150
1468.832764 0.000000 2235.212402 0.000000 0.293691 0.000000 0.955900 0.846532 0.846532 0.846532
1469.738403 0.000000 2231.139893 0.000000 0.800873 0.000000 0.598834 0.913925 0.913925 0.913925
1471.697998 0.000000 2247.614746 0.000000 0.346619 0.000000 0.938006 0.562453 0.562453 0.562453
1473.319092 0.000000 2241.779053 0.000000 0.324352 0.000000 0.945936 0.425318 0.425318 0.425318
1563.595093 0.000000 2083.961182 0.000000 0.641655 0.000000 0.766994 0.365459 0.365459 0.365459
1551.590576 0.000000 2085.533936 0.000000 0.644653 0.000000 0.764476 0.633670 0.633670 0.633670
1562.529663 0.000000 2088.844238 0.000000 0.853854 0.000000 0.520512 0.756365 0.756365 0.756365
1569.680054 0.000000 2089.265137 0.000000 0.865673 0.000000 0.500609 0.724656 0.724656 0.724656
1554.127686 0.000000 2103.197998 0.000000 0.480853 0.000000 0.876801 0.276185 0.276185 0.276185
1555.007568 0.000000 2108.000244 0.000000 0.166132 0.000000 0.986103 0.279718 0.279718 0.279718
1597.507935 0.000000 2139.698730 0.000000 0.712940 0.000000 0.701225 0.378647 0.378647 0.378647
1540.957397 0.000000 2129.769043 0.000000 0.652179 0.000000 0.758065 0.345030 0.345030 0.345030
1561.661133 0.000000 2092.988037 0.000000 0.830253 0.000000 0.557387 0.951733 0.951733 0.951733
1552.244385 0.000000 2119.119629 0.000000 0.854001 0.000000 0.520272 0.512015 0.512015 0.512015
1540.384888 0.000000 2140.694580 0.000000 0.319049 0.000000 0.947738 0.314747 0.314747 0.314747
1550.389282 0.000000 2123.306641 0.000000 0.026265 0.000000 0.999655 0.499264 0.499264 0.499264
1555.362793 0.000000 2117.909668 0.000000 0.738914 0.000000 0.673800 0.858204 0.858204 0.858204
1538.268921 0.000000 2143.355713 0.000000 0.421059 0.000000 0.907033 0.898736 0.898736 0.898736
1540.484009 0.000000 2119.670654 0.000000 0.814253 0.000000 0.580511 0.937377 0.937377 0.937377
1622.477783 0.000000 2124.815186 0.000000 0.199992 0.000000 0.979798 0.215377 0.215377 0.215377
1617.664795 0.000000 2153.062256 0.000000 0.339441 0.000000 0.940627 0.551221 0.551221 0.551221
1873.360962 0.000000 2136.082275 0.000000 0.325994 0.000000 0.945372 0.360046 0.360046 0.360046
1875.253418 0.000000 2137.508545 0.000000 0.647957 0.000000 0.761677 0.546078 0.546078 0.546078
1407.586426 0.000000 2312.809570 0.000000 0.616225 0.000000 0.787570 0.329180 0.329180 0.329180
1401.384521 0.000000 2315.626709 0.000000 0.380832 0.000000 0.924644 0.448570 0.448570 0.448570
1366.937134 0.000000 2330.286621 0.000000 0.806265 0.000000 0.591554 0.383613 0.383613 0.383613
1384.763306 0.000000 2330.981445 0.000000 0.488510 0.000000 0.872558 0.299461 0.299461 0.299461
1376.426636 0.000000 2328.297119 0.000000 0.055366 0.000000 0.998466 0.224767 0.224767 0.224767
1373.530396 0.000000 2343.151855 0.000000 0.453471 0.000000 0.891271 0.929963 0.929963 0.929963
1401.460693 0.000000 2315.962646 0.000000 0.595527 0.000000 0.803336 0.488098 0.488098 0.488098
1372.838379 0.000000 2340.926758 0.000000 0.341042 0.000000 0.940048 0.478844 0.478844 0.478844
1371.848877 0.000000 2342.465088 0.000000 0.112762 0.000000 0.993622 0.736049 0.736049 0.736049
1362.462158 0.000000 2332.439941 0.000000 0.541373 0.000000 0.840783 0.916971 0.916971 0.916971
1355.039185 0.000000 2332.115723 0.000000 0.159227 0.000000 0.987242 0.910180 0.910180 0.910180
1418.235718 0.000000 2303.059326 0.000000 0.832247 0.000000 0.554405 0.552794 0.552794 0.552794
1421.139526 0.000000 2302.919678 0.000000 0.041143 0.000000 0.999153 0.639207 0.639207 0.639207
1418.331299 0.000000 2304.711426 0.000000 0.812334 0.000000 0.583192 0.952899 0.952899 0.952899
1472.850586 0.000000 2299.939697 0.000000 0.756306 0.000000 0.654218 0.917211 0.917211 0.917211
2131.771729 0.000000 1830.125488 0.000000 0.307112 0.000000 0.951673 0.319754 0.319754 0.319754
2129.260010 0.000000 1833.957153 0.000000 0.312075 0.000000 0.950058 0.812650 0.812650 0.812650
2089.385498 0.000000 2009.871216 0.000000 0.441163 0.000000 0.897427 0.326888 0.326888 0.326888
2086.535645 0.000000 2006.461182 0.000000 0.707865 0.000000 0.706348 0.617729 0.617729 0.617729
2096.580566 0.000000 2007.393921 0.000000 0.415653 0.000000 0.909523 0.450061 0.450061 0.450061
2109.738281 0.000000 2005.202271 0.000000 0.477861 0.000000 0.878436 0.338934 0.338934 0.338934
2090.375244 0.000000 2008.496338 0.000000 0.409022 0.000000 0.912525 0.926826 0.926826 0.926826
2234.368164 0.000000 2028.879028 0.000000 0.143800 0.000000 0.989607 0.254803 0.254803 0.254803
2208.032227 0.000000 2013.890991 0.000000 0.569302 0.000000 0.822129 0.938557 0.938557 0.938557
2177.884521 0.000000 2028.005615 0.000000 0.822116 0.000000 0.569320 0.394984 0.394984 0.394984
2207.334473 0.000000 2017.938599 0.000000 0.612023 0.000000 0.790840 0.472911 0.472911 0.472911
2232.315674 0.000000 2013.962158 0.000000 0.281844 0.000000 0.959460 0.273336 0.273336 0.273336
2237.508057 0.000000 2026.729858 0.000000 0.083454 0.000000 0.996512 0.235450 0.235450 0.235450
2209.099609 0.000000 2010.902832 0.000000 0.223177 0.000000 0.974778 0.914329 0.914329 0.914329
2237.124756 0.000000 2029.432373 0.000000 0.664363 0.000000 0.747410 0.372603 0.372603 0.372603
2203.444092 0.000000 2009.218140 0.000000 0.122315 0.000000 0.992491 0.366040 0.366040 0.366040
2234.250000 0.000000 2010.445068 0.000000 0.425984 0.000000 0.904731 0.812742 0.812742 0.812742
2242.026611 0.000000 2025.579346 0.000000 0.368038 0.000000 0.929811 0.474118 0.474118 0.474118
2410.009521 0.000000 2031.889771 0.000000 0.018632 0.000000 0.999826 0.232040 0.232040 0.232040
2263.836426 0.000000 2140.534668 0.000000 0.779819 0.000000 0.626005 0.620494 0.620494 0.620494
2408.832275 0.000000 2036.938599 0.000000 0.672886 0.000000 0.739746 0.335043 0.335043 0.335043
2403.182373 0.000000 2040.203857 0.000000 0.420734 0.000000 0.907184 0.854440 0.854440 0.854440
4633.661133 0.000000 1076.269287 0.000000 0.772802 0.000000 0.634647 0.560559 0.560559 0.560559
4625.219727 0.000000 1084.661865 0.000000 0.594164 0.000000 0.804344 0.705476 0.705476 0.705476
4329.260742 0.000000 1456.331543 0.000000 0.833046 0.000000 0.553204 0.450438 0.450438 0.450438
4331.659668 0.000000 1448.289062 0.000000 0.489089 0.000000 0.872234 0.582938 0.582938 0.582938
4352.254883 0.000000 1459.250244 0.000000 0.033023 0.000000 0.999455 0.171180 0.171180 0.171180
5751.107910 0.000000 1626.763794 0.000000 0.502932 0.000000 0.864326 0.620777 0.620777 0.620777
5749.789062 0.000000 1625.006226 0.000000 0.596527 0.000000 0.802593 0.940691 0.940691 0.940691
5746.394043 0.000000 1633.684326 0.000000 0.690303 0.000000 0.723520 0.948505 0.948505 0.948505
5762.069824 0.000000 1606.384155 0.000000 0.683472 0.000000 0.729977 0.947906 0.947906 0.947906
5765.572266 0.000000 1628.493286 0.000000 0.169082 0.000000 0.985602 0.910816 0.910816 0.910816
6625.099609 0.000000 1446.059082 0.000000 0.321172 0.000000 0.947021 0.896594 0.896594 0.896594
6612.984863 0.000000 1449.307373 0.000000 0.461021 0.000000 0.887389 0.572783 0.572783 0.572783
6632.284180 0.000000 1450.575928 0.000000 0.703091 0.000000 0.711100 0.743758 0.743758 0.743758
6611.881836 0.000000 1450.646851 0.000000 0.768950 0.000000 0.639309 0.955844 0.955844 0.955844
6433.365723 0.000000 1535.252930 0.000000 0.715031 0.000000 0.699093 0.950717 0.950717 0.950717
6378.638672 0.000000 1688.479492 0.000000 0.700765 0.000000 0.713393 0.872163 0.872163 0.872163
6356.141113 0.000000 1691.978638 0.000000 0.598900 0.000000 0.800824 0.624212 0.624212 0.624212
6337.451172 0.000000 1706.706909 0.000000 0.823101 0.000000 0.567895 0.617596 0.617596 0.617596
6342.215332 0.000000 1743.468872 0.000000 0.041313 0.000000 0.999146 0.266887 0.266887 0.266887
6336.098633 0.000000 1701.480225 0.000000 0.661890 0.000000 0.749601 0.677890 0.677890 0.677890
6341.119141 0.000000 1710.965454 0.000000 0.166507 0.000000 0.986040 0.237731 0.237731 0.237731
6336.514160 0.000000 1710.612061 0.000000 0.552572 0.000000 0.833465 0.447648 0.447648 0.447648
6365.530273 0.000000 1721.823608 0.000000 0.560932 0.000000 0.827862 0.937911 0.937911 0.937911
6336.936035 0.000000 1717.140747 0.000000 0.459800 0.000000 0.888022 0.317853 0.317853 0.317853
6339.820801 0.000000 1708.336670 0.000000 0.456697 0.000000 0.889622 0.489824 0.489824 0.489824
6337.451660 0.000000 1703.923706 0.000000 0.225885 0.000000 0.974154 0.418010 0.418010 0.418010
6359.885254 0.000000 1720.311401 0.000000 0.149508 0.000000 0.988760 0.348990 0.348990 0.348990
6336.712402 0.000000 1712.752197 0.000000 0.039042 0.000000 0.999238 0.471759 0.471759 0.471759
6351.831543 0.000000 1755.187500 0.000000 0.252839 0.000000 0.967508 0.245371 0.245371 0.245371
6676.984863 0.000000 1449.307373 0.000000 0.303029 0.000000 0.952981 0.426255 0.426255 0.426255
6705.129395 0.000000 1462.515259 0.000000 0.300008 0.000000 0.953937 0.569602 0.569602 0.569602
6705.424316 0.000000 1450.525879 0.000000 0.796865 0.000000 0.604157 0.898307 0.898307 0.898307
6815.334473 0.000000 1453.094849 0.000000 0.309065 0.000000 0.951041 0.260480 0.260480 0.260480
6818.900879 0.000000 1468.658447 0.000000 0.798607 0.000000 0.601853 0.808167 0.808167 0.808167
6866.283691 0.000000 1469.726440 0.000000 0.019935 0.000000 0.999801 0.186965 0.186965 0.186965
6881.365723 0.000000 1478.768555 0.000000 0.714169 0.000000 0.699974 0.575195 0.575195 0.575195
6903.794922 0.000000 1481.599976 0.000000 0.750186 0.000000 0.661227 0.550152 0.550152 0.550152
6902.302246 0.000000 1482.881226 0.000000 0.446541 0.000000 0.894763 0.869725 0.869725 0.869725
7104.098633 0.000000 1475.542725 0.000000 0.024742 0.000000 0.999694 0.211095 0.211095 0.211095
7433.400879 0.000000 1315.259766 0.000000 0.379293 0.000000 0.925277 0.245534 0.245534 0.245534
7226.028320 0.000000 1707.629883 0.000000 0.049314 0.000000 0.998783 0.800584 0.800584 0.800584
7225.360352 0.000000 1705.787964 0.000000 0.521485 0.000000 0.853261 0.934924 0.934924 0.934924
7225.206055 0.000000 1704.157715 0.000000 0.671554 0.000000 0.740955 0.946875 0.946875 0.946875
7807.586426 0.000000 1634.997070 0.000000 0.845978 0.000000 0.533217 0.383955 0.383955 0.383955
7806.390625 0.000000 1637.322998 0.000000 0.665040 0.000000 0.746808 0.376529 0.376529 0.376529
7808.042480 0.000000 1638.054199 0.000000 0.601238 0.000000 0.799070 0.354743 0.354743 0.354743
7936.009766 0.000000 1680.239380 0.000000 0.829089 0.000000 0.559117 0.962228 0.962228 0.962228
7939.510742 0.000000 1684.974854 0.000000 0.671633 0.000000 0.740884 0.353455 0.353455 0.353455
7952.186523 0.000000 1657.198120 0.000000 0.061482 0.000000 0.998108 0.335301 0.335301 0.335301
4303.272949 0.000000 2394.262207 0.000000 0.475222 0.000000 0.879866 0.315927 0.315927 0.315927
4298.351562 0.000000 2393.222656 0.000000 0.656220 0.000000 0.754570 0.379130 0.379130 0.379130
4328.763184 0.000000 2387.465820 0.000000 0.581988 0.000000 0.813197 0.939545 0.939545 0.939545
4317.530273 0.000000 2399.636230 0.000000 0.216574 0.000000 0.976266 0.301965 0.301965 0.301965
4326.469727 0.000000 2398.937744 0.000000 0.757013 0.000000 0.653399 0.495356 0.495356 0.495356
4326.385742 0.000000 2389.188721 0.000000 0.685948 0.000000 0.727651 0.891973 0.891973 0.891973
4299.442871 0.000000 2390.152344 0.000000 0.269214 0.000000 0.963080 0.872626 0.872626 0.872626
4297.322266 0.000000 2391.311279 0.000000 0.846661 0.000000 0.532132 0.937382 0.937382 0.937382
4299.377441 0.000000 2391.887207 0.000000 0.750481 0.000000 0.660893 0.929161 0.929161 0.929161
5299.759277 0.000000 1895.349243 0.000000 0.406656 0.000000 0.913581 0.798212 0.798212 0.798212
5281.412109 0.000000 1878.941528 0.000000 0.806741 0.000000 0.590905 0.452578 0.452578 0.452578
5278.816895 0.000000 1878.422119 0.000000 0.434320 0.000000 0.900759 0.444232 0.444232 0.444232
5298.395020 0.000000 1894.000977 0.000000 0.360360 0.000000 0.932813 0.790923 0.790923 0.790923
5323.941895 0.000000 1905.788452 0.000000 0.112111 0.000000 0.993696 0.360132 0.360132 0.360132
5319.213379 0.000000 1902.184448 0.000000 0.156837 0.000000 0.987625 0.895207 0.895207 0.895207
5345.910645 0.000000 1906.307251 0.000000 0.805363 0.000000 0.592783 0.404717 0.404717 0.404717
5343.373535 0.000000 1907.417480 0.000000 0.102595 0.000000 0.994723 0.632239 0.632239 0.632239
"}
object={
	name="palm_dense_generator_1_1"
	clamp_to_water_level=no
	render_under_water=no
	generated_content=yes
	layer="semidynamic"
	pdxmesh="tree_palm_02_mesh"
	count=313
	transform="482.932587 0.000000 788.373779 0.000000 0.996646 0.000000 0.081833 0.486839 0.486839 0.486839
457.084747 0.000000 745.114746 0.000000 0.970389 0.000000 -0.241547 0.991687 0.991687 0.991687
511.374634 0.000000 774.392395 0.000000 0.978624 0.000000 -0.205660 1.013187 1.013187 1.013187
461.189148 0.000000 742.551514 0.000000 0.998153 0.000000 0.060754 0.994491 0.994491 0.994491
376.550995 0.000000 823.640442 0.000000 0.901889 0.000000 0.431967 0.859213 0.859213 0.859213
482.900940 0.000000 790.845947 0.000000 0.898231 0.000000 -0.439523 0.572767 0.572767 0.572767
461.487946 0.000000 800.797913 0.000000 0.999619 0.000000 0.027599 0.998243 0.998243 0.998243
517.832764 0.000000 766.162537 0.000000 0.996277 0.000000 0.086210 0.992048 0.992048 0.992048
583.671631 0.000000 872.122192 0.000000 0.985843 0.000000 0.167674 0.474070 0.474070 0.474070
596.804932 0.000000 847.333130 0.000000 0.903700 0.000000 -0.428166 0.932220 0.932220 0.932220
698.544495 0.000000 831.204346 0.000000 0.986316 0.000000 -0.164864 0.668682 0.668682 0.668682
694.864258 0.000000 845.779907 0.000000 0.930424 0.000000 -0.366484 1.040750 1.040750 1.040750
671.334412 0.000000 831.766663 0.000000 0.972002 0.000000 0.234972 0.984900 0.984900 0.984900
696.315552 0.000000 827.790222 0.000000 0.993850 0.000000 0.110739 0.507901 0.507901 0.507901
691.634155 0.000000 833.509094 0.000000 0.957750 0.000000 0.287600 0.928388 0.928388 0.928388
695.044800 0.000000 829.869568 0.000000 0.876228 0.000000 -0.481896 1.032010 1.032010 1.032010
697.129456 0.000000 829.599854 0.000000 0.992669 0.000000 -0.120869 1.007714 1.007714 1.007714
670.924683 0.000000 830.086060 0.000000 0.870881 0.000000 -0.491494 1.032710 1.032710 1.032710
726.628418 0.000000 820.808472 0.000000 0.883794 0.000000 0.467876 0.540393 0.540393 0.540393
651.786255 0.000000 852.318542 0.000000 0.967329 0.000000 -0.253525 1.016318 1.016318 1.016318
645.119202 0.000000 863.699829 0.000000 0.990582 0.000000 -0.136918 0.526180 0.526180 0.526180
715.959473 0.000000 895.756470 0.000000 0.992210 0.000000 -0.124574 0.637465 0.637465 0.637465
735.334412 0.000000 888.251038 0.000000 0.993330 0.000000 0.115303 0.992643 0.992643 0.992643
766.390747 0.000000 903.026184 0.000000 0.965483 0.000000 -0.260465 0.841438 0.841438 0.841438
733.290894 0.000000 889.608154 0.000000 0.974014 0.000000 -0.226487 1.023785 1.023785 1.023785
746.678162 0.000000 885.440674 0.000000 0.991669 0.000000 0.128813 0.862293 0.862293 0.862293
725.917603 0.000000 891.527893 0.000000 0.995065 0.000000 0.099228 0.989057 0.989057 0.989057
739.619446 0.000000 889.172485 0.000000 0.869494 0.000000 0.493943 0.967111 0.967111 0.967111
884.706360 0.000000 790.612244 0.000000 0.999947 0.000000 -0.010343 0.795785 0.795785 0.795785
1012.706360 0.000000 734.127869 0.000000 0.998962 0.000000 0.045541 0.997100 0.997100 0.997100
903.260437 0.000000 780.901306 0.000000 0.999971 0.000000 -0.007601 1.000484 1.000484 1.000484
1010.318420 0.000000 734.502747 0.000000 0.992705 0.000000 -0.120566 1.007694 1.007694 1.007694
1012.004028 0.000000 737.624451 0.000000 0.935410 0.000000 0.353564 0.976994 0.976994 0.976994
1012.657654 0.000000 734.332947 0.000000 0.997867 0.000000 0.065287 0.995841 0.995841 0.995841
986.957520 0.000000 740.923706 0.000000 0.934312 0.000000 0.356456 0.938569 0.938569 0.938569
1011.663757 0.000000 735.465271 0.000000 0.942589 0.000000 -0.333955 1.021677 1.021677 1.021677
801.679993 0.000000 846.609009 0.000000 0.999898 0.000000 0.014259 0.909593 0.909593 0.909593
836.458557 0.000000 845.247192 0.000000 0.996209 0.000000 0.086989 0.994455 0.994455 0.994455
843.959473 0.000000 839.272095 0.000000 0.982353 0.000000 0.187036 0.988022 0.988022 0.988022
895.957886 0.000000 811.680237 0.000000 0.867266 0.000000 0.497846 0.796287 0.796287 0.796287
841.203857 0.000000 826.482056 0.000000 0.875858 0.000000 0.482568 0.845447 0.845447 0.845447
886.816772 0.000000 792.032043 0.000000 0.876384 0.000000 0.481614 0.407606 0.407606 0.407606
858.074097 0.000000 821.297668 0.000000 0.901189 0.000000 0.433427 0.971461 0.971461 0.971461
841.640930 0.000000 843.969116 0.000000 0.996844 0.000000 0.079383 0.994941 0.994941 0.994941
890.511597 0.000000 811.291260 0.000000 0.986755 0.000000 -0.162215 1.022332 1.022332 1.022332
877.433899 0.000000 820.510498 0.000000 0.999378 0.000000 -0.035261 0.505640 0.505640 0.505640
882.318420 0.000000 790.987122 0.000000 0.991371 0.000000 -0.131085 0.628611 0.628611 0.628611
853.503174 0.000000 839.100464 0.000000 0.986010 0.000000 -0.166687 0.526277 0.526277 0.526277
890.504333 0.000000 814.540100 0.000000 0.895466 0.000000 -0.445130 1.029369 1.029369 1.029369
885.519043 0.000000 817.406677 0.000000 0.984709 0.000000 0.174209 0.472132 0.472132 0.472132
890.637390 0.000000 817.714966 0.000000 0.994880 0.000000 -0.101066 0.936872 0.936872 0.936872
888.346497 0.000000 812.982117 0.000000 0.965072 0.000000 0.261984 0.983125 0.983125 0.983125
895.814636 0.000000 809.225952 0.000000 0.972444 0.000000 0.233137 0.985020 0.985020 0.985020
894.948242 0.000000 792.935364 0.000000 0.874730 0.000000 0.484610 0.570686 0.570686 0.570686
886.180481 0.000000 814.631470 0.000000 0.982929 0.000000 -0.183987 1.011780 1.011780 1.011780
873.650879 0.000000 800.067993 0.000000 0.976641 0.000000 -0.214876 1.027087 1.027087 1.027087
884.657654 0.000000 790.817322 0.000000 0.978178 0.000000 0.207770 0.760383 0.760383 0.760383
843.263184 0.000000 827.343567 0.000000 0.982083 0.000000 0.188447 0.573063 0.573063 0.573063
877.465576 0.000000 835.077209 0.000000 0.981723 0.000000 0.190316 0.987810 0.987810 0.987810
884.316956 0.000000 819.907166 0.000000 0.999373 0.000000 -0.035398 1.002254 1.002254 1.002254
894.970947 0.000000 813.437256 0.000000 0.971280 0.000000 0.237938 0.972110 0.972110 0.972110
853.101562 0.000000 837.232300 0.000000 0.866562 0.000000 0.499069 0.961256 0.961256 0.961256
856.422180 0.000000 820.481506 0.000000 0.999492 0.000000 0.031876 0.997970 0.997970 0.997970
891.429382 0.000000 816.093872 0.000000 0.999842 0.000000 -0.017787 0.924257 0.924257 0.924257
880.891357 0.000000 819.155334 0.000000 0.930346 0.000000 0.366684 0.960352 0.960352 0.960352
840.280029 0.000000 825.012207 0.000000 0.986535 0.000000 -0.163551 1.019318 1.019318 1.019318
840.564453 0.000000 842.512329 0.000000 0.997540 0.000000 -0.070095 1.004466 1.004466 1.004466
895.210632 0.000000 825.383057 0.000000 0.923330 0.000000 0.384006 0.974909 0.974909 0.974909
885.385376 0.000000 821.388489 0.000000 0.920481 0.000000 0.390788 0.964217 0.964217 0.964217
886.485352 0.000000 816.195496 0.000000 0.980605 0.000000 -0.195994 1.012559 1.012559 1.012559
878.867493 0.000000 821.240845 0.000000 0.988557 0.000000 0.150845 0.990360 0.990360 0.990360
826.807129 0.000000 853.920166 0.000000 0.955077 0.000000 -0.296357 1.019154 1.019154 1.019154
782.220581 0.000000 864.346558 0.000000 0.925301 0.000000 -0.379233 0.952195 0.952195 0.952195
787.007568 0.000000 865.343994 0.000000 0.949544 0.000000 0.313634 0.962965 0.962965 0.962965
806.535767 0.000000 876.773743 0.000000 0.994111 0.000000 -0.108363 0.518744 0.518744 0.518744
768.163147 0.000000 882.012146 0.000000 0.871974 0.000000 0.489553 0.949041 0.949041 0.949041
786.190613 0.000000 856.787781 0.000000 0.932951 0.000000 0.360003 0.432010 0.432010 0.432010
812.194824 0.000000 859.343018 0.000000 0.906694 0.000000 -0.421789 1.027719 1.027719 1.027719
795.635559 0.000000 870.315979 0.000000 0.867758 0.000000 -0.496986 0.581413 0.581413 0.581413
784.186279 0.000000 866.416870 0.000000 0.998963 0.000000 0.045523 0.493196 0.493196 0.493196
784.716858 0.000000 879.363464 0.000000 0.894020 0.000000 -0.448026 1.029575 1.029575 1.029575
801.641785 0.000000 865.344238 0.000000 0.987671 0.000000 0.156543 0.719572 0.719572 0.719572
827.739197 0.000000 851.772278 0.000000 0.999764 0.000000 -0.021706 0.591630 0.591630 0.591630
822.255737 0.000000 856.025696 0.000000 0.933579 0.000000 0.358372 0.976666 0.976666 0.976666
769.042969 0.000000 879.766724 0.000000 0.977452 0.000000 -0.211158 0.982349 0.982349 0.982349
813.585205 0.000000 857.698730 0.000000 0.976279 0.000000 -0.216515 1.029259 1.029259 1.029259
784.278564 0.000000 860.821411 0.000000 0.929532 0.000000 0.368741 0.960118 0.960118 0.960118
791.366150 0.000000 849.918335 0.000000 0.921252 0.000000 -0.388967 0.892137 0.892137 0.892137
786.462097 0.000000 863.846313 0.000000 0.986318 0.000000 0.164853 0.989457 0.989457 0.989457
841.400879 0.000000 863.384766 0.000000 0.937231 0.000000 0.348710 0.821973 0.821973 0.821973
893.212830 0.000000 872.657410 0.000000 0.938860 0.000000 0.344299 0.504833 0.504833 0.504833
843.929565 0.000000 859.271484 0.000000 0.986160 0.000000 0.165799 0.989396 0.989396 0.989396
837.119202 0.000000 863.699829 0.000000 0.880713 0.000000 0.473651 0.841799 0.841799 0.841799
856.535706 0.000000 863.620667 0.000000 0.999900 0.000000 -0.014124 1.000899 1.000899 1.000899
866.937195 0.000000 849.050354 0.000000 0.994927 0.000000 0.100599 0.993585 0.993585 0.993585
839.434631 0.000000 858.009216 0.000000 0.952880 0.000000 0.303348 0.973916 0.973916 0.973916
842.378235 0.000000 859.127014 0.000000 0.987951 0.000000 -0.154768 1.009893 1.009893 1.009893
899.820862 0.000000 804.586609 0.000000 0.928858 0.000000 0.370437 0.610299 0.610299 0.610299
899.095581 0.000000 806.231384 0.000000 0.982793 0.000000 0.184710 0.988173 0.988173 0.988173
896.525940 0.000000 828.084351 0.000000 0.927857 0.000000 0.372936 0.975670 0.975670 0.975670
991.453491 0.000000 807.511353 0.000000 0.990871 0.000000 -0.134812 0.527699 0.527699 0.527699
906.351440 0.000000 868.144592 0.000000 0.966336 0.000000 -0.257281 0.544921 0.544921 0.544921
11.406173 0.000000 1049.789551 0.000000 0.998737 0.000000 -0.050252 0.909670 0.909670 0.909670
116.463928 0.000000 1031.800537 0.000000 0.988741 0.000000 0.149635 0.928836 0.928836 0.928836
120.471802 0.000000 1057.174805 0.000000 0.992315 0.000000 -0.123737 1.007898 1.007898 1.007898
115.290939 0.000000 1027.142822 0.000000 0.918187 0.000000 0.396147 0.974069 0.974069 0.974069
123.502258 0.000000 1085.200439 0.000000 0.887426 0.000000 -0.460950 1.030498 1.030498 1.030498
130.396606 0.000000 1018.580872 0.000000 0.984637 0.000000 -0.174612 0.533323 0.533323 0.533323
131.510956 0.000000 1063.646729 0.000000 0.921203 0.000000 0.389082 0.460042 0.460042 0.460042
130.026642 0.000000 1065.344971 0.000000 0.987380 0.000000 0.158372 0.989875 0.989875 0.989875
139.442871 0.000000 1091.011719 0.000000 0.996337 0.000000 -0.085511 0.685392 0.685392 0.685392
134.474854 0.000000 1087.793823 0.000000 0.910895 0.000000 -0.412639 0.896257 0.896257 0.896257
132.484009 0.000000 1102.951782 0.000000 0.887796 0.000000 -0.460237 1.030447 1.030447 1.030447
135.699585 0.000000 1089.057983 0.000000 0.999418 0.000000 0.034112 0.997777 0.997777 0.997777
335.197052 0.000000 971.867126 0.000000 0.962532 0.000000 0.271170 0.454444 0.454444 0.454444
325.141632 0.000000 985.740601 0.000000 0.986510 0.000000 0.163701 0.596403 0.596403 0.596403
322.070068 0.000000 985.056030 0.000000 0.925634 0.000000 0.378420 0.975294 0.975294 0.975294
323.597260 0.000000 985.340942 0.000000 0.987381 0.000000 -0.158361 1.010124 1.010124 1.010124
387.099243 0.000000 930.451660 0.000000 0.997734 0.000000 0.067284 0.995713 0.995713 0.995713
506.028473 0.000000 1029.817383 0.000000 0.973340 0.000000 -0.229367 1.014733 1.014733 1.014733
500.463928 0.000000 1031.800537 0.000000 0.984466 0.000000 0.175575 0.988764 0.988764 0.988764
507.502258 0.000000 1028.716064 0.000000 0.873400 0.000000 0.487003 0.967618 0.967618 0.967618
88.422157 0.000000 1215.872070 0.000000 0.889745 0.000000 0.456457 0.969824 0.969824 0.969824
176.542023 0.000000 1208.757080 0.000000 0.970940 0.000000 -0.239325 0.547332 0.547332 0.547332
143.273132 0.000000 1208.090454 0.000000 0.898515 0.000000 -0.438942 0.578790 0.578790 0.578790
183.531326 0.000000 1196.775513 0.000000 0.910773 0.000000 0.412907 0.413129 0.413129 0.413129
137.063751 0.000000 1216.633911 0.000000 0.989435 0.000000 -0.144980 0.526643 0.526643 0.526643
172.083344 0.000000 1206.232910 0.000000 0.944454 0.000000 0.328645 0.445199 0.445199 0.445199
139.616364 0.000000 1215.513062 0.000000 0.935662 0.000000 0.352898 0.446110 0.446110 0.446110
236.194824 0.000000 1198.249268 0.000000 0.951430 0.000000 -0.307865 0.547932 0.547932 0.547932
170.288345 0.000000 1322.288452 0.000000 0.932424 0.000000 0.361365 0.976462 0.976462 0.976462
186.028488 0.000000 1312.239258 0.000000 0.973863 0.000000 0.227134 0.977175 0.977175 0.977175
188.013062 0.000000 1314.005371 0.000000 0.920907 0.000000 -0.389783 0.868291 0.868291 0.868291
183.794861 0.000000 1312.146851 0.000000 0.999709 0.000000 0.024117 0.883520 0.883520 0.883520
200.407578 0.000000 1306.953003 0.000000 0.915757 0.000000 0.401732 0.413769 0.413769 0.413769
202.166641 0.000000 1305.654297 0.000000 0.944516 0.000000 -0.328464 1.021306 1.021306 1.021306
446.419189 0.000000 1341.287964 0.000000 0.984465 0.000000 -0.175580 0.530205 0.530205 0.530205
471.885284 0.000000 1324.920776 0.000000 0.936819 0.000000 0.349815 0.972431 0.972431 0.972431
765.512268 0.000000 903.776184 0.000000 0.989482 0.000000 0.144659 0.614044 0.614044 0.614044
681.322754 0.000000 1008.510010 0.000000 0.994812 0.000000 -0.101735 0.766544 0.766544 0.766544
780.978455 0.000000 904.485962 0.000000 0.982175 0.000000 0.187970 0.470754 0.470754 0.470754
779.316467 0.000000 904.667053 0.000000 0.872837 0.000000 -0.488012 1.032456 1.032456 1.032456
934.686340 0.000000 1017.024536 0.000000 0.879719 0.000000 0.475495 0.454945 0.454945 0.454945
910.389343 0.000000 1050.103516 0.000000 0.962099 0.000000 -0.272701 1.017583 1.017583 1.017583
908.617676 0.000000 1033.366089 0.000000 0.958677 0.000000 0.284495 0.976449 0.976449 0.976449
908.917664 0.000000 1034.915894 0.000000 0.937394 0.000000 -0.348270 1.022646 1.022646 1.022646
2333.290771 0.000000 1510.936279 0.000000 0.930921 0.000000 0.365221 0.534508 0.534508 0.534508
2335.373291 0.000000 1512.026855 0.000000 0.956357 0.000000 -0.292200 0.664697 0.664697 0.664697
2358.816650 0.000000 1526.328857 0.000000 0.923908 0.000000 -0.382614 0.664820 0.664820 0.664820
2358.173828 0.000000 1531.262329 0.000000 0.975660 0.000000 0.219290 0.456699 0.456699 0.456699
2358.385498 0.000000 1528.987183 0.000000 0.967777 0.000000 0.251810 0.674343 0.674343 0.674343
2371.820801 0.000000 1538.883545 0.000000 0.986156 0.000000 -0.165819 0.525266 0.525266 0.525266
2371.913086 0.000000 1536.014648 0.000000 0.945261 0.000000 -0.326316 1.014010 1.014010 1.014010
2932.679199 0.000000 1488.283081 0.000000 0.959568 0.000000 -0.281477 0.959960 0.959960 0.959960
2932.393066 0.000000 1490.987305 0.000000 0.977680 0.000000 0.210101 0.986524 0.986524 0.986524
2981.817871 0.000000 1502.160522 0.000000 0.963399 0.000000 0.268072 0.982723 0.982723 0.982723
2966.025146 0.000000 1510.887817 0.000000 0.879988 0.000000 -0.474996 1.031510 1.031510 1.031510
494.693970 0.000000 2009.011719 0.000000 0.968362 0.000000 0.249551 0.979788 0.979788 0.979788
461.139587 0.000000 2020.497803 0.000000 0.975899 0.000000 0.218221 0.724125 0.724125 0.724125
561.315125 0.000000 1963.166992 0.000000 0.952043 0.000000 0.305966 0.975080 0.975080 0.975080
561.424500 0.000000 1958.885254 0.000000 0.879562 0.000000 -0.475784 1.053107 1.053107 1.053107
552.567444 0.000000 1955.152100 0.000000 0.999845 0.000000 0.017593 0.998880 0.998880 0.998880
548.742126 0.000000 1973.673950 0.000000 0.904063 0.000000 -0.427400 0.936809 0.936809 0.936809
1508.144409 0.000000 2138.883301 0.000000 0.994351 0.000000 -0.106137 0.703492 0.703492 0.703492
1469.638184 0.000000 2222.613770 0.000000 0.954816 0.000000 -0.297196 0.600116 0.600116 0.600116
1469.382446 0.000000 2233.192871 0.000000 0.971070 0.000000 -0.238795 0.900606 0.900606 0.900606
1472.712524 0.000000 2221.111572 0.000000 0.992895 0.000000 0.118996 0.691417 0.691417 0.691417
1550.953247 0.000000 2087.409180 0.000000 0.919497 0.000000 -0.393096 1.056582 1.056582 1.056582
1565.392090 0.000000 2078.110840 0.000000 0.904314 0.000000 0.426868 0.449251 0.449251 0.449251
1548.457520 0.000000 2085.213379 0.000000 0.878274 0.000000 -0.478157 0.583828 0.583828 0.583828
1548.375244 0.000000 2088.105225 0.000000 0.989652 0.000000 0.143489 0.643445 0.643445 0.643445
1563.673218 0.000000 2086.210938 0.000000 0.875493 0.000000 0.483230 0.594958 0.594958 0.594958
1566.716187 0.000000 2079.675537 0.000000 0.999834 0.000000 -0.018235 1.001161 1.001161 1.001161
1557.705078 0.000000 2116.789551 0.000000 0.944855 0.000000 0.327490 0.432655 0.432655 0.432655
1550.007324 0.000000 2120.812012 0.000000 0.890833 0.000000 0.454331 0.409397 0.409397 0.409397
1570.901001 0.000000 2089.986572 0.000000 0.996532 0.000000 0.083214 0.485742 0.485742 0.485742
1554.817383 0.000000 2120.365723 0.000000 0.913055 0.000000 -0.407836 0.749330 0.749330 0.749330
1557.668701 0.000000 2099.710693 0.000000 0.993770 0.000000 0.111454 0.478293 0.478293 0.478293
1540.763550 0.000000 2126.114014 0.000000 0.996730 0.000000 0.080801 0.486157 0.486157 0.486157
1540.755371 0.000000 2117.794434 0.000000 0.993342 0.000000 -0.115207 0.517944 0.517944 0.517944
1556.094971 0.000000 2105.322754 0.000000 0.915740 0.000000 0.401771 0.869365 0.869365 0.869365
1558.782471 0.000000 2097.225342 0.000000 0.956445 0.000000 0.291913 0.456182 0.456182 0.456182
1538.822754 0.000000 2123.889893 0.000000 0.989608 0.000000 0.143790 0.476819 0.476819 0.476819
1555.640503 0.000000 2115.233643 0.000000 0.913176 0.000000 0.407566 0.435390 0.435390 0.435390
1542.953003 0.000000 2125.532227 0.000000 0.980602 0.000000 0.196010 0.737653 0.737653 0.737653
1553.219849 0.000000 2101.380615 0.000000 0.919358 0.000000 -0.393422 1.025742 1.025742 1.025742
1539.162231 0.000000 2141.973633 0.000000 0.944832 0.000000 0.327555 0.978755 0.978755 0.978755
1631.758545 0.000000 2120.081543 0.000000 0.913154 0.000000 -0.407615 0.653899 0.653899 0.653899
1611.406128 0.000000 2122.992676 0.000000 0.872540 0.000000 -0.488543 0.586205 0.586205 0.586205
1624.572266 0.000000 2129.386230 0.000000 0.999596 0.000000 0.028439 0.750287 0.750287 0.750287
1629.290894 0.000000 2132.264404 0.000000 0.923795 0.000000 -0.382887 0.871900 0.871900 0.871900
1631.330566 0.000000 2122.343018 0.000000 0.983993 0.000000 -0.178208 0.972612 0.972612 0.972612
1627.443970 0.000000 2122.186768 0.000000 0.886406 0.000000 -0.462908 0.876495 0.876495 0.876495
1627.739258 0.000000 2133.545166 0.000000 0.999483 0.000000 -0.032153 0.867795 0.867795 0.867795
1610.416382 0.000000 2121.605957 0.000000 0.998485 0.000000 -0.055018 1.006143 1.006143 1.006143
1588.004028 0.000000 2149.733887 0.000000 0.976417 0.000000 -0.215891 1.029173 1.029173 1.029173
1584.746582 0.000000 2149.643799 0.000000 0.969045 0.000000 -0.246883 1.030081 1.030081 1.030081
1847.637939 0.000000 2105.665283 0.000000 0.995677 0.000000 -0.092884 0.520238 0.520238 0.520238
1876.089478 0.000000 2134.738770 0.000000 0.982963 0.000000 -0.183806 0.539389 0.539389 0.539389
1873.256958 0.000000 2124.636719 0.000000 0.973828 0.000000 0.227285 0.461275 0.461275 0.461275
1874.817383 0.000000 2120.365723 0.000000 0.969024 0.000000 -0.246968 0.538783 0.538783 0.538783
1406.390747 0.000000 2315.135498 0.000000 0.866750 0.000000 0.498742 0.421982 0.421982 0.421982
1400.630249 0.000000 2312.830078 0.000000 0.941771 0.000000 0.336256 0.723959 0.723959 0.723959
1375.453491 0.000000 2332.589600 0.000000 0.946337 0.000000 0.323181 0.427906 0.427906 0.427906
1353.400879 0.000000 2331.978516 0.000000 0.911124 0.000000 0.412132 0.414894 0.414894 0.414894
1357.099609 0.000000 2335.635986 0.000000 0.873645 0.000000 0.486563 0.865596 0.865596 0.865596
1351.408936 0.000000 2333.696777 0.000000 0.939739 0.000000 0.341892 0.703213 0.703213 0.703213
1355.442871 0.000000 2333.667969 0.000000 0.982500 0.000000 0.186262 0.988073 0.988073 0.988073
1356.061890 0.000000 2337.164795 0.000000 0.960206 0.000000 0.279292 0.868660 0.868660 0.868660
1416.908569 0.000000 2305.274902 0.000000 0.867089 0.000000 0.498154 0.408413 0.408413 0.408413
1420.083740 0.000000 2304.888916 0.000000 0.970508 0.000000 0.241069 0.754875 0.754875 0.754875
1418.234985 0.000000 2306.820801 0.000000 0.887721 0.000000 0.460382 0.911889 0.911889 0.911889
1288.407593 0.000000 2436.640381 0.000000 0.972714 0.000000 0.232007 0.450986 0.450986 0.450986
2133.705078 0.000000 1834.367676 0.000000 0.988403 0.000000 -0.151852 0.526317 0.526317 0.526317
2131.991699 0.000000 1840.727539 0.000000 0.954987 0.000000 0.296646 0.451164 0.451164 0.451164
2131.640381 0.000000 1832.811768 0.000000 0.927392 0.000000 0.374092 0.956064 0.956064 0.956064
2135.935547 0.000000 1844.555176 0.000000 0.935014 0.000000 0.354611 0.933666 0.933666 0.933666
2132.822021 0.000000 1838.610962 0.000000 0.954289 0.000000 -0.298884 1.032963 1.032963 1.032963
2089.967773 0.000000 2006.770996 0.000000 0.886778 0.000000 0.462195 0.413815 0.413815 0.413815
2098.395020 0.000000 2006.969727 0.000000 0.984038 0.000000 -0.177960 0.852111 0.852111 0.852111
2081.478516 0.000000 2006.974609 0.000000 0.911712 0.000000 0.410830 0.955291 0.955291 0.955291
2172.008301 0.000000 2019.230347 0.000000 0.950334 0.000000 0.311233 0.678972 0.678972 0.678972
2211.666992 0.000000 2013.439331 0.000000 0.934769 0.000000 -0.355257 1.023121 1.023121 1.023121
2207.330566 0.000000 2009.374268 0.000000 0.944626 0.000000 -0.328149 0.620315 0.620315 0.620315
2208.608154 0.000000 2016.043823 0.000000 0.890209 0.000000 0.455553 0.956427 0.956427 0.956427
2210.967773 0.000000 2011.695801 0.000000 0.954029 0.000000 0.299713 0.980622 0.980622 0.980622
2209.433594 0.000000 2012.756714 0.000000 0.975918 0.000000 0.218136 0.986000 0.986000 0.986000
2243.510986 0.000000 2023.881104 0.000000 0.883471 0.000000 -0.468486 1.031040 1.031040 1.031040
2409.065186 0.000000 2028.658691 0.000000 0.898098 0.000000 0.439796 0.432300 0.432300 0.432300
2238.948242 0.000000 2035.591675 0.000000 0.888836 0.000000 -0.458225 0.657575 0.657575 0.657575
2389.668701 0.000000 2043.226440 0.000000 0.993746 0.000000 0.111666 0.481269 0.481269 0.481269
2410.673340 0.000000 2033.581421 0.000000 0.870638 0.000000 -0.491925 0.579927 0.579927 0.579927
2403.104248 0.000000 2041.979614 0.000000 0.954786 0.000000 -0.297294 1.038660 1.038660 1.038660
2411.690186 0.000000 2037.001465 0.000000 0.974682 0.000000 -0.223595 1.014356 1.014356 1.014356
2410.135254 0.000000 2037.937012 0.000000 0.915291 0.000000 0.402794 0.973608 0.973608 0.973608
4039.671631 0.000000 2340.715820 0.000000 0.963731 0.000000 0.266875 0.453970 0.453970 0.453970
4604.454590 0.000000 1057.057861 0.000000 0.985441 0.000000 0.170016 0.746860 0.746860 0.746860
4604.727539 0.000000 1075.697632 0.000000 0.965942 0.000000 -0.258759 0.649191 0.649191 0.649191
4332.760254 0.000000 1450.614502 0.000000 0.963224 0.000000 0.268701 0.459148 0.459148 0.459148
4329.656250 0.000000 1452.219116 0.000000 0.991874 0.000000 -0.127221 0.519921 0.519921 0.519921
4358.507812 0.000000 1464.200562 0.000000 0.996323 0.000000 0.085676 0.485769 0.485769 0.485769
4359.437500 0.000000 1467.152954 0.000000 0.993287 0.000000 0.115673 0.536174 0.536174 0.536174
5747.634277 0.000000 1624.290405 0.000000 0.902414 0.000000 -0.430870 0.579571 0.579571 0.579571
5749.101074 0.000000 1626.888062 0.000000 0.986783 0.000000 -0.162049 1.010362 1.010362 1.010362
5764.755371 0.000000 1609.435181 0.000000 0.957193 0.000000 0.289449 0.466412 0.466412 0.466412
5763.510742 0.000000 1628.490479 0.000000 0.998171 0.000000 -0.060446 1.006840 1.006840 1.006840
5762.026855 0.000000 1630.188721 0.000000 0.992640 0.000000 0.121105 0.992271 0.992271 0.992271
5763.051758 0.000000 1631.414917 0.000000 0.976568 0.000000 -0.215208 1.013809 1.013809 1.013809
6610.230469 0.000000 1450.144897 0.000000 0.960200 0.000000 -0.279314 1.018021 1.018021 1.018021
6645.860840 0.000000 1460.175781 0.000000 0.999682 0.000000 -0.025234 0.503846 0.503846 0.503846
6609.360840 0.000000 1458.269775 0.000000 0.941140 0.000000 0.338017 0.472902 0.472902 0.472902
6610.979980 0.000000 1452.123169 0.000000 0.979686 0.000000 -0.200537 0.995039 0.995039 0.995039
6431.826172 0.000000 1533.200562 0.000000 0.999970 0.000000 -0.007776 0.501634 0.501634 0.501634
6435.104004 0.000000 1533.620239 0.000000 0.998690 0.000000 0.051167 0.550961 0.550961 0.550961
6440.647949 0.000000 1526.404785 0.000000 0.963222 0.000000 0.268707 0.982681 0.982681 0.982681
6379.601562 0.000000 1690.946899 0.000000 0.967302 0.000000 0.253628 0.505139 0.505139 0.505139
6379.596680 0.000000 1686.588379 0.000000 0.875083 0.000000 0.483972 0.809035 0.809035 0.809035
6343.979980 0.000000 1736.666504 0.000000 0.928390 0.000000 0.371607 0.523949 0.523949 0.523949
6338.500488 0.000000 1714.275269 0.000000 0.999179 0.000000 0.040521 0.994445 0.994445 0.994445
6345.203613 0.000000 1730.232056 0.000000 0.999766 0.000000 -0.021637 0.503898 0.503898 0.503898
6337.017578 0.000000 1721.224365 0.000000 0.933979 0.000000 -0.357327 0.562535 0.562535 0.562535
6362.364746 0.000000 1720.092529 0.000000 0.988763 0.000000 0.149490 0.980333 0.980333 0.980333
6348.457520 0.000000 1746.307129 0.000000 0.885171 0.000000 0.465266 0.419355 0.419355 0.419355
6346.072266 0.000000 1750.703247 0.000000 0.900386 0.000000 0.435093 0.426335 0.426335 0.426335
6342.057129 0.000000 1739.468994 0.000000 0.973073 0.000000 -0.230497 1.014807 1.014807 1.014807
6356.569336 0.000000 1756.402100 0.000000 0.895872 0.000000 0.444313 0.411207 0.411207 0.411207
6363.932617 0.000000 1771.285278 0.000000 0.961164 0.000000 -0.275978 1.017800 1.017800 1.017800
6347.486816 0.000000 1759.575195 0.000000 0.979045 0.000000 -0.203644 0.535404 0.535404 0.535404
6361.706543 0.000000 1764.655029 0.000000 0.893015 0.000000 0.450027 0.703931 0.703931 0.703931
6351.671387 0.000000 1752.544678 0.000000 0.983641 0.000000 0.180140 0.471444 0.471444 0.471444
6704.647949 0.000000 1452.585083 0.000000 0.887502 0.000000 0.460804 0.777376 0.777376 0.777376
6662.724121 0.000000 1445.616821 0.000000 0.964137 0.000000 0.265404 0.453224 0.453224 0.453224
6715.000977 0.000000 1449.910400 0.000000 0.957802 0.000000 0.287429 0.732270 0.732270 0.732270
6716.771484 0.000000 1449.193481 0.000000 0.926742 0.000000 -0.375698 1.043558 1.043558 1.043558
6711.893555 0.000000 1455.614136 0.000000 0.906899 0.000000 -0.421347 0.996602 0.996602 0.996602
6814.060547 0.000000 1460.264282 0.000000 0.923544 0.000000 -0.383492 0.759891 0.759891 0.759891
6780.180664 0.000000 1559.180664 0.000000 0.984813 0.000000 -0.173620 0.885312 0.885312 0.885312
6816.618164 0.000000 1471.959351 0.000000 0.961252 0.000000 0.275670 0.448229 0.448229 0.448229
6817.491699 0.000000 1474.489014 0.000000 0.875640 0.000000 -0.482964 0.969956 0.969956 0.969956
6818.937012 0.000000 1470.378418 0.000000 0.998222 0.000000 0.059604 0.996203 0.996203 0.996203
6867.350098 0.000000 1470.947632 0.000000 0.907361 0.000000 0.420352 0.972381 0.972381 0.972381
7106.356934 0.000000 1473.491943 0.000000 0.876519 0.000000 0.481367 0.449343 0.449343 0.449343
7298.944824 0.000000 1316.536621 0.000000 0.983854 0.000000 0.178974 0.706061 0.706061 0.706061
7227.100586 0.000000 1704.624023 0.000000 0.988251 0.000000 0.152841 0.676088 0.676088 0.676088
7224.473633 0.000000 1702.661987 0.000000 0.909983 0.000000 0.414645 0.431633 0.431633 0.431633
7227.502441 0.000000 1706.528564 0.000000 0.962047 0.000000 -0.272883 1.036226 1.036226 1.036226
7808.156738 0.000000 1636.462646 0.000000 0.999511 0.000000 0.031256 0.749829 0.749829 0.749829
7934.419434 0.000000 1680.194214 0.000000 0.992019 0.000000 0.126088 0.991952 0.991952 0.991952
7935.697754 0.000000 1682.770996 0.000000 0.945255 0.000000 -0.326334 0.660357 0.660357 0.660357
7926.588867 0.000000 1691.229980 0.000000 0.939096 0.000000 -0.343654 1.023384 1.023384 1.023384
7954.127930 0.000000 1651.322876 0.000000 0.931069 0.000000 0.364842 0.976225 0.976225 0.976225
7951.272949 0.000000 1659.965454 0.000000 0.996390 0.000000 0.084892 0.938449 0.938449 0.938449
7939.505371 0.000000 1681.473022 0.000000 0.964190 0.000000 -0.265214 0.995278 0.995278 0.995278
7984.647949 0.000000 1678.522583 0.000000 0.940093 0.000000 0.340917 0.747993 0.747993 0.747993
7952.939453 0.000000 1653.975586 0.000000 0.887758 0.000000 -0.460310 1.064846 1.064846 1.064846
7959.408203 0.000000 1649.885010 0.000000 0.911732 0.000000 0.410786 0.536226 0.536226 0.536226
7953.436523 0.000000 1661.915894 0.000000 0.992319 0.000000 -0.123708 0.518717 0.518717 0.518717
7941.572266 0.000000 1684.977661 0.000000 0.993840 0.000000 0.110820 0.992930 0.992930 0.992930
7937.726074 0.000000 1680.951294 0.000000 0.999913 0.000000 -0.013219 1.000842 1.000842 1.000842
7955.704102 0.000000 1651.811157 0.000000 0.917143 0.000000 -0.398558 1.026098 1.026098 1.026098
7938.657715 0.000000 1682.809204 0.000000 0.970921 0.000000 0.239400 0.984610 0.984610 0.984610
4346.511719 0.000000 2392.853760 0.000000 0.999551 0.000000 -0.029952 0.955397 0.955397 0.955397
4288.514160 0.000000 2388.424561 0.000000 0.997430 0.000000 -0.071646 0.513077 0.513077 0.513077
4300.112305 0.000000 2387.250488 0.000000 0.971399 0.000000 -0.237453 1.025318 1.025318 1.025318
4321.448730 0.000000 2395.640625 0.000000 0.993616 0.000000 -0.112814 0.605917 0.605917 0.605917
5304.550781 0.000000 1896.843506 0.000000 0.958568 0.000000 0.284865 0.442775 0.442775 0.442775
5329.939453 0.000000 1905.779907 0.000000 0.962011 0.000000 0.273010 0.457647 0.457647 0.457647
5316.957520 0.000000 1903.831421 0.000000 0.943352 0.000000 0.331794 0.443640 0.443640 0.443640
5341.392090 0.000000 1908.657837 0.000000 0.994737 0.000000 -0.102462 0.529940 0.529940 0.529940
5341.291016 0.000000 1906.326904 0.000000 0.999022 0.000000 0.044217 0.630183 0.630183 0.630183
7892.984863 0.000000 1957.666748 0.000000 0.990907 0.000000 -0.134550 0.678574 0.678574 0.678574
7887.870117 0.000000 1957.291626 0.000000 0.942584 0.000000 0.333968 0.963531 0.963531 0.963531
7942.997070 0.000000 1847.756958 0.000000 0.913246 0.000000 -0.407408 1.026713 1.026713 1.026713
"}
object={
	name="palm_dense_generator_1_2"
	clamp_to_water_level=no
	render_under_water=no
	generated_content=yes
	layer="semidynamic"
	pdxmesh="tree_palm_03_mesh"
	count=280
	transform="462.873108 0.000000 742.343933 0.000000 0.378980 0.000000 -0.925405 0.773118 0.773118 0.773118
463.197052 0.000000 745.929626 0.000000 0.511719 0.000000 -0.859153 1.060462 1.060462 1.060462
498.798096 0.000000 770.978027 0.000000 0.784444 0.000000 -0.620200 0.906715 0.906715 0.906715
478.288147 0.000000 788.759277 0.000000 0.593923 0.000000 -0.804522 1.058512 1.058512 1.058512
459.084900 0.000000 744.675537 0.000000 0.247971 0.000000 -0.968767 1.084047 1.084047 1.084047
378.631775 0.000000 825.917664 0.000000 0.355145 0.000000 -0.934811 1.076886 1.076886 1.076886
378.249939 0.000000 824.273193 0.000000 0.775377 0.000000 -0.631498 1.043512 1.043512 1.043512
692.365417 0.000000 830.047485 0.000000 0.740812 0.000000 -0.671713 0.612256 0.612256 0.612256
688.648071 0.000000 831.257019 0.000000 0.640497 0.000000 -0.767961 1.055746 1.055746 1.055746
690.750305 0.000000 831.334534 0.000000 0.577642 0.000000 -0.816290 0.976084 0.976084 0.976084
703.210632 0.000000 825.383057 0.000000 0.815065 0.000000 -0.579369 1.039340 1.039340 1.039340
652.978455 0.000000 848.001587 0.000000 0.232903 0.000000 -0.972500 0.714590 0.714590 0.714590
660.994446 0.000000 849.818298 0.000000 0.849427 0.000000 -0.527705 0.581812 0.581812 0.581812
651.316467 0.000000 848.182678 0.000000 0.594481 0.000000 -0.804110 1.059471 1.059471 1.059471
742.231201 0.000000 885.794678 0.000000 0.031984 0.000000 -0.999488 0.990150 0.990150 0.990150
767.487244 0.000000 877.493347 0.000000 0.532638 0.000000 -0.846343 0.711237 0.711237 0.711237
724.089478 0.000000 892.082520 0.000000 0.501306 0.000000 -0.865270 0.730286 0.730286 0.730286
754.585205 0.000000 875.159851 0.000000 0.015764 0.000000 -0.999876 0.811547 0.811547 0.811547
741.098633 0.000000 890.136597 0.000000 0.507437 0.000000 -0.861689 0.672297 0.672297 0.672297
727.371155 0.000000 890.279541 0.000000 0.662698 0.000000 -0.748887 0.954070 0.954070 0.954070
723.640503 0.000000 872.577393 0.000000 0.640608 0.000000 -0.767868 0.730431 0.730431 0.730431
759.405457 0.000000 882.118713 0.000000 0.435473 0.000000 -0.900202 1.081384 1.081384 1.081384
725.422607 0.000000 871.620483 0.000000 0.841540 0.000000 -0.540195 0.905195 0.905195 0.905195
797.423035 0.000000 772.848694 0.000000 0.670752 0.000000 -0.741682 0.989372 0.989372 0.989372
842.351440 0.000000 755.175842 0.000000 0.660259 0.000000 -0.751038 0.667677 0.667677 0.667677
946.842590 0.000000 752.166809 0.000000 0.676204 0.000000 -0.736715 1.052725 1.052725 1.052725
930.932556 0.000000 788.373779 0.000000 0.466886 0.000000 -0.884317 0.698693 0.698693 0.698693
929.062500 0.000000 786.370789 0.000000 0.143895 0.000000 -0.989593 0.710994 0.710994 0.710994
946.132324 0.000000 753.718018 0.000000 0.623305 0.000000 -0.781979 1.057158 1.057158 1.057158
1014.816772 0.000000 735.547668 0.000000 0.823338 0.000000 -0.567552 0.625888 0.625888 0.625888
1010.425415 0.000000 736.451233 0.000000 0.829239 0.000000 -0.558895 1.024855 1.024855 1.024855
806.346802 0.000000 845.038940 0.000000 0.141801 0.000000 -0.989895 1.010402 1.010402 1.010402
807.778381 0.000000 846.616211 0.000000 0.521194 0.000000 -0.853438 1.065097 1.065097 1.065097
804.342041 0.000000 846.449890 0.000000 0.359467 0.000000 -0.933158 1.076592 1.076592 1.076592
888.065735 0.000000 816.143860 0.000000 0.428158 0.000000 -0.903704 1.071833 1.071833 1.071833
879.722534 0.000000 835.100891 0.000000 0.426964 0.000000 -0.904269 1.075301 1.075301 1.075301
882.585205 0.000000 818.675476 0.000000 0.758314 0.000000 -0.651890 1.045205 1.045205 1.045205
893.212830 0.000000 816.173035 0.000000 0.354081 0.000000 -0.935215 0.722292 0.722292 0.722292
853.208252 0.000000 830.660461 0.000000 0.252748 0.000000 -0.967532 0.793946 0.793946 0.793946
872.015625 0.000000 798.409851 0.000000 0.803223 0.000000 -0.595679 1.040623 1.040623 1.040623
886.382080 0.000000 820.108887 0.000000 0.192310 0.000000 -0.981334 0.750147 0.750147 0.750147
876.376709 0.000000 837.048950 0.000000 0.098833 0.000000 -0.995104 1.093698 1.093698 1.093698
841.278137 0.000000 840.864807 0.000000 0.222377 0.000000 -0.974961 1.085724 1.085724 1.085724
893.032837 0.000000 812.969299 0.000000 0.863333 0.000000 -0.504635 1.033675 1.033675 1.033675
856.795349 0.000000 818.693420 0.000000 0.019966 0.000000 -0.999801 1.163960 1.163960 1.163960
895.510010 0.000000 827.999756 0.000000 0.758213 0.000000 -0.652007 1.045215 1.045215 1.045215
872.756287 0.000000 796.247742 0.000000 0.718888 0.000000 -0.695126 0.874772 0.874772 0.874772
882.425415 0.000000 792.935608 0.000000 0.750620 0.000000 -0.660735 1.045951 1.045951 1.045951
882.395020 0.000000 820.797852 0.000000 0.179821 0.000000 -0.983699 1.121803 1.121803 1.121803
836.679749 0.000000 843.396179 0.000000 0.684595 0.000000 -0.728924 1.051996 1.051996 1.051996
885.097351 0.000000 792.566589 0.000000 0.230209 0.000000 -0.973141 1.085212 1.085212 1.085212
873.963501 0.000000 798.310547 0.000000 0.281852 0.000000 -0.959458 1.081810 1.081810 1.081810
891.262024 0.000000 812.917236 0.000000 0.075148 0.000000 -0.997172 1.095211 1.095211 1.095211
838.073303 0.000000 844.568726 0.000000 0.438489 0.000000 -0.898737 1.071103 1.071103 1.071103
888.710815 0.000000 814.612793 0.000000 0.602592 0.000000 -0.798049 1.058827 1.058827 1.058827
892.201172 0.000000 811.371765 0.000000 0.444326 0.000000 -0.895865 1.070689 1.070689 1.070689
889.728394 0.000000 816.175964 0.000000 0.606569 0.000000 -0.795031 1.058509 1.058509 1.058509
861.380981 0.000000 810.178894 0.000000 0.553358 0.000000 -0.832944 1.062669 1.062669 1.062669
842.331238 0.000000 836.117554 0.000000 0.729837 0.000000 -0.683621 1.047919 1.047919 1.047919
894.321777 0.000000 809.113464 0.000000 0.456574 0.000000 -0.889686 1.069815 1.069815 1.069815
802.900940 0.000000 847.330322 0.000000 0.157019 0.000000 -0.987596 1.092079 1.092079 1.092079
823.531311 0.000000 857.869324 0.000000 0.387734 0.000000 -0.921771 1.074652 1.074652 1.074652
806.889160 0.000000 870.705261 0.000000 0.841209 0.000000 -0.540710 0.703195 0.703195 0.703195
806.686340 0.000000 847.571411 0.000000 0.321302 0.000000 -0.946977 1.079176 1.079176 1.079176
784.939697 0.000000 863.194275 0.000000 0.379674 0.000000 -0.925120 0.745780 0.745780 0.745780
806.469543 0.000000 873.859680 0.000000 0.425755 0.000000 -0.904838 1.072002 1.072002 1.072002
821.566833 0.000000 859.727844 0.000000 0.719574 0.000000 -0.694416 1.046496 1.046496 1.046496
824.473511 0.000000 855.396362 0.000000 0.857167 0.000000 -0.515039 1.034445 1.034445 1.034445
811.095459 0.000000 861.584290 0.000000 0.056944 0.000000 -0.998377 1.096373 1.096373 1.096373
774.028809 0.000000 870.195251 0.000000 0.392632 0.000000 -0.919696 0.915138 0.915138 0.915138
785.219849 0.000000 858.724365 0.000000 0.816479 0.000000 -0.577375 1.070532 1.070532 1.070532
804.990540 0.000000 847.951233 0.000000 0.116205 0.000000 -0.993225 1.092585 1.092585 1.092585
786.442383 0.000000 862.282288 0.000000 0.426423 0.000000 -0.904524 1.071955 1.071955 1.071955
807.989624 0.000000 873.169495 0.000000 0.841411 0.000000 -0.540396 1.036345 1.036345 1.036345
866.900940 0.000000 847.330322 0.000000 0.829463 0.000000 -0.558561 1.037729 1.037729 1.037729
838.330505 0.000000 859.362427 0.000000 0.403842 0.000000 -0.914829 1.097758 1.097758 1.097758
847.831299 0.000000 851.437500 0.000000 0.442056 0.000000 -0.896988 1.070850 1.070850 1.070850
837.464844 0.000000 852.047546 0.000000 0.712303 0.000000 -0.701872 1.049530 1.049530 1.049530
834.356873 0.000000 852.163818 0.000000 0.858307 0.000000 -0.513136 0.866541 0.866541 0.866541
841.084778 0.000000 858.083496 0.000000 0.160851 0.000000 -0.986979 1.089715 1.089715 1.089715
832.090149 0.000000 850.561218 0.000000 0.413702 0.000000 -0.910413 1.072847 1.072847 1.072847
847.671448 0.000000 848.794739 0.000000 0.831318 0.000000 -0.555797 0.874705 0.874705 0.874705
854.077637 0.000000 864.440308 0.000000 0.699047 0.000000 -0.715075 1.050722 1.050722 1.050722
842.618225 0.000000 860.809998 0.000000 0.483752 0.000000 -0.875205 1.067855 1.067855 1.067855
858.869202 0.000000 868.714539 0.000000 0.328949 0.000000 -0.944348 1.108275 1.108275 1.108275
857.632507 0.000000 862.483154 0.000000 0.174659 0.000000 -0.984629 1.088824 1.088824 1.088824
856.030273 0.000000 860.570801 0.000000 0.004064 0.000000 -0.999992 1.099741 1.099741 1.099741
855.560547 0.000000 864.791443 0.000000 0.342158 0.000000 -0.939643 1.077768 1.077768 1.077768
897.319092 0.000000 829.669678 0.000000 0.240006 0.000000 -0.970771 1.084570 1.084570 1.084570
898.396606 0.000000 792.643372 0.000000 0.683358 0.000000 -0.730083 0.633937 0.633937 0.633937
896.513977 0.000000 806.862122 0.000000 0.769395 0.000000 -0.638773 1.044111 1.044111 1.044111
949.789307 0.000000 834.225037 0.000000 0.115540 0.000000 -0.993303 1.134038 1.134038 1.134038
896.712524 0.000000 809.002258 0.000000 0.729677 0.000000 -0.683792 0.905946 0.905946 0.905946
896.523315 0.000000 792.437317 0.000000 0.739782 0.000000 -0.672847 1.074624 1.074624 1.074624
128.156708 0.000000 1015.134583 0.000000 0.571746 0.000000 -0.820431 0.669707 0.669707 0.669707
9.063750 0.000000 1047.180786 0.000000 0.115043 0.000000 -0.993360 0.788028 0.788028 0.788028
109.516556 0.000000 1031.452026 0.000000 0.134117 0.000000 -0.990965 1.168888 1.168888 1.168888
111.868622 0.000000 1065.129761 0.000000 0.418877 0.000000 -0.908043 0.672390 0.672390 0.672390
124.832733 0.000000 1049.040527 0.000000 0.763264 0.000000 -0.646086 0.829774 0.829774 0.829774
111.447952 0.000000 1029.404419 0.000000 0.303109 0.000000 -0.952956 1.176869 1.176869 1.176869
20.569408 0.000000 1078.589600 0.000000 0.697445 0.000000 -0.716638 0.619979 0.619979 0.619979
18.498642 0.000000 1077.021118 0.000000 0.587782 0.000000 -0.809019 0.848889 0.848889 0.848889
128.042358 0.000000 1016.726074 0.000000 0.406508 0.000000 -0.913647 0.816246 0.816246 0.816246
137.400864 0.000000 1089.322266 0.000000 0.664965 0.000000 -0.746875 1.053689 1.053689 1.053689
132.032562 0.000000 1104.814697 0.000000 0.031600 0.000000 -0.999501 0.771484 0.771484 0.771484
139.039215 0.000000 1089.459473 0.000000 0.449983 0.000000 -0.893037 1.070286 1.070286 1.070286
232.015656 0.000000 1080.831665 0.000000 0.783919 0.000000 -0.620864 0.656465 0.656465 0.656465
230.824463 0.000000 1078.441040 0.000000 0.375013 0.000000 -0.927020 0.842553 0.842553 0.842553
323.837219 0.000000 983.796448 0.000000 0.546191 0.000000 -0.837661 0.648370 0.648370 0.648370
388.755341 0.000000 931.622681 0.000000 0.859538 0.000000 -0.511072 1.034150 1.034150 1.034150
386.070068 0.000000 928.571655 0.000000 0.313034 0.000000 -0.949742 1.079731 1.079731 1.079731
436.365417 0.000000 999.500610 0.000000 0.554006 0.000000 -0.832513 0.669073 0.669073 0.669073
429.836609 0.000000 1012.867126 0.000000 0.122784 0.000000 -0.992433 1.123961 1.123961 1.123961
503.794861 0.000000 1029.724976 0.000000 0.599576 0.000000 -0.800318 0.967103 0.967103 0.967103
505.677979 0.000000 1031.840332 0.000000 0.328178 0.000000 -0.944616 1.099086 1.099086 1.099086
502.302399 0.000000 1031.006226 0.000000 0.026231 0.000000 -0.999656 1.098330 1.098330 1.098330
100.276176 0.000000 1162.934204 0.000000 0.401259 0.000000 -0.915965 0.727648 0.727648 0.727648
102.646332 0.000000 1161.844727 0.000000 0.821938 0.000000 -0.569576 0.615209 0.615209 0.615209
173.516556 0.000000 1200.905151 0.000000 0.842095 0.000000 -0.539329 0.626072 0.626072 0.626072
183.637939 0.000000 1201.915283 0.000000 0.143030 0.000000 -0.989718 0.796641 0.796641 0.796641
147.771835 0.000000 1208.797363 0.000000 0.310719 0.000000 -0.950502 0.739188 0.739188 0.739188
142.979874 0.000000 1211.012085 0.000000 0.701241 0.000000 -0.712925 0.630476 0.630476 0.630476
209.664764 0.000000 1192.827881 0.000000 0.847567 0.000000 -0.530688 0.865046 0.865046 0.865046
189.292694 0.000000 1311.699585 0.000000 0.743736 0.000000 -0.668473 0.624203 0.624203 0.624203
183.531326 0.000000 1309.744263 0.000000 0.854397 0.000000 -0.519620 0.598422 0.598422 0.598422
187.100800 0.000000 1309.233398 0.000000 0.734240 0.000000 -0.678890 0.619328 0.619328 0.619328
189.252289 0.000000 1309.567017 0.000000 0.175823 0.000000 -0.984422 1.144495 1.144495 1.144495
171.311447 0.000000 1324.288452 0.000000 0.213587 0.000000 -0.976924 1.086297 1.086297 1.086297
185.360489 0.000000 1310.397339 0.000000 0.806311 0.000000 -0.591491 1.062145 1.062145 1.062145
182.302399 0.000000 1313.428101 0.000000 0.290146 0.000000 -0.956982 1.084887 1.084887 1.084887
187.502258 0.000000 1311.137939 0.000000 0.233108 0.000000 -0.972451 1.085022 1.085022 1.085022
171.954361 0.000000 1322.846680 0.000000 0.514136 0.000000 -0.857709 1.065623 1.065623 1.065623
202.256516 0.000000 1303.371338 0.000000 0.517041 0.000000 -0.855961 1.065407 1.065407 1.065407
448.009796 0.000000 1341.333130 0.000000 0.107090 0.000000 -0.994249 1.093169 1.093169 1.093169
473.283905 0.000000 1320.758423 0.000000 0.525354 0.000000 -0.850884 1.138447 1.138447 1.138447
450.575775 0.000000 1340.267700 0.000000 0.445452 0.000000 -0.895306 0.850643 0.850643 0.850643
473.598145 0.000000 1322.772217 0.000000 0.299032 0.000000 -0.954243 1.080667 1.080667 1.080667
679.299927 0.000000 1006.613831 0.000000 0.126932 0.000000 -0.991911 0.716770 0.716770 0.716770
883.914246 0.000000 909.538391 0.000000 0.428569 0.000000 -0.903509 0.873928 0.873928 0.873928
938.009583 0.000000 1015.171021 0.000000 0.648684 0.000000 -0.761058 0.664868 0.664868 0.664868
934.346802 0.000000 1014.492065 0.000000 0.159016 0.000000 -0.987276 1.089833 1.089833 1.089833
910.007324 0.000000 1047.609009 0.000000 0.254658 0.000000 -0.967031 0.696232 0.696232 0.696232
913.256897 0.000000 1051.433594 0.000000 0.751323 0.000000 -0.659935 0.680049 0.680049 0.680049
928.448975 0.000000 1042.714111 0.000000 0.789581 0.000000 -0.613647 0.712211 0.712211 0.712211
915.991577 0.000000 1049.946289 0.000000 0.861622 0.000000 -0.507550 1.033890 1.033890 1.033890
912.716858 0.000000 1048.816528 0.000000 0.558384 0.000000 -0.829583 1.062284 1.062284 1.062284
133.119217 0.000000 1372.059204 0.000000 0.507066 0.000000 -0.861907 0.679372 0.679372 0.679372
413.020508 0.000000 1368.455322 0.000000 0.840326 0.000000 -0.542081 0.774054 0.774054 0.774054
2355.634277 0.000000 1511.321655 0.000000 0.472471 0.000000 -0.881346 0.693495 0.693495 0.693495
2382.953369 0.000000 1522.565430 0.000000 0.545048 0.000000 -0.838405 0.695266 0.695266 0.695266
2382.368652 0.000000 1524.447266 0.000000 0.760842 0.000000 -0.648937 0.879168 0.879168 0.879168
2356.003906 0.000000 1528.405640 0.000000 0.111209 0.000000 -0.993797 0.771650 0.771650 0.771650
2377.084717 0.000000 1535.895996 0.000000 0.676476 0.000000 -0.736465 0.623693 0.623693 0.623693
2383.671387 0.000000 1526.607178 0.000000 0.699985 0.000000 -0.714157 0.922325 0.922325 0.922325
2374.363770 0.000000 1534.590820 0.000000 0.152173 0.000000 -0.988354 0.713497 0.713497 0.713497
2933.993896 0.000000 1489.879883 0.000000 0.081987 0.000000 -0.996633 1.142546 1.142546 1.142546
2934.180420 0.000000 1492.443970 0.000000 0.550475 0.000000 -0.834852 0.732071 0.732071 0.732071
2978.111328 0.000000 1500.208984 0.000000 0.616899 0.000000 -0.787042 0.877590 0.877590 0.877590
2964.435791 0.000000 1510.865601 0.000000 0.333150 0.000000 -0.942874 1.078378 1.078378 1.078378
2975.330566 0.000000 1501.014893 0.000000 0.616489 0.000000 -0.787363 0.724725 0.724725 0.724725
2978.967773 0.000000 1503.336426 0.000000 0.498526 0.000000 -0.866875 0.995688 0.995688 0.995688
499.759064 0.000000 2008.317993 0.000000 0.348777 0.000000 -0.937206 0.717859 0.717859 0.717859
458.235718 0.000000 2020.637329 0.000000 0.168299 0.000000 -0.985736 1.095767 1.095767 1.095767
497.909119 0.000000 2008.794434 0.000000 0.790871 0.000000 -0.611983 1.041926 1.041926 1.041926
556.412659 0.000000 1962.742432 0.000000 0.796631 0.000000 -0.604466 1.056880 1.056880 1.056880
553.204712 0.000000 1957.030151 0.000000 0.171050 0.000000 -0.985262 1.103852 1.103852 1.103852
555.659790 0.000000 1956.648438 0.000000 0.769881 0.000000 -0.638188 0.617431 0.617431 0.617431
562.750305 0.000000 1961.021973 0.000000 0.553756 0.000000 -0.832679 1.096537 1.096537 1.096537
565.007935 0.000000 1961.619141 0.000000 0.067929 0.000000 -0.997690 1.090069 1.090069 1.090069
1507.689819 0.000000 2141.523438 0.000000 0.456638 0.000000 -0.889653 0.667956 0.667956 0.667956
1526.280518 0.000000 2136.501221 0.000000 0.251136 0.000000 -0.967952 1.083839 1.083839 1.083839
1470.419189 0.000000 2245.037842 0.000000 0.222024 0.000000 -0.975041 0.798893 0.798893 0.798893
1472.163086 0.000000 2237.637207 0.000000 0.683403 0.000000 -0.730041 0.954266 0.954266 0.954266
1472.009766 0.000000 2245.083252 0.000000 0.807220 0.000000 -0.590251 0.616563 0.616563 0.616563
1552.971924 0.000000 2082.614502 0.000000 0.733459 0.000000 -0.679733 0.645821 0.645821 0.645821
1553.722656 0.000000 2085.614746 0.000000 0.216184 0.000000 -0.976353 1.105211 1.105211 1.105211
1563.698975 0.000000 2079.936768 0.000000 0.725048 0.000000 -0.688698 1.022960 1.022960 1.022960
1564.793701 0.000000 2092.763672 0.000000 0.661256 0.000000 -0.750160 0.661061 0.661061 0.661061
1545.203857 0.000000 2125.622559 0.000000 0.844675 0.000000 -0.535280 1.074879 1.074879 1.074879
1561.237549 0.000000 2096.080811 0.000000 0.229683 0.000000 -0.973266 0.731168 0.731168 0.731168
1595.981689 0.000000 2145.141113 0.000000 0.614262 0.000000 -0.789102 0.638668 0.638668 0.638668
1566.961914 0.000000 2090.883301 0.000000 0.350551 0.000000 -0.936544 1.095363 1.095363 1.095363
1557.235596 0.000000 2109.782959 0.000000 0.678258 0.000000 -0.734824 0.623331 0.623331 0.623331
1544.280029 0.000000 2124.152832 0.000000 0.235392 0.000000 -0.971901 1.176735 1.176735 1.176735
1554.442383 0.000000 2104.938477 0.000000 0.487102 0.000000 -0.873345 1.136017 1.136017 1.136017
1614.007324 0.000000 2120.812012 0.000000 0.453167 0.000000 -0.891426 0.694104 0.694104 0.694104
1600.255005 0.000000 2137.062744 0.000000 0.072851 0.000000 -0.997343 0.821413 0.821413 0.821413
1612.079956 0.000000 2121.210693 0.000000 0.025385 0.000000 -0.999678 1.052366 1.052366 1.052366
1590.816772 0.000000 2147.656982 0.000000 0.585685 0.000000 -0.810539 0.783193 0.783193 0.783193
1586.425415 0.000000 2148.560547 0.000000 0.155800 0.000000 -0.987789 1.097740 1.097740 1.097740
1589.097412 0.000000 2148.191650 0.000000 0.675712 0.000000 -0.737166 1.111122 1.111122 1.111122
1381.432373 0.000000 2326.886475 0.000000 0.029251 0.000000 -0.999572 0.833090 0.833090 0.833090
1353.203857 0.000000 2351.560059 0.000000 0.461726 0.000000 -0.887023 0.716100 0.716100 0.716100
1363.007568 0.000000 2333.937744 0.000000 0.829311 0.000000 -0.558787 1.049293 1.049293 1.049293
1356.526733 0.000000 2338.905273 0.000000 0.132177 0.000000 -0.991226 0.813177 0.813177 0.813177
1368.795410 0.000000 2343.771484 0.000000 0.378577 0.000000 -0.925570 1.139052 1.139052 1.139052
2129.436523 0.000000 1831.369019 0.000000 0.696472 0.000000 -0.717584 1.095307 1.095307 1.095307
2136.422119 0.000000 1837.200195 0.000000 0.706055 0.000000 -0.708157 1.050095 1.050095 1.050095
2079.758545 0.000000 2007.112793 0.000000 0.704908 0.000000 -0.709298 0.758203 0.758203 0.758203
2093.433838 0.000000 2006.682373 0.000000 0.045657 0.000000 -0.998957 0.781683 0.781683 0.781683
2082.857422 0.000000 2006.082031 0.000000 0.010564 0.000000 -0.999944 1.099327 1.099327 1.099327
2086.646240 0.000000 2009.110352 0.000000 0.199343 0.000000 -0.979930 1.087224 1.087224 1.087224
2084.550293 0.000000 2007.747192 0.000000 0.249240 0.000000 -0.968442 0.968918 0.968918 0.968918
2196.968506 0.000000 2029.078247 0.000000 0.502767 0.000000 -0.864422 0.694307 0.694307 0.694307
2212.276123 0.000000 2010.199829 0.000000 0.076729 0.000000 -0.997052 1.062194 1.062194 1.062194
2185.278076 0.000000 2027.036743 0.000000 0.779226 0.000000 -0.626743 0.709695 0.709695 0.709695
2233.072510 0.000000 2027.070190 0.000000 0.655447 0.000000 -0.755241 0.859647 0.859647 0.859647
2223.436035 0.000000 2011.674438 0.000000 0.399265 0.000000 -0.916836 1.031509 1.031509 1.031509
2209.987305 0.000000 2014.566772 0.000000 0.025775 0.000000 -0.999668 1.098359 1.098359 1.098359
2209.128418 0.000000 2017.716309 0.000000 0.779650 0.000000 -0.626216 1.062338 1.062338 1.062338
2210.559814 0.000000 2010.158569 0.000000 0.038131 0.000000 -0.999273 1.097572 1.097572 1.097572
2432.156738 0.000000 2031.853271 0.000000 0.728697 0.000000 -0.684837 0.642778 0.642778 0.642778
2240.042236 0.000000 2033.444824 0.000000 0.349192 0.000000 -0.937051 0.703231 0.703231 0.703231
2240.523438 0.000000 2035.093506 0.000000 0.205831 0.000000 -0.978587 1.127650 1.127650 1.127650
2260.968506 0.000000 2142.046875 0.000000 0.585945 0.000000 -0.810351 0.725366 0.725366 0.725366
2265.505615 0.000000 2143.693604 0.000000 0.713570 0.000000 -0.700584 0.625283 0.625283 0.625283
2263.348877 0.000000 2142.920410 0.000000 0.752886 0.000000 -0.658151 0.807572 0.807572 0.807572
2404.045898 0.000000 2038.712402 0.000000 0.160843 0.000000 -0.986980 0.983579 0.983579 0.983579
2406.824463 0.000000 2038.675415 0.000000 0.041515 0.000000 -0.999138 1.136469 1.136469 1.136469
4041.604492 0.000000 2343.313721 0.000000 0.823604 0.000000 -0.567165 1.066396 1.066396 1.066396
4600.473633 0.000000 1081.333862 0.000000 0.750459 0.000000 -0.660917 0.613294 0.613294 0.613294
4602.270996 0.000000 1081.536865 0.000000 0.749652 0.000000 -0.661832 1.079629 1.079629 1.079629
4612.384766 0.000000 1067.491455 0.000000 0.777614 0.000000 -0.628742 0.761192 0.761192 0.761192
4623.870117 0.000000 1053.541626 0.000000 0.128486 0.000000 -0.991711 1.169556 1.169556 1.169556
4621.872070 0.000000 1045.121216 0.000000 0.063505 0.000000 -0.997981 0.796003 0.796003 0.796003
4612.189941 0.000000 1061.882080 0.000000 0.022549 0.000000 -0.999746 1.175363 1.175363 1.175363
4326.230957 0.000000 1450.638428 0.000000 0.531346 0.000000 -0.847155 0.679009 0.679009 0.679009
4333.311035 0.000000 1446.459229 0.000000 0.762642 0.000000 -0.646821 0.606156 0.606156 0.606156
4329.204590 0.000000 1448.670776 0.000000 0.171533 0.000000 -0.985178 0.806949 0.806949 0.806949
4330.678223 0.000000 1450.284424 0.000000 0.787233 0.000000 -0.616655 0.788868 0.788868 0.788868
5763.597168 0.000000 1606.669067 0.000000 0.180072 0.000000 -0.983653 1.088473 1.088473 1.088473
6648.315430 0.000000 1449.118408 0.000000 0.528033 0.000000 -0.849224 0.678181 0.678181 0.678181
6646.381836 0.000000 1441.437012 0.000000 0.436528 0.000000 -0.899691 0.705762 0.705762 0.705762
6635.659668 0.000000 1448.289062 0.000000 0.064188 0.000000 -0.997938 1.177153 1.177153 1.177153
6649.129395 0.000000 1450.927979 0.000000 0.834581 0.000000 -0.550885 0.949681 0.949681 0.949681
6625.433594 0.000000 1447.912964 0.000000 0.008068 0.000000 -0.999967 1.129918 1.129918 1.129918
6336.156738 0.000000 1692.947021 0.000000 0.636286 0.000000 -0.771454 0.669272 0.669272 0.669272
6335.958008 0.000000 1715.430298 0.000000 0.432371 0.000000 -0.901696 0.736067 0.736067 0.736067
6334.582031 0.000000 1709.398315 0.000000 0.652471 0.000000 -0.757813 0.830515 0.830515 0.830515
6350.953125 0.000000 1748.502930 0.000000 0.745528 0.000000 -0.666475 0.643962 0.643962 0.643962
6359.293457 0.000000 1718.096069 0.000000 0.769014 0.000000 -0.639232 0.624917 0.624917 0.624917
6338.944824 0.000000 1711.927246 0.000000 0.338372 0.000000 -0.941013 1.028395 1.028395 1.028395
6338.199219 0.000000 1701.643555 0.000000 0.316731 0.000000 -0.948516 0.847334 0.847334 0.847334
6363.849121 0.000000 1721.136841 0.000000 0.323697 0.000000 -0.946161 1.162678 1.162678 1.162678
6354.283691 0.000000 1752.148315 0.000000 0.353317 0.000000 -0.935504 0.723331 0.723331 0.723331
6363.131348 0.000000 1767.136841 0.000000 0.828091 0.000000 -0.560594 0.890037 0.890037 0.890037
6356.094727 0.000000 1766.416504 0.000000 0.737686 0.000000 -0.675144 1.097143 1.097143 1.097143
6362.245605 0.000000 1769.527466 0.000000 0.382584 0.000000 -0.923921 1.075007 1.075007 1.075007
6710.864258 0.000000 1467.108032 0.000000 0.718797 0.000000 -0.695220 0.932228 0.932228 0.932228
6681.681152 0.000000 1445.886841 0.000000 0.119467 0.000000 -0.992838 0.723333 0.723333 0.723333
6705.314941 0.000000 1454.807617 0.000000 0.367854 0.000000 -0.929883 1.139279 1.139279 1.139279
6675.576660 0.000000 1447.561035 0.000000 0.374571 0.000000 -0.927198 1.075558 1.075558 1.075558
6676.841797 0.000000 1446.675537 0.000000 0.423693 0.000000 -0.905806 1.072147 1.072147 1.072147
6815.328613 0.000000 1462.431274 0.000000 0.504563 0.000000 -0.863375 0.697010 0.697010 0.697010
6780.112793 0.000000 1560.753174 0.000000 0.828338 0.000000 -0.560228 1.037857 1.037857 1.037857
6818.934570 0.000000 1472.162964 0.000000 0.474259 0.000000 -0.880385 1.068543 1.068543 1.068543
6879.826172 0.000000 1476.716187 0.000000 0.806301 0.000000 -0.591505 0.625857 0.625857 0.625857
6898.789551 0.000000 1480.681030 0.000000 0.068043 0.000000 -0.997682 0.795436 0.795436 0.795436
6876.431641 0.000000 1476.101562 0.000000 0.639388 0.000000 -0.768884 0.756816 0.756816 0.756816
6878.652344 0.000000 1480.679077 0.000000 0.729421 0.000000 -0.684065 1.075201 1.075201 1.075201
7104.090332 0.000000 1471.889404 0.000000 0.837341 0.000000 -0.546681 0.794812 0.794812 0.794812
6982.424805 0.000000 1601.922607 0.000000 0.006292 0.000000 -0.999980 0.770090 0.770090 0.770090
7443.894531 0.000000 1306.912354 0.000000 0.405537 0.000000 -0.914079 0.857766 0.857766 0.857766
7223.531250 0.000000 1705.134888 0.000000 0.454931 0.000000 -0.890527 1.061714 1.061714 1.061714
7937.118652 0.000000 1682.776978 0.000000 0.373576 0.000000 -0.927599 1.075626 1.075626 1.075626
7950.777344 0.000000 1658.299072 0.000000 0.198869 0.000000 -0.980026 1.153055 1.153055 1.153055
4326.893555 0.000000 2391.791016 0.000000 0.508004 0.000000 -0.861355 0.709502 0.709502 0.709502
4320.449219 0.000000 2398.339111 0.000000 0.180864 0.000000 -0.983508 0.788909 0.788909 0.788909
4329.676758 0.000000 2390.410645 0.000000 0.233564 0.000000 -0.972341 1.102467 1.102467 1.102467
4301.099609 0.000000 2392.120361 0.000000 0.046496 0.000000 -0.998918 0.902079 0.902079 0.902079
4326.337891 0.000000 2386.079834 0.000000 0.296605 0.000000 -0.955000 1.035406 1.035406 1.035406
4324.029297 0.000000 2390.896484 0.000000 0.839330 0.000000 -0.543622 0.809034 0.809034 0.809034
5282.015137 0.000000 1884.479858 0.000000 0.498911 0.000000 -0.866653 0.681001 0.681001 0.681001
5296.580566 0.000000 1894.425171 0.000000 0.242462 0.000000 -0.970161 0.709036 0.709036 0.709036
5281.641602 0.000000 1882.062988 0.000000 0.170771 0.000000 -0.985311 0.773744 0.773744 0.773744
5316.763672 0.000000 1900.176636 0.000000 0.172003 0.000000 -0.985096 1.191602 1.191602 1.191602
5321.866211 0.000000 1903.056763 0.000000 0.242231 0.000000 -0.970219 1.138419 1.138419 1.138419
5314.311035 0.000000 1900.595459 0.000000 0.336541 0.000000 -0.941669 1.078149 1.078149 1.078149
7895.371094 0.000000 1963.482666 0.000000 0.464110 0.000000 -0.885778 1.029133 1.029133 1.029133
7896.572266 0.000000 1959.933105 0.000000 0.228474 0.000000 -0.973550 0.737405 0.737405 0.737405
"}
