object={
	name="pine_sparse_generator_1_0"
	clamp_to_water_level=no
	render_under_water=no
	generated_content=yes
	layer="semidynamic"
	pdxmesh="tree_fir_001_mesh"
	count=108
	transform="1276.718994 0.000000 2583.028320 0.000000 0.290801 0.000000 0.956784 0.567815 0.567815 0.567815
1276.880859 0.000000 2677.995361 0.000000 0.521285 0.000000 0.853383 0.510514 0.510514 0.510514
1283.898438 0.000000 2594.553467 0.000000 0.103351 0.000000 0.994645 0.498422 0.498422 0.498422
1284.256348 0.000000 2597.312500 0.000000 0.335980 0.000000 0.941869 0.514588 0.514588 0.514588
1534.112061 0.000000 2585.715576 0.000000 0.162703 0.000000 0.986675 0.399087 0.399087 0.399087
1306.132568 0.000000 2632.733154 0.000000 0.283785 0.000000 0.958888 0.511505 0.511505 0.511505
1289.424194 0.000000 2682.639404 0.000000 0.426284 0.000000 0.904589 0.450475 0.450475 0.450475
1319.553711 0.000000 2671.968018 0.000000 0.059286 0.000000 0.998241 0.525010 0.525010 0.525010
1323.534790 0.000000 2670.755371 0.000000 0.113042 0.000000 0.993590 0.417863 0.417863 0.417863
1296.764038 0.000000 2670.717529 0.000000 0.516609 0.000000 0.856221 0.492317 0.492317 0.492317
1318.386963 0.000000 2677.113770 0.000000 0.057611 0.000000 0.998339 0.497361 0.497361 0.497361
1382.386963 0.000000 2677.113770 0.000000 0.013423 0.000000 0.999910 0.456470 0.456470 0.456470
1499.221802 0.000000 2644.309814 0.000000 0.099397 0.000000 0.995048 0.468685 0.468685 0.468685
1492.194824 0.000000 2644.194092 0.000000 0.087308 0.000000 0.996181 0.459685 0.459685 0.459685
1495.759277 0.000000 2642.406982 0.000000 0.504534 0.000000 0.863392 0.610188 0.610188 0.610188
1501.234741 0.000000 2621.989990 0.000000 0.463056 0.000000 0.886329 0.576784 0.576784 0.576784
1493.436035 0.000000 2649.579102 0.000000 0.579623 0.000000 0.814885 0.462943 0.462943 0.462943
1444.219849 0.000000 2694.923096 0.000000 0.578078 0.000000 0.815982 0.548316 0.548316 0.548316
1420.244629 0.000000 2705.382324 0.000000 0.220901 0.000000 0.975296 0.574365 0.574365 0.574365
1727.419312 0.000000 2394.215820 0.000000 0.311689 0.000000 0.950184 0.394205 0.394205 0.394205
1729.602173 0.000000 2402.717041 0.000000 0.220169 0.000000 0.975462 0.469441 0.469441 0.469441
1733.178101 0.000000 2397.713867 0.000000 0.150635 0.000000 0.988589 0.452142 0.452142 0.452142
1711.365356 0.000000 2459.631836 0.000000 0.126498 0.000000 0.991967 0.537110 0.537110 0.537110
1709.059937 0.000000 2471.219971 0.000000 0.177874 0.000000 0.984053 0.381304 0.381304 0.381304
1721.786499 0.000000 2433.353027 0.000000 0.012026 0.000000 0.999928 0.451213 0.451213 0.451213
1724.365845 0.000000 2431.555908 0.000000 0.483003 0.000000 0.875619 0.491472 0.491472 0.491472
1546.048218 0.000000 2587.297119 0.000000 0.156398 0.000000 0.987694 0.534449 0.534449 0.534449
1536.390503 0.000000 2585.346924 0.000000 0.529394 0.000000 0.848376 0.611134 0.611134 0.611134
1543.290527 0.000000 2584.642090 0.000000 0.584615 0.000000 0.811311 0.586385 0.586385 0.586385
1539.168213 0.000000 2585.749512 0.000000 0.558085 0.000000 0.829784 0.660233 0.660233 0.660233
1539.898438 0.000000 2594.553467 0.000000 0.337115 0.000000 0.941463 0.503979 0.503979 0.503979
1715.915527 0.000000 2497.353760 0.000000 0.332004 0.000000 0.943278 0.470041 0.470041 0.470041
1670.656738 0.000000 2590.614746 0.000000 0.007772 0.000000 0.999970 0.465055 0.465055 0.465055
1678.452148 0.000000 2597.391602 0.000000 0.030183 0.000000 0.999544 0.442821 0.442821 0.442821
1657.426636 0.000000 2615.680176 0.000000 0.327236 0.000000 0.944943 0.425132 0.425132 0.425132
1587.521606 0.000000 2682.774414 0.000000 0.232050 0.000000 0.972704 0.381914 0.381914 0.381914
1676.406494 0.000000 2599.229492 0.000000 0.032115 0.000000 0.999484 0.409455 0.409455 0.409455
1970.616577 0.000000 2813.787598 0.000000 0.060387 0.000000 0.998175 0.397513 0.397513 0.397513
1978.989014 0.000000 2801.368408 0.000000 0.368223 0.000000 0.929737 0.405976 0.405976 0.405976
1979.206421 0.000000 2797.715088 0.000000 0.281589 0.000000 0.959535 0.431490 0.431490 0.431490
2028.084717 0.000000 2798.478271 0.000000 0.458840 0.000000 0.888519 0.396567 0.396567 0.396567
2034.278564 0.000000 2798.443359 0.000000 0.065500 0.000000 0.997853 0.392264 0.392264 0.392264
2172.365723 0.000000 2262.102783 0.000000 0.505903 0.000000 0.862591 0.415677 0.415677 0.415677
2230.469482 0.000000 2269.529053 0.000000 0.376269 0.000000 0.926511 0.424212 0.424212 0.424212
2218.478760 0.000000 2285.112061 0.000000 0.467901 0.000000 0.883781 0.413156 0.413156 0.413156
2251.714111 0.000000 2297.378174 0.000000 0.057217 0.000000 0.998362 0.483478 0.483478 0.483478
2269.260010 0.000000 2293.644287 0.000000 0.071118 0.000000 0.997468 0.466354 0.466354 0.466354
2193.893799 0.000000 2329.174072 0.000000 0.531460 0.000000 0.847083 0.465461 0.465461 0.465461
2193.653076 0.000000 2324.328857 0.000000 0.468963 0.000000 0.883218 0.483915 0.483915 0.483915
2282.064209 0.000000 2367.183105 0.000000 0.478139 0.000000 0.878284 0.385491 0.385491 0.385491
2285.059814 0.000000 2414.735596 0.000000 0.453945 0.000000 0.891029 0.470935 0.470935 0.470935
2289.044678 0.000000 2421.027588 0.000000 0.524245 0.000000 0.851568 0.454376 0.454376 0.454376
2281.605957 0.000000 2409.825195 0.000000 0.567747 0.000000 0.823203 0.407655 0.407655 0.407655
2289.495361 0.000000 2372.443848 0.000000 0.369911 0.000000 0.929067 0.463695 0.463695 0.463695
2372.256348 0.000000 2427.859375 0.000000 0.097524 0.000000 0.995233 0.422911 0.422911 0.422911
2337.639404 0.000000 2458.865723 0.000000 0.084344 0.000000 0.996437 0.380704 0.380704 0.380704
2397.536865 0.000000 2468.841309 0.000000 0.114163 0.000000 0.993462 0.467239 0.467239 0.467239
2396.116211 0.000000 2484.243652 0.000000 0.083244 0.000000 0.996529 0.412054 0.412054 0.412054
2414.917725 0.000000 2506.627197 0.000000 0.210382 0.000000 0.977619 0.381003 0.381003 0.381003
2406.192871 0.000000 2491.019287 0.000000 0.391753 0.000000 0.920070 0.384134 0.384134 0.384134
2401.456543 0.000000 2499.237305 0.000000 0.285211 0.000000 0.958465 0.470818 0.470818 0.470818
2419.006592 0.000000 2493.757568 0.000000 0.555780 0.000000 0.831329 0.476962 0.476962 0.476962
2407.443848 0.000000 2496.601807 0.000000 0.398033 0.000000 0.917371 0.473278 0.473278 0.473278
2194.867188 0.000000 2754.213867 0.000000 0.485010 0.000000 0.874509 0.489718 0.489718 0.489718
2187.714111 0.000000 2749.253174 0.000000 0.309087 0.000000 0.951034 0.480229 0.480229 0.480229
2246.827393 0.000000 2767.248779 0.000000 0.512198 0.000000 0.858867 0.565937 0.565937 0.565937
2265.163818 0.000000 2767.109375 0.000000 0.146375 0.000000 0.989229 0.429072 0.429072 0.429072
2193.216553 0.000000 2807.615723 0.000000 0.524403 0.000000 0.851470 0.497946 0.497946 0.497946
2193.116211 0.000000 2814.981934 0.000000 0.275675 0.000000 0.961251 0.386429 0.386429 0.386429
2187.714111 0.000000 2805.737549 0.000000 0.050593 0.000000 0.998719 0.502386 0.502386 0.502386
2191.844482 0.000000 2770.861572 0.000000 0.181878 0.000000 0.983321 0.540335 0.540335 0.540335
2180.256348 0.000000 2823.250000 0.000000 0.011337 0.000000 0.999936 0.416163 0.416163 0.416163
2268.263916 0.000000 2777.030518 0.000000 0.487429 0.000000 0.873162 0.385210 0.385210 0.385210
2252.406494 0.000000 2768.682617 0.000000 0.341766 0.000000 0.939785 0.600841 0.600841 0.600841
2242.492188 0.000000 2771.323975 0.000000 0.521441 0.000000 0.853287 0.660608 0.660608 0.660608
2172.365723 0.000000 2826.946533 0.000000 0.339922 0.000000 0.940454 0.425360 0.425360 0.425360
2164.968994 0.000000 2828.576660 0.000000 0.323171 0.000000 0.946341 0.503638 0.503638 0.503638
2665.246582 0.000000 2929.014893 0.000000 0.332733 0.000000 0.943021 0.583093 0.583093 0.583093
2657.860352 0.000000 2945.928711 0.000000 0.258691 0.000000 0.965960 0.454264 0.454264 0.454264
2637.243652 0.000000 2944.428711 0.000000 0.007832 0.000000 0.999969 0.477201 0.477201 0.477201
4989.935547 0.000000 2797.764404 0.000000 0.297245 0.000000 0.954801 0.620093 0.620093 0.620093
4986.107422 0.000000 2822.934814 0.000000 0.464007 0.000000 0.885832 0.651788 0.651788 0.651788
5439.097656 0.000000 2920.092285 0.000000 0.041188 0.000000 0.999151 0.619517 0.619517 0.619517
5422.444824 0.000000 2932.065430 0.000000 0.093307 0.000000 0.995637 0.390900 0.390900 0.390900
5407.085938 0.000000 2888.332031 0.000000 0.039174 0.000000 0.999232 0.390097 0.390097 0.390097
5412.101074 0.000000 2928.564453 0.000000 0.117005 0.000000 0.993131 0.425016 0.425016 0.425016
5440.073242 0.000000 2919.264648 0.000000 0.517868 0.000000 0.855460 0.605362 0.605362 0.605362
5447.290527 0.000000 2915.375488 0.000000 0.291721 0.000000 0.956504 0.401113 0.401113 0.401113
7288.634766 0.000000 2521.101074 0.000000 0.360065 0.000000 0.932927 0.650130 0.650130 0.650130
7294.127441 0.000000 2502.752441 0.000000 0.332603 0.000000 0.943067 0.518041 0.518041 0.518041
7290.308594 0.000000 2529.912109 0.000000 0.528887 0.000000 0.848692 0.450834 0.450834 0.450834
7290.988770 0.000000 2518.946533 0.000000 0.412919 0.000000 0.910768 0.649269 0.649269 0.649269
7294.888184 0.000000 2521.937500 0.000000 0.491663 0.000000 0.870786 0.462739 0.462739 0.462739
7356.270508 0.000000 2533.646240 0.000000 0.062058 0.000000 0.998073 0.638831 0.638831 0.638831
7313.626465 0.000000 2490.521973 0.000000 0.358369 0.000000 0.933580 0.486692 0.486692 0.486692
7296.073242 0.000000 2523.874023 0.000000 0.387477 0.000000 0.921879 0.420797 0.420797 0.420797
7296.110840 0.000000 2495.677002 0.000000 0.541974 0.000000 0.840395 0.416356 0.416356 0.416356
7303.290527 0.000000 2528.157715 0.000000 0.014989 0.000000 0.999888 0.581666 0.581666 0.581666
7308.406250 0.000000 2486.260742 0.000000 0.523270 0.000000 0.852167 0.659889 0.659889 0.659889
7338.549316 0.000000 2552.908203 0.000000 0.129992 0.000000 0.991515 0.500784 0.500784 0.500784
7332.193359 0.000000 2549.255859 0.000000 0.251736 0.000000 0.967796 0.641340 0.641340 0.641340
7382.596680 0.000000 2562.328125 0.000000 0.129350 0.000000 0.991599 0.396789 0.396789 0.396789
7395.373047 0.000000 2568.740234 0.000000 0.261210 0.000000 0.965282 0.468533 0.468533 0.468533
7399.553711 0.000000 2558.999268 0.000000 0.226903 0.000000 0.973917 0.442972 0.442972 0.442972
7387.116211 0.000000 2560.272217 0.000000 0.580590 0.000000 0.814196 0.648845 0.648845 0.648845
7372.652344 0.000000 2736.676758 0.000000 0.127046 0.000000 0.991897 0.416323 0.416323 0.416323
7351.010742 0.000000 2879.171631 0.000000 0.531725 0.000000 0.846917 0.616559 0.616559 0.616559
7348.969238 0.000000 2885.061035 0.000000 0.298953 0.000000 0.954268 0.650394 0.650394 0.650394
"}
object={
	name="pine_sparse_generator_1_1"
	clamp_to_water_level=no
	render_under_water=no
	generated_content=yes
	layer="semidynamic"
	pdxmesh="tree_fir_002_mesh"
	count=105
	transform="1282.892212 0.000000 2579.998047 0.000000 0.724711 0.000000 0.689053 0.669777 0.669777 0.669777
1318.465210 0.000000 2623.378906 0.000000 0.651415 0.000000 0.758722 0.416695 0.416695 0.416695
1319.675415 0.000000 2653.055176 0.000000 0.914961 0.000000 0.403543 0.450484 0.450484 0.450484
1306.772095 0.000000 2648.191650 0.000000 0.796338 0.000000 0.604852 0.491228 0.491228 0.491228
1282.492065 0.000000 2601.870850 0.000000 0.823336 0.000000 0.567554 0.488450 0.488450 0.488450
1320.221680 0.000000 2618.724609 0.000000 0.598497 0.000000 0.801125 0.595898 0.595898 0.595898
1324.193481 0.000000 2619.225830 0.000000 0.847600 0.000000 0.530635 0.675074 0.675074 0.675074
1327.365356 0.000000 2685.569336 0.000000 0.907166 0.000000 0.420772 0.601709 0.601709 0.601709
1319.443970 0.000000 2666.054932 0.000000 0.604567 0.000000 0.796555 0.447028 0.447028 0.447028
1328.015381 0.000000 2682.547119 0.000000 0.908388 0.000000 0.418128 0.400641 0.400641 0.400641
1310.841187 0.000000 2686.397705 0.000000 0.647350 0.000000 0.762193 0.621309 0.621309 0.621309
1309.260010 0.000000 2689.034912 0.000000 0.687221 0.000000 0.726449 0.610377 0.610377 0.610377
1386.622314 0.000000 2708.790771 0.000000 0.948533 0.000000 0.316679 0.452134 0.452134 0.452134
1504.264404 0.000000 2620.149658 0.000000 0.950117 0.000000 0.311894 0.457979 0.457979 0.457979
1492.862061 0.000000 2646.948242 0.000000 0.798580 0.000000 0.601889 0.472618 0.472618 0.472618
1726.018555 0.000000 2398.238770 0.000000 0.646797 0.000000 0.762663 0.479298 0.479298 0.479298
1722.308594 0.000000 2416.943359 0.000000 0.911139 0.000000 0.412100 0.454126 0.454126 0.454126
1719.879395 0.000000 2415.538574 0.000000 0.781936 0.000000 0.623359 0.438431 0.438431 0.438431
1732.956909 0.000000 2418.510742 0.000000 0.885933 0.000000 0.463814 0.479614 0.479614 0.479614
1735.173218 0.000000 2401.550537 0.000000 0.945315 0.000000 0.326160 0.494082 0.494082 0.494082
1713.158813 0.000000 2463.456543 0.000000 0.789038 0.000000 0.614345 0.483513 0.483513 0.483513
1708.877319 0.000000 2462.614990 0.000000 0.771724 0.000000 0.635958 0.454973 0.454973 0.454973
1722.815186 0.000000 2436.397217 0.000000 0.631280 0.000000 0.775555 0.617016 0.617016 0.617016
1562.661499 0.000000 2619.718994 0.000000 0.828860 0.000000 0.559457 0.503647 0.503647 0.503647
1552.764038 0.000000 2614.233154 0.000000 0.942931 0.000000 0.332988 0.421158 0.421158 0.421158
1583.365356 0.000000 2685.569336 0.000000 0.720460 0.000000 0.693497 0.442407 0.442407 0.442407
1578.451904 0.000000 2689.699707 0.000000 0.891673 0.000000 0.452681 0.432426 0.432426 0.432426
1971.720459 0.000000 2805.606201 0.000000 0.906970 0.000000 0.421195 0.394226 0.394226 0.394226
1962.478760 0.000000 2793.471436 0.000000 0.759645 0.000000 0.650338 0.421004 0.421004 0.421004
2010.616211 0.000000 2791.816895 0.000000 0.840092 0.000000 0.542444 0.423163 0.423163 0.423163
1970.542358 0.000000 2830.017334 0.000000 0.635988 0.000000 0.771699 0.524747 0.524747 0.524747
2170.815186 0.000000 2266.944092 0.000000 0.772690 0.000000 0.634784 0.451265 0.451265 0.451265
2218.451904 0.000000 2294.309082 0.000000 0.722095 0.000000 0.691794 0.481416 0.481416 0.481416
2214.885986 0.000000 2303.536621 0.000000 0.911515 0.000000 0.411267 0.535822 0.535822 0.535822
2276.675781 0.000000 2292.217041 0.000000 0.903739 0.000000 0.428084 0.413830 0.413830 0.413830
2282.699707 0.000000 2299.753906 0.000000 0.593381 0.000000 0.804921 0.477903 0.477903 0.477903
2278.737793 0.000000 2297.852783 0.000000 0.906110 0.000000 0.423041 0.499502 0.499502 0.499502
2242.892334 0.000000 2297.576172 0.000000 0.681077 0.000000 0.732212 0.480237 0.480237 0.480237
2218.549316 0.000000 2326.970703 0.000000 0.659516 0.000000 0.751690 0.435379 0.435379 0.435379
2253.152832 0.000000 2361.090332 0.000000 0.902194 0.000000 0.431330 0.419491 0.419491 0.419491
2271.822266 0.000000 2398.404785 0.000000 0.651667 0.000000 0.758506 0.425955 0.425955 0.425955
2269.234619 0.000000 2396.052490 0.000000 0.725608 0.000000 0.688108 0.451835 0.451835 0.451835
2290.616699 0.000000 2418.396973 0.000000 0.650056 0.000000 0.759886 0.425920 0.425920 0.425920
2336.693359 0.000000 2424.332031 0.000000 0.860919 0.000000 0.508742 0.463497 0.463497 0.463497
2317.152832 0.000000 2417.574707 0.000000 0.791534 0.000000 0.611125 0.449941 0.449941 0.449941
2350.917725 0.000000 2450.142822 0.000000 0.794609 0.000000 0.607122 0.404979 0.404979 0.404979
2327.871582 0.000000 2468.309082 0.000000 0.801050 0.000000 0.598597 0.476440 0.476440 0.476440
2316.424805 0.000000 2447.247803 0.000000 0.825430 0.000000 0.564505 0.409537 0.409537 0.409537
2312.260498 0.000000 2437.833740 0.000000 0.949323 0.000000 0.314302 0.461768 0.461768 0.461768
2314.423096 0.000000 2452.575684 0.000000 0.794891 0.000000 0.606752 0.418146 0.418146 0.418146
2370.164551 0.000000 2448.199707 0.000000 0.920983 0.000000 0.389604 0.464101 0.464101 0.464101
2375.651123 0.000000 2446.315430 0.000000 0.752073 0.000000 0.659080 0.452552 0.452552 0.452552
2384.913574 0.000000 2461.398193 0.000000 0.837871 0.000000 0.545868 0.392014 0.392014 0.392014
2409.206787 0.000000 2493.856201 0.000000 0.858283 0.000000 0.513176 0.486025 0.486025 0.486025
2399.430420 0.000000 2496.084473 0.000000 0.925181 0.000000 0.379525 0.431847 0.431847 0.431847
2394.616699 0.000000 2491.521973 0.000000 0.898920 0.000000 0.438112 0.417469 0.417469 0.417469
2167.033203 0.000000 2749.697998 0.000000 0.616521 0.000000 0.787338 0.419669 0.419669 0.419669
2170.107422 0.000000 2822.934814 0.000000 0.936331 0.000000 0.351118 0.497350 0.497350 0.497350
2249.349609 0.000000 2763.805176 0.000000 0.866166 0.000000 0.499756 0.552198 0.552198 0.552198
2243.898438 0.000000 2764.006592 0.000000 0.840527 0.000000 0.541770 0.677337 0.677337 0.677337
2193.653076 0.000000 2776.203857 0.000000 0.852595 0.000000 0.522573 0.457536 0.457536 0.457536
2226.335205 0.000000 2788.627441 0.000000 0.728478 0.000000 0.685069 0.610411 0.610411 0.610411
2182.656738 0.000000 2816.552246 0.000000 0.950370 0.000000 0.311123 0.635719 0.635719 0.635719
2201.163818 0.000000 2823.593750 0.000000 0.761842 0.000000 0.647763 0.471464 0.471464 0.471464
2188.244629 0.000000 2818.351074 0.000000 0.856938 0.000000 0.515420 0.461464 0.461464 0.461464
2195.100342 0.000000 2820.481201 0.000000 0.921445 0.000000 0.388508 0.448866 0.448866 0.448866
2181.178223 0.000000 2793.104492 0.000000 0.821801 0.000000 0.569775 0.512726 0.512726 0.512726
2269.587891 0.000000 2787.402100 0.000000 0.734010 0.000000 0.679139 0.608839 0.608839 0.608839
2257.653076 0.000000 2776.203857 0.000000 0.939967 0.000000 0.341266 0.594778 0.594778 0.594778
2252.424805 0.000000 2786.154053 0.000000 0.938236 0.000000 0.345995 0.686046 0.686046 0.686046
2250.448242 0.000000 2771.339355 0.000000 0.605223 0.000000 0.796056 0.518341 0.518341 0.518341
2264.982666 0.000000 2771.608154 0.000000 0.919206 0.000000 0.393777 0.543875 0.543875 0.543875
2246.201904 0.000000 2779.247070 0.000000 0.876676 0.000000 0.481082 0.507548 0.507548 0.507548
2262.908936 0.000000 2778.734131 0.000000 0.949977 0.000000 0.312319 0.523095 0.523095 0.523095
2170.815186 0.000000 2831.787842 0.000000 0.772839 0.000000 0.634602 0.570153 0.570153 0.570153
2147.895264 0.000000 2836.732422 0.000000 0.590379 0.000000 0.807126 0.448542 0.448542 0.448542
2182.297607 0.000000 2825.566895 0.000000 0.735979 0.000000 0.677004 0.424165 0.424165 0.424165
2538.064209 0.000000 2819.058105 0.000000 0.910058 0.000000 0.414481 0.499703 0.499703 0.499703
2692.061279 0.000000 2896.912842 0.000000 0.794058 0.000000 0.607843 0.390931 0.390931 0.390931
4990.830566 0.000000 2814.969482 0.000000 0.922466 0.000000 0.386078 0.473703 0.473703 0.473703
4875.443359 0.000000 3362.565186 0.000000 0.687728 0.000000 0.725968 0.423045 0.423045 0.423045
5414.465332 0.000000 2905.800781 0.000000 0.847981 0.000000 0.530027 0.396912 0.396912 0.396912
5417.396484 0.000000 2894.461914 0.000000 0.727076 0.000000 0.686557 0.446296 0.446296 0.446296
5423.152344 0.000000 2926.173828 0.000000 0.915292 0.000000 0.402790 0.395150 0.395150 0.395150
5435.669434 0.000000 2900.407959 0.000000 0.825536 0.000000 0.564349 0.452861 0.452861 0.452861
5416.221680 0.000000 2901.146484 0.000000 0.900952 0.000000 0.433919 0.409920 0.409920 0.409920
5438.888184 0.000000 2917.328125 0.000000 0.826497 0.000000 0.562941 0.620939 0.620939 0.620939
5440.290527 0.000000 2915.068359 0.000000 0.702039 0.000000 0.712138 0.388959 0.388959 0.388959
5443.167969 0.000000 2924.655762 0.000000 0.842975 0.000000 0.537953 0.417581 0.417581 0.417581
5707.443359 0.000000 3588.502686 0.000000 0.789748 0.000000 0.613431 0.481670 0.481670 0.481670
7293.733887 0.000000 2519.522705 0.000000 0.811308 0.000000 0.584619 0.672174 0.672174 0.672174
7305.163574 0.000000 2524.613281 0.000000 0.947819 0.000000 0.318808 0.440586 0.440586 0.440586
7305.437988 0.000000 2486.130127 0.000000 0.943547 0.000000 0.331237 0.395331 0.395331 0.395331
7353.614258 0.000000 2537.693604 0.000000 0.808745 0.000000 0.588160 0.671979 0.671979 0.671979
7309.333984 0.000000 2489.641846 0.000000 0.642914 0.000000 0.765938 0.535910 0.535910 0.535910
7352.579102 0.000000 2534.474854 0.000000 0.637142 0.000000 0.770746 0.660784 0.660784 0.660784
7309.243652 0.000000 2492.553711 0.000000 0.899530 0.000000 0.436858 0.682855 0.682855 0.682855
7299.167969 0.000000 2529.265137 0.000000 0.935173 0.000000 0.354191 0.520168 0.520168 0.520168
7358.830566 0.000000 2532.547607 0.000000 0.671046 0.000000 0.741416 0.428236 0.428236 0.428236
7393.639160 0.000000 2571.834473 0.000000 0.904813 0.000000 0.425810 0.546786 0.546786 0.546786
7362.164551 0.000000 2561.168457 0.000000 0.896701 0.000000 0.442637 0.655463 0.655463 0.655463
7401.764648 0.000000 2570.121094 0.000000 0.849167 0.000000 0.528124 0.493190 0.493190 0.493190
7390.089844 0.000000 2570.732178 0.000000 0.714973 0.000000 0.699152 0.503382 0.503382 0.503382
6165.228027 0.000000 3596.420654 0.000000 0.943751 0.000000 0.330656 0.547464 0.547464 0.547464
7373.646484 0.000000 2751.996338 0.000000 0.638465 0.000000 0.769651 0.468056 0.468056 0.468056
"}
object={
	name="pine_sparse_generator_1_2"
	clamp_to_water_level=no
	render_under_water=no
	generated_content=yes
	layer="semidynamic"
	pdxmesh="tree_fir_003_mesh"
	count=107
	transform="1278.830811 0.000000 2589.031982 0.000000 0.985417 0.000000 -0.170158 0.589979 0.589979 0.589979
1264.763550 0.000000 2694.572021 0.000000 0.953674 0.000000 -0.300843 0.589644 0.589644 0.589644
1269.610352 0.000000 2690.258545 0.000000 0.989313 0.000000 -0.145807 0.513929 0.513929 0.513929
1293.152710 0.000000 2587.027832 0.000000 0.984142 0.000000 -0.177380 0.600132 0.600132 0.600132
1309.536743 0.000000 2638.294434 0.000000 0.999955 0.000000 -0.009480 0.532572 0.532572 0.532572
1302.343750 0.000000 2615.673584 0.000000 0.965073 0.000000 -0.261980 0.458548 0.458548 0.458548
1286.297607 0.000000 2599.629395 0.000000 0.989232 0.000000 -0.146355 0.460445 0.460445 0.460445
1305.163940 0.000000 2654.140625 0.000000 0.962731 0.000000 0.270460 0.449142 0.449142 0.449142
1309.260010 0.000000 2632.550537 0.000000 0.993126 0.000000 0.117052 0.595668 0.595668 0.595668
1318.386963 0.000000 2620.629395 0.000000 0.987129 0.000000 -0.159924 0.474566 0.474566 0.474566
1313.860474 0.000000 2663.506836 0.000000 0.999997 0.000000 0.002347 0.438197 0.438197 0.438197
1291.443359 0.000000 2684.752686 0.000000 0.968376 0.000000 0.249496 0.410947 0.410947 0.410947
1322.451904 0.000000 2689.699707 0.000000 0.962917 0.000000 -0.269796 0.500653 0.500653 0.500653
1370.132568 0.000000 2689.217529 0.000000 0.957704 0.000000 -0.287754 0.485019 0.485019 0.485019
1357.152710 0.000000 2699.996582 0.000000 0.965940 0.000000 0.258768 0.405017 0.405017 0.405017
1386.451904 0.000000 2689.699707 0.000000 0.992831 0.000000 -0.119528 0.651984 0.651984 0.651984
1502.599976 0.000000 2647.984863 0.000000 0.995964 0.000000 0.089758 0.469891 0.469891 0.469891
1494.697754 0.000000 2644.799805 0.000000 0.984017 0.000000 0.178074 0.640216 0.640216 0.640216
1440.693359 0.000000 2706.753906 0.000000 0.972996 0.000000 -0.230824 0.418179 0.418179 0.418179
1433.163940 0.000000 2710.625000 0.000000 0.998183 0.000000 0.060248 0.454822 0.454822 0.454822
1732.219482 0.000000 2404.977783 0.000000 0.967649 0.000000 0.252302 0.495685 0.495685 0.495685
1731.168213 0.000000 2416.296387 0.000000 0.993467 0.000000 0.114122 0.477215 0.477215 0.477215
1713.044556 0.000000 2477.511963 0.000000 0.985861 0.000000 -0.167563 0.431087 0.431087 0.431087
1708.084717 0.000000 2459.572021 0.000000 0.989240 0.000000 -0.146301 0.490157 0.490157 0.490157
1551.660034 0.000000 2592.962158 0.000000 0.997366 0.000000 -0.072532 0.459129 0.459129 0.459129
1549.152710 0.000000 2587.027832 0.000000 0.965596 0.000000 -0.260048 0.604529 0.604529 0.604529
1712.446289 0.000000 2496.143311 0.000000 0.983794 0.000000 0.179301 0.404263 0.404263 0.404263
1708.193481 0.000000 2506.257080 0.000000 0.982908 0.000000 -0.184097 0.500850 0.500850 0.500850
1541.568970 0.000000 2602.299072 0.000000 0.978873 0.000000 -0.204470 0.457515 0.457515 0.457515
1563.115967 0.000000 2616.756592 0.000000 0.988831 0.000000 0.149042 0.474598 0.474598 0.474598
1640.221680 0.000000 2618.724609 0.000000 0.996238 0.000000 -0.086661 0.427829 0.427829 0.427829
1960.221680 0.000000 2788.177734 0.000000 0.988464 0.000000 0.151455 0.486189 0.486189 0.486189
1975.542480 0.000000 2790.864258 0.000000 0.971134 0.000000 0.238536 0.442001 0.442001 0.442001
1964.193481 0.000000 2788.678955 0.000000 0.999734 0.000000 -0.023083 0.521101 0.521101 0.521101
2173.524414 0.000000 2321.372803 0.000000 0.998871 0.000000 0.047514 0.468727 0.468727 0.468727
2172.365723 0.000000 2318.587158 0.000000 0.998353 0.000000 -0.057367 0.498234 0.498234 0.498234
2225.605713 0.000000 2312.228760 0.000000 0.987075 0.000000 -0.160256 0.403244 0.403244 0.403244
2216.221680 0.000000 2279.818359 0.000000 0.975610 0.000000 0.219509 0.417207 0.417207 0.417207
2234.107422 0.000000 2314.575439 0.000000 0.992543 0.000000 -0.121897 0.442217 0.442217 0.442217
2187.714111 0.000000 2297.378174 0.000000 0.974163 0.000000 0.225844 0.492394 0.492394 0.492394
2187.443359 0.000000 2289.362061 0.000000 0.998956 0.000000 0.045680 0.496123 0.496123 0.496123
2238.830811 0.000000 2306.610107 0.000000 0.974512 0.000000 0.224337 0.613700 0.613700 0.613700
2197.228027 0.000000 2297.280029 0.000000 0.953538 0.000000 0.301273 0.490793 0.490793 0.490793
2236.341309 0.000000 2312.542725 0.000000 0.995699 0.000000 -0.092651 0.550299 0.550299 0.550299
2263.871582 0.000000 2298.855957 0.000000 0.998557 0.000000 -0.053697 0.427311 0.427311 0.427311
2246.656738 0.000000 2308.192871 0.000000 0.990435 0.000000 0.137977 0.494225 0.494225 0.494225
2282.622314 0.000000 2313.400146 0.000000 0.996877 0.000000 -0.078963 0.437562 0.437562 0.437562
2177.476562 0.000000 2322.318115 0.000000 0.999293 0.000000 0.037593 0.480645 0.480645 0.480645
2230.469482 0.000000 2326.013428 0.000000 0.971793 0.000000 0.235833 0.565318 0.565318 0.565318
2198.343750 0.000000 2333.251709 0.000000 0.952163 0.000000 0.305592 0.442742 0.442742 0.442742
2203.921387 0.000000 2331.815186 0.000000 0.999474 0.000000 0.032441 0.470963 0.470963 0.470963
2257.653076 0.000000 2324.328857 0.000000 0.963541 0.000000 -0.267562 0.562649 0.562649 0.562649
2259.958252 0.000000 2322.572021 0.000000 0.987685 0.000000 -0.156453 0.500275 0.500275 0.500275
2242.760010 0.000000 2324.973877 0.000000 0.972844 0.000000 -0.231461 0.501841 0.501841 0.501841
2362.989014 0.000000 2462.462158 0.000000 0.995696 0.000000 -0.092675 0.467380 0.467380 0.467380
2371.834473 0.000000 2428.830566 0.000000 0.958900 0.000000 -0.283746 0.537002 0.537002 0.537002
2373.569092 0.000000 2432.845947 0.000000 0.992524 0.000000 0.122051 0.449842 0.449842 0.449842
2404.590088 0.000000 2495.319092 0.000000 0.971815 0.000000 -0.235746 0.487971 0.487971 0.487971
2170.815186 0.000000 2775.303467 0.000000 0.997088 0.000000 0.076260 0.433080 0.433080 0.433080
2179.168213 0.000000 2755.202637 0.000000 0.982599 0.000000 -0.185740 0.447256 0.447256 0.447256
2198.697754 0.000000 2757.768555 0.000000 0.969809 0.000000 0.243866 0.488163 0.488163 0.488163
2214.885986 0.000000 2755.411621 0.000000 0.980219 0.000000 0.197917 0.692131 0.692131 0.692131
2236.341309 0.000000 2764.417725 0.000000 0.971831 0.000000 0.235678 0.459415 0.459415 0.459415
2257.116211 0.000000 2758.497559 0.000000 0.955467 0.000000 0.295097 0.510098 0.510098 0.510098
2242.892334 0.000000 2749.451172 0.000000 0.981189 0.000000 -0.193048 0.433482 0.433482 0.433482
2243.168213 0.000000 2755.202637 0.000000 0.988994 0.000000 0.147957 0.532795 0.532795 0.532795
2234.815186 0.000000 2775.303467 0.000000 0.988772 0.000000 -0.149433 0.438717 0.438717 0.438717
2231.542480 0.000000 2790.864258 0.000000 0.953750 0.000000 -0.300600 0.711979 0.711979 0.711979
2198.697754 0.000000 2814.252930 0.000000 0.993397 0.000000 -0.114732 0.477667 0.477667 0.477667
2248.260498 0.000000 2776.739990 0.000000 0.979476 0.000000 -0.201559 0.709044 0.709044 0.709044
2267.115967 0.000000 2786.209717 0.000000 0.987080 0.000000 -0.160229 0.706229 0.706229 0.706229
2259.922852 0.000000 2771.533691 0.000000 0.998873 0.000000 -0.047467 0.446882 0.446882 0.446882
2178.492188 0.000000 2827.808350 0.000000 0.992550 0.000000 0.121837 0.422613 0.422613 0.422613
2191.212646 0.000000 2836.672119 0.000000 0.961198 0.000000 -0.275861 0.452807 0.452807 0.452807
2646.343750 0.000000 2898.095459 0.000000 0.987872 0.000000 -0.155270 0.494302 0.494302 0.494302
2660.314209 0.000000 2934.099121 0.000000 0.971729 0.000000 -0.236099 0.591824 0.591824 0.591824
2662.885986 0.000000 2924.864746 0.000000 0.982490 0.000000 -0.186315 0.469107 0.469107 0.469107
4778.478516 0.000000 2906.440186 0.000000 0.980316 0.000000 -0.197435 0.582766 0.582766 0.582766
4989.733887 0.000000 2801.944580 0.000000 0.996074 0.000000 -0.088528 0.506768 0.506768 0.506768
4987.742676 0.000000 2805.411377 0.000000 0.989743 0.000000 0.142856 0.509644 0.509644 0.509644
5418.581543 0.000000 2899.508057 0.000000 0.993837 0.000000 -0.110852 0.608131 0.608131 0.608131
5415.131348 0.000000 2915.682373 0.000000 0.997782 0.000000 -0.066562 0.606838 0.606838 0.606838
5420.084473 0.000000 2911.447021 0.000000 0.960708 0.000000 -0.277560 0.462826 0.462826 0.462826
5418.699707 0.000000 2921.082031 0.000000 0.964192 0.000000 -0.265206 0.520552 0.520552 0.520552
5417.246582 0.000000 2929.014893 0.000000 0.999261 0.000000 -0.038432 0.466388 0.466388 0.466388
5418.478516 0.000000 2906.440186 0.000000 0.988526 0.000000 -0.151050 0.438744 0.438744 0.438744
5958.202148 0.000000 2835.731445 0.000000 0.995208 0.000000 -0.097778 0.469448 0.469448 0.469448
7296.522461 0.000000 2501.014648 0.000000 0.966667 0.000000 -0.256036 0.711538 0.711538 0.711538
7307.269531 0.000000 2494.642578 0.000000 0.952727 0.000000 0.303827 0.686243 0.686243 0.686243
7302.113770 0.000000 2524.270996 0.000000 0.967512 0.000000 0.252825 0.605140 0.605140 0.605140
7306.448242 0.000000 2488.917480 0.000000 0.999388 0.000000 -0.034975 0.582319 0.582319 0.582319
7357.524414 0.000000 2547.310303 0.000000 0.999995 0.000000 -0.003190 0.614801 0.614801 0.614801
7340.817383 0.000000 2551.322754 0.000000 0.979761 0.000000 -0.200172 0.533031 0.533031 0.533031
7356.365723 0.000000 2544.524658 0.000000 0.991773 0.000000 -0.128011 0.513542 0.513542 0.513542
7348.340820 0.000000 2542.133057 0.000000 0.967436 0.000000 0.253118 0.689960 0.689960 0.689960
7390.773926 0.000000 2558.268555 0.000000 0.958209 0.000000 0.286071 0.687071 0.687071 0.687071
7400.221680 0.000000 2562.240234 0.000000 0.994528 0.000000 0.104474 0.695336 0.695336 0.695336
7390.841309 0.000000 2573.428955 0.000000 0.999831 0.000000 0.018397 0.494724 0.494724 0.494724
7402.478516 0.000000 2567.533936 0.000000 0.989714 0.000000 -0.143058 0.525761 0.525761 0.525761
6630.386719 0.000000 3524.379395 0.000000 0.998795 0.000000 -0.049085 0.441008 0.441008 0.441008
7350.755859 0.000000 2737.345459 0.000000 0.996526 0.000000 -0.083287 0.703322 0.703322 0.703322
7350.496094 0.000000 2740.558838 0.000000 0.999945 0.000000 0.010466 0.592844 0.592844 0.592844
7376.913574 0.000000 2743.820068 0.000000 0.992580 0.000000 0.121592 0.477070 0.477070 0.477070
7374.569336 0.000000 2745.018799 0.000000 0.999529 0.000000 0.030695 0.698656 0.698656 0.698656
7367.173340 0.000000 2740.456787 0.000000 0.973031 0.000000 0.230673 0.690603 0.690603 0.690603
7348.340820 0.000000 2881.039307 0.000000 0.974789 0.000000 -0.223128 0.585466 0.585466 0.585466
7730.317383 0.000000 2940.378662 0.000000 0.960407 0.000000 0.278599 0.396180 0.396180 0.396180
"}
object={
	name="pine_sparse_generator_1_3"
	clamp_to_water_level=no
	render_under_water=no
	generated_content=yes
	layer="semidynamic"
	pdxmesh="tree_fir_004_mesh"
	count=97
	transform="1278.888184 0.000000 2578.421875 0.000000 0.941782 0.000000 -0.336225 0.427830 0.427830 0.427830
1262.271362 0.000000 2692.054199 0.000000 0.925765 0.000000 -0.378098 0.466725 0.466725 0.466725
1290.048218 0.000000 2587.297119 0.000000 0.669028 0.000000 -0.743238 0.512135 0.512135 0.512135
1311.949707 0.000000 2632.537354 0.000000 0.642576 0.000000 -0.766222 0.473309 0.473309 0.473309
1309.075928 0.000000 2650.681396 0.000000 0.876143 0.000000 -0.482052 0.660497 0.660497 0.660497
1306.616211 0.000000 2622.363770 0.000000 0.840949 0.000000 -0.541114 0.535341 0.535341 0.535341
1300.109741 0.000000 2609.970947 0.000000 0.883860 0.000000 -0.467752 0.444200 0.444200 0.444200
1318.270874 0.000000 2656.172607 0.000000 0.907331 0.000000 -0.420417 0.505943 0.505943 0.505943
1324.877319 0.000000 2688.552490 0.000000 0.811374 0.000000 -0.584528 0.509842 0.509842 0.509842
1309.565796 0.000000 2698.064453 0.000000 0.880007 0.000000 -0.474961 0.464585 0.464585 0.464585
1311.085693 0.000000 2662.394531 0.000000 0.687529 0.000000 -0.726157 0.445380 0.445380 0.445380
1309.536743 0.000000 2694.778809 0.000000 0.638572 0.000000 -0.769562 0.487955 0.487955 0.487955
1324.084717 0.000000 2685.509521 0.000000 0.900705 0.000000 -0.434432 0.658752 0.658752 0.658752
1400.634888 0.000000 2690.554199 0.000000 0.879374 0.000000 -0.476132 0.414021 0.414021 0.414021
1498.548950 0.000000 2639.594238 0.000000 0.894291 0.000000 -0.447485 0.549176 0.549176 0.549176
1493.636475 0.000000 2652.783447 0.000000 0.661087 0.000000 -0.750310 0.411524 0.411524 0.411524
1506.040283 0.000000 2616.586182 0.000000 0.599360 0.000000 -0.800480 0.412790 0.412790 0.412790
1498.772095 0.000000 2648.191650 0.000000 0.623213 0.000000 -0.782053 0.609896 0.609896 0.609896
1425.116211 0.000000 2702.013184 0.000000 0.648854 0.000000 -0.760913 0.541896 0.541896 0.541896
1415.290405 0.000000 2689.437988 0.000000 0.706662 0.000000 -0.707551 0.732830 0.732830 0.732830
1724.718994 0.000000 2413.575195 0.000000 0.913175 0.000000 -0.407568 0.513739 0.513739 0.513739
1711.152222 0.000000 2474.298828 0.000000 0.636741 0.000000 -0.771078 0.463059 0.463059 0.463059
1714.278564 0.000000 2459.537109 0.000000 0.902129 0.000000 -0.431467 0.492027 0.492027 0.492027
1549.066528 0.000000 2595.013184 0.000000 0.713803 0.000000 -0.700347 0.410499 0.410499 0.410499
1553.114990 0.000000 2596.356689 0.000000 0.828058 0.000000 -0.560643 0.408053 0.408053 0.408053
1546.748779 0.000000 2583.989746 0.000000 0.610484 0.000000 -0.792029 0.623016 0.623016 0.623016
1677.883423 0.000000 2590.292969 0.000000 0.851754 0.000000 -0.523942 0.471682 0.471682 0.471682
1570.074463 0.000000 2603.801025 0.000000 0.907283 0.000000 -0.420521 0.505946 0.505946 0.505946
1553.626343 0.000000 2603.490723 0.000000 0.698759 0.000000 -0.715357 0.430708 0.430708 0.430708
1577.423462 0.000000 2687.187744 0.000000 0.926507 0.000000 -0.376277 0.504958 0.504958 0.504958
1586.278564 0.000000 2685.474609 0.000000 0.934970 0.000000 -0.354728 0.504484 0.504484 0.504484
1423.844482 0.000000 2714.377197 0.000000 0.659489 0.000000 -0.751714 0.462550 0.462550 0.462550
1961.246460 0.000000 2816.046143 0.000000 0.616760 0.000000 -0.787151 0.451030 0.451030 0.451030
1973.610352 0.000000 2803.227295 0.000000 0.701558 0.000000 -0.712612 0.428590 0.428590 0.428590
2014.662720 0.000000 2813.924805 0.000000 0.766452 0.000000 -0.642302 0.425105 0.425105 0.425105
2004.724731 0.000000 2797.434814 0.000000 0.910926 0.000000 -0.412570 0.505766 0.505766 0.505766
1963.550903 0.000000 2831.018555 0.000000 0.944354 0.000000 -0.328930 0.503922 0.503922 0.503922
2162.278564 0.000000 2290.083984 0.000000 0.940445 0.000000 -0.339947 0.552458 0.552458 0.552458
2172.880859 0.000000 2282.604736 0.000000 0.692050 0.000000 -0.721849 0.528113 0.528113 0.528113
2171.206543 0.000000 2289.355713 0.000000 0.651192 0.000000 -0.758913 0.481414 0.481414 0.481414
2220.817139 0.000000 2268.900879 0.000000 0.926154 0.000000 -0.377145 0.405349 0.405349 0.405349
2279.131348 0.000000 2294.354248 0.000000 0.944933 0.000000 -0.327263 0.495853 0.495853 0.495853
2196.109619 0.000000 2327.549072 0.000000 0.763590 0.000000 -0.645701 0.468225 0.468225 0.468225
2274.139648 0.000000 2317.585693 0.000000 0.901096 0.000000 -0.433620 0.455690 0.455690 0.455690
2281.246582 0.000000 2364.171143 0.000000 0.927891 0.000000 -0.372852 0.504882 0.504882 0.504882
2298.107422 0.000000 2371.059814 0.000000 0.882826 0.000000 -0.469701 0.507070 0.507070 0.507070
2311.290527 0.000000 2415.188965 0.000000 0.929909 0.000000 -0.367791 0.405190 0.405190 0.405190
2340.675781 0.000000 2461.670166 0.000000 0.719386 0.000000 -0.694611 0.410659 0.410659 0.410659
2326.908936 0.000000 2439.827881 0.000000 0.868767 0.000000 -0.495221 0.491397 0.491397 0.491397
2373.963867 0.000000 2449.527100 0.000000 0.810305 0.000000 -0.586008 0.495535 0.495535 0.495535
2400.693359 0.000000 2480.816406 0.000000 0.819574 0.000000 -0.572974 0.429910 0.429910 0.429910
2374.201904 0.000000 2440.340820 0.000000 0.871790 0.000000 -0.489879 0.434483 0.434483 0.434483
2389.175049 0.000000 2464.046143 0.000000 0.867360 0.000000 -0.497681 0.444757 0.444757 0.444757
2402.074463 0.000000 2490.832275 0.000000 0.949174 0.000000 -0.314753 0.529713 0.529713 0.529713
2398.227295 0.000000 2489.869873 0.000000 0.644933 0.000000 -0.764239 0.542011 0.542011 0.542011
2403.895264 0.000000 2497.826172 0.000000 0.906092 0.000000 -0.423082 0.445404 0.445404 0.445404
2404.193115 0.000000 2492.771484 0.000000 0.715809 0.000000 -0.698296 0.652505 0.652505 0.652505
2172.365723 0.000000 2770.462158 0.000000 0.668719 0.000000 -0.743515 0.487212 0.487212 0.487212
2172.341309 0.000000 2820.902100 0.000000 0.880455 0.000000 -0.474130 0.527499 0.527499 0.527499
2234.107422 0.000000 2766.450439 0.000000 0.797746 0.000000 -0.602993 0.713049 0.713049 0.713049
2238.888184 0.000000 2747.875000 0.000000 0.878869 0.000000 -0.477063 0.709583 0.709583 0.709583
2258.867188 0.000000 2754.213867 0.000000 0.794226 0.000000 -0.607622 0.448953 0.448953 0.448953
2191.659912 0.000000 2818.899658 0.000000 0.847554 0.000000 -0.530709 0.482008 0.482008 0.482008
2189.152832 0.000000 2812.965332 0.000000 0.836673 0.000000 -0.547702 0.636173 0.636173 0.636173
2236.365723 0.000000 2770.462158 0.000000 0.772344 0.000000 -0.635205 0.486467 0.486467 0.486467
2182.827393 0.000000 2823.733154 0.000000 0.607621 0.000000 -0.794227 0.434609 0.434609 0.434609
2236.880859 0.000000 2790.964111 0.000000 0.869728 0.000000 -0.493532 0.487295 0.487295 0.487295
2179.898438 0.000000 2820.490967 0.000000 0.829769 0.000000 -0.558108 0.464255 0.464255 0.464255
2196.862061 0.000000 2816.401367 0.000000 0.697028 0.000000 -0.717044 0.490629 0.490629 0.490629
2249.939697 0.000000 2783.022705 0.000000 0.654846 0.000000 -0.755762 0.657227 0.657227 0.657227
2262.343750 0.000000 2785.126709 0.000000 0.754368 0.000000 -0.656452 0.470530 0.470530 0.470530
2246.297607 0.000000 2769.082520 0.000000 0.659222 0.000000 -0.751948 0.487449 0.487449 0.487449
2259.958252 0.000000 2774.447021 0.000000 0.855043 0.000000 -0.518558 0.624857 0.624857 0.624857
2166.803467 0.000000 2826.284912 0.000000 0.787909 0.000000 -0.615792 0.408546 0.408546 0.408546
2145.860352 0.000000 2832.959961 0.000000 0.690000 0.000000 -0.723810 0.574011 0.574011 0.574011
2212.294922 0.000000 2827.875488 0.000000 0.875151 0.000000 -0.483850 0.537921 0.537921 0.537921
2534.643555 0.000000 2819.436523 0.000000 0.904189 0.000000 -0.427132 0.672774 0.672774 0.672774
2676.391846 0.000000 2929.089844 0.000000 0.854466 0.000000 -0.519507 0.447200 0.447200 0.447200
4988.341309 0.000000 2820.902100 0.000000 0.944595 0.000000 -0.328237 0.714494 0.714494 0.714494
5014.697754 0.000000 2814.252930 0.000000 0.679640 0.000000 -0.733546 0.524318 0.524318 0.524318
4986.815430 0.000000 2831.787842 0.000000 0.816948 0.000000 -0.576711 0.417764 0.417764 0.417764
4620.424805 0.000000 3350.997803 0.000000 0.931560 0.000000 -0.363589 0.492598 0.492598 0.492598
5415.553711 0.000000 2897.905518 0.000000 0.863361 0.000000 -0.504586 0.489572 0.489572 0.489572
5442.892090 0.000000 2918.904297 0.000000 0.853409 0.000000 -0.521242 0.463491 0.463491 0.463491
7295.097656 0.000000 2524.701660 0.000000 0.825544 0.000000 -0.564338 0.726722 0.726722 0.726722
7299.716309 0.000000 2526.418701 0.000000 0.934427 0.000000 -0.356153 0.444211 0.444211 0.444211
7358.612305 0.000000 2536.952881 0.000000 0.920964 0.000000 -0.389648 0.606396 0.606396 0.606396
7351.010742 0.000000 2540.265381 0.000000 0.942611 0.000000 -0.333894 0.556330 0.556330 0.556330
7313.653320 0.000000 2493.781982 0.000000 0.850828 0.000000 -0.525444 0.724654 0.724654 0.724654
7354.107422 0.000000 2540.512939 0.000000 0.818085 0.000000 -0.575098 0.725431 0.725431 0.725431
7335.443848 0.000000 2553.086182 0.000000 0.770953 0.000000 -0.636892 0.725107 0.725107 0.725107
7365.348633 0.000000 2550.238770 0.000000 0.747680 0.000000 -0.664060 0.509864 0.509864 0.509864
7402.157715 0.000000 2564.633057 0.000000 0.808003 0.000000 -0.589179 0.573681 0.573681 0.573681
7389.587891 0.000000 2561.464600 0.000000 0.674052 0.000000 -0.738684 0.736311 0.736311 0.736311
7351.542480 0.000000 2734.379883 0.000000 0.849671 0.000000 -0.527314 0.565661 0.565661 0.565661
7378.409180 0.000000 2739.659424 0.000000 0.863901 0.000000 -0.503662 0.659250 0.659250 0.659250
7332.675781 0.000000 2857.060791 0.000000 0.735251 0.000000 -0.677794 0.616121 0.616121 0.616121
"}
object={
	name="pine_sparse_generator_1_4"
	clamp_to_water_level=no
	render_under_water=no
	generated_content=yes
	layer="semidynamic"
	pdxmesh="tree_fir_005_mesh"
	count=103
	transform="1278.612427 0.000000 2593.437256 0.000000 0.332390 0.000000 -0.943142 0.416855 0.416855 0.416855
1311.430420 0.000000 2609.053223 0.000000 0.428938 0.000000 -0.903334 0.414524 0.414524 0.414524
1308.116333 0.000000 2653.696777 0.000000 0.531300 0.000000 -0.847184 0.595981 0.595981 0.595981
1302.908936 0.000000 2609.281006 0.000000 0.323243 0.000000 -0.946316 0.747412 0.747412 0.747412
1294.189453 0.000000 2691.209473 0.000000 0.216035 0.000000 -0.976386 0.456173 0.456173 0.456173
1322.581665 0.000000 2673.570557 0.000000 0.161889 0.000000 -0.986809 0.463487 0.463487 0.463487
1314.074463 0.000000 2660.285400 0.000000 0.047230 0.000000 -0.998884 0.430982 0.430982 0.430982
1321.396362 0.000000 2668.524414 0.000000 0.180635 0.000000 -0.983550 0.590584 0.590584 0.590584
1297.216431 0.000000 2694.646973 0.000000 0.411825 0.000000 -0.911263 0.520531 0.520531 0.520531
1310.662720 0.000000 2700.956055 0.000000 0.578013 0.000000 -0.816027 0.705095 0.705095 0.705095
1290.423096 0.000000 2678.513184 0.000000 0.423794 0.000000 -0.905759 0.582050 0.582050 0.582050
1388.084717 0.000000 2685.509521 0.000000 0.465964 0.000000 -0.884804 0.430898 0.430898 0.430898
1495.427856 0.000000 2647.276611 0.000000 0.584571 0.000000 -0.811342 0.643029 0.643029 0.643029
1503.822266 0.000000 2624.342285 0.000000 0.196544 0.000000 -0.980495 0.507937 0.507937 0.507937
1502.662720 0.000000 2644.471680 0.000000 0.152918 0.000000 -0.988239 0.457211 0.457211 0.457211
1498.616211 0.000000 2622.363770 0.000000 0.256472 0.000000 -0.966552 0.504604 0.504604 0.504604
1423.660034 0.000000 2705.930908 0.000000 0.156696 0.000000 -0.987647 0.487184 0.487184 0.487184
1721.915649 0.000000 2439.542969 0.000000 0.304994 0.000000 -0.952354 0.544315 0.544315 0.544315
1715.521606 0.000000 2456.836914 0.000000 0.028124 0.000000 -0.999604 0.504699 0.504699 0.504699
1723.875732 0.000000 2443.034424 0.000000 0.552643 0.000000 -0.833418 0.416916 0.416916 0.416916
1712.887695 0.000000 2453.703613 0.000000 0.165797 0.000000 -0.986160 0.525811 0.525811 0.525811
1725.449707 0.000000 2438.314209 0.000000 0.359681 0.000000 -0.933075 0.521688 0.521688 0.521688
1712.015381 0.000000 2456.609619 0.000000 0.121655 0.000000 -0.992572 0.526724 0.526724 0.526724
1717.610352 0.000000 2464.321045 0.000000 0.044171 0.000000 -0.999024 0.448212 0.448212 0.448212
1540.956909 0.000000 2587.963867 0.000000 0.096979 0.000000 -0.995286 0.765671 0.765671 0.765671
1716.340698 0.000000 2485.648682 0.000000 0.290581 0.000000 -0.956851 0.598573 0.598573 0.598573
1561.268799 0.000000 2614.690430 0.000000 0.111605 0.000000 -0.993753 0.481537 0.481537 0.481537
1570.139526 0.000000 2600.007568 0.000000 0.291803 0.000000 -0.956479 0.495354 0.495354 0.495354
1558.343750 0.000000 2615.673584 0.000000 0.138203 0.000000 -0.990404 0.429653 0.429653 0.429653
1644.193481 0.000000 2619.225830 0.000000 0.423285 0.000000 -0.905996 0.509666 0.509666 0.509666
1580.084717 0.000000 2685.509521 0.000000 0.289795 0.000000 -0.957089 0.467691 0.467691 0.467691
1596.880859 0.000000 2677.995361 0.000000 0.200853 0.000000 -0.979621 0.494959 0.494959 0.494959
1674.448364 0.000000 2601.886230 0.000000 0.277337 0.000000 -0.960773 0.489229 0.489229 0.489229
1964.084717 0.000000 2798.478271 0.000000 0.524555 0.000000 -0.851377 0.427807 0.427807 0.427807
1956.100952 0.000000 2815.595703 0.000000 0.581842 0.000000 -0.813302 0.445496 0.445496 0.445496
2199.871582 0.000000 2298.855957 0.000000 0.106793 0.000000 -0.994281 0.577127 0.577127 0.577127
2219.551025 0.000000 2266.174805 0.000000 0.207895 0.000000 -0.978151 0.524933 0.524933 0.524933
2214.386963 0.000000 2281.723145 0.000000 0.223996 0.000000 -0.974590 0.441135 0.441135 0.441135
2251.937012 0.000000 2292.144287 0.000000 0.455826 0.000000 -0.890069 0.414851 0.414851 0.414851
2266.132568 0.000000 2293.826904 0.000000 0.222659 0.000000 -0.974896 0.458196 0.458196 0.458196
2219.534668 0.000000 2331.849121 0.000000 0.528501 0.000000 -0.848932 0.744743 0.744743 0.744743
2203.115967 0.000000 2334.334717 0.000000 0.270205 0.000000 -0.962803 0.459524 0.459524 0.459524
2226.542236 0.000000 2321.657959 0.000000 0.307540 0.000000 -0.951535 0.488652 0.488652 0.488652
2284.877197 0.000000 2406.130615 0.000000 0.361308 0.000000 -0.932447 0.416553 0.416553 0.416553
2282.451904 0.000000 2407.277832 0.000000 0.486570 0.000000 -0.873642 0.518817 0.518817 0.518817
2306.492188 0.000000 2375.933350 0.000000 0.391701 0.000000 -0.920093 0.591504 0.591504 0.591504
2369.469238 0.000000 2426.891846 0.000000 0.302725 0.000000 -0.953078 0.416904 0.416904 0.416904
2353.158936 0.000000 2463.456543 0.000000 0.425322 0.000000 -0.905042 0.480001 0.480001 0.480001
2313.939697 0.000000 2444.116455 0.000000 0.455181 0.000000 -0.890399 0.519545 0.519545 0.519545
2348.193604 0.000000 2449.772705 0.000000 0.203195 0.000000 -0.979138 0.640234 0.640234 0.640234
2325.175049 0.000000 2464.046143 0.000000 0.188029 0.000000 -0.982164 0.490905 0.490905 0.490905
2400.909180 0.000000 2471.071533 0.000000 0.001199 0.000000 -0.999999 0.479146 0.479146 0.479146
2372.061279 0.000000 2445.037842 0.000000 0.486646 0.000000 -0.873599 0.510369 0.510369 0.510369
2370.492188 0.000000 2432.417725 0.000000 0.379136 0.000000 -0.925341 0.442861 0.442861 0.442861
2376.260498 0.000000 2437.833740 0.000000 0.212279 0.000000 -0.977209 0.437063 0.437063 0.437063
2401.860352 0.000000 2494.053711 0.000000 0.324679 0.000000 -0.945824 0.505367 0.505367 0.505367
2411.551025 0.000000 2492.112305 0.000000 0.161673 0.000000 -0.986844 0.459208 0.459208 0.459208
2203.221924 0.000000 2757.278564 0.000000 0.455027 0.000000 -0.890478 0.414259 0.414259 0.414259
2217.246582 0.000000 2759.561768 0.000000 0.551191 0.000000 -0.834379 0.506765 0.506765 0.506765
2212.314209 0.000000 2764.645996 0.000000 0.223946 0.000000 -0.974602 0.445392 0.445392 0.445392
2218.622314 0.000000 2765.275146 0.000000 0.062775 0.000000 -0.998028 0.731265 0.731265 0.731265
2246.656738 0.000000 2760.067871 0.000000 0.453354 0.000000 -0.891331 0.738417 0.738417 0.738417
2260.862061 0.000000 2759.916992 0.000000 0.556786 0.000000 -0.830656 0.637655 0.637655 0.637655
2244.256348 0.000000 2766.765625 0.000000 0.169131 0.000000 -0.985594 0.523581 0.523581 0.523581
2254.452148 0.000000 2766.844727 0.000000 0.418240 0.000000 -0.908336 0.492828 0.492828 0.492828
2230.469482 0.000000 2777.888428 0.000000 0.233719 0.000000 -0.972304 0.535157 0.535157 0.535157
2188.406494 0.000000 2768.682617 0.000000 0.092156 0.000000 -0.995745 0.432467 0.432467 0.432467
2178.492188 0.000000 2771.323975 0.000000 0.203951 0.000000 -0.978981 0.527172 0.527172 0.527172
2197.436035 0.000000 2819.032227 0.000000 0.163727 0.000000 -0.986506 0.738771 0.738771 0.738771
2219.551025 0.000000 2774.534180 0.000000 0.444002 0.000000 -0.896026 0.492295 0.492295 0.492295
2232.270996 0.000000 2788.244141 0.000000 0.306781 0.000000 -0.951780 0.484406 0.484406 0.484406
2182.297607 0.000000 2769.082520 0.000000 0.285936 0.000000 -0.958249 0.448638 0.448638 0.448638
2185.349609 0.000000 2820.289551 0.000000 0.517818 0.000000 -0.855491 0.490723 0.490723 0.490723
2195.958252 0.000000 2774.447021 0.000000 0.068722 0.000000 -0.997636 0.484454 0.484454 0.484454
2273.860352 0.000000 2776.475586 0.000000 0.011834 0.000000 -0.999930 0.588210 0.588210 0.588210
2255.844482 0.000000 2770.861572 0.000000 0.134997 0.000000 -0.990846 0.735369 0.735369 0.735369
2260.109619 0.000000 2779.424072 0.000000 0.133305 0.000000 -0.991075 0.587408 0.587408 0.587408
2150.386963 0.000000 2846.566895 0.000000 0.547679 0.000000 -0.836688 0.437815 0.437815 0.437815
2162.542236 0.000000 2830.017334 0.000000 0.556070 0.000000 -0.831135 0.622794 0.622794 0.622794
2188.396729 0.000000 2836.726562 0.000000 0.467414 0.000000 -0.884039 0.506579 0.506579 0.506579
2186.448242 0.000000 2827.823730 0.000000 0.561442 0.000000 -0.827516 0.443808 0.443808 0.443808
2677.008789 0.000000 2924.925049 0.000000 0.412520 0.000000 -0.910949 0.495063 0.495063 0.495063
4986.988770 0.000000 2801.368408 0.000000 0.117901 0.000000 -0.993025 0.459928 0.459928 0.459928
5003.443359 0.000000 2797.721436 0.000000 0.083811 0.000000 -0.996482 0.447596 0.447596 0.447596
5421.255371 0.000000 2935.578613 0.000000 0.310934 0.000000 -0.950431 0.448225 0.448225 0.448225
5412.590332 0.000000 2890.709717 0.000000 0.198258 0.000000 -0.980150 0.499304 0.499304 0.499304
5419.534668 0.000000 2896.692871 0.000000 0.286904 0.000000 -0.957959 0.516835 0.516835 0.516835
5436.718750 0.000000 2921.934570 0.000000 0.558167 0.000000 -0.829728 0.712374 0.712374 0.712374
6123.534668 0.000000 2840.208496 0.000000 0.233397 0.000000 -0.972381 0.507207 0.507207 0.507207
7295.683594 0.000000 2498.353027 0.000000 0.242546 0.000000 -0.970140 0.417079 0.417079 0.417079
7288.851562 0.000000 2516.924805 0.000000 0.303887 0.000000 -0.952708 0.639415 0.639415 0.639415
7310.716309 0.000000 2495.046143 0.000000 0.526596 0.000000 -0.850116 0.465374 0.465374 0.465374
7300.957031 0.000000 2531.479492 0.000000 0.465281 0.000000 -0.885163 0.439288 0.439288 0.439288
7311.844238 0.000000 2488.439697 0.000000 0.223133 0.000000 -0.974788 0.759972 0.759972 0.759972
7356.341309 0.000000 2538.480225 0.000000 0.563112 0.000000 -0.826380 0.546417 0.546417 0.546417
7354.875000 0.000000 2541.951416 0.000000 0.187073 0.000000 -0.982346 0.757386 0.757386 0.757386
7353.786621 0.000000 2546.321777 0.000000 0.298067 0.000000 -0.954545 0.417603 0.417603 0.417603
7354.815430 0.000000 2549.365967 0.000000 0.346287 0.000000 -0.938129 0.536938 0.536938 0.536938
7339.550781 0.000000 2548.596680 0.000000 0.329422 0.000000 -0.944183 0.552328 0.552328 0.552328
7374.189453 0.000000 2747.693848 0.000000 0.537038 0.000000 -0.843558 0.732640 0.732640 0.732640
7350.872070 0.000000 2870.553223 0.000000 0.174770 0.000000 -0.984609 0.480414 0.480414 0.480414
7346.569336 0.000000 2880.192627 0.000000 0.369418 0.000000 -0.929263 0.562070 0.562070 0.562070
7346.317383 0.000000 2883.894287 0.000000 0.509367 0.000000 -0.860549 0.746183 0.746183 0.746183
"}
