object={
	name="rainforest_generator_1_0"
	clamp_to_water_level=no
	render_under_water=no
	generated_content=yes
	layer="semidynamic"
	pdxmesh="tree_rainforest_001_mesh"
	count=141
	transform="1607.944946 0.000000 875.203979 0.000000 0.484224 0.000000 0.874944 0.318616 0.318616 0.318616
154.132584 0.000000 1220.623657 0.000000 0.067671 0.000000 0.997708 0.285174 0.285174 0.285174
154.616226 0.000000 1210.254272 0.000000 0.521483 0.000000 0.853261 0.331607 0.331607 0.331607
146.931503 0.000000 1217.498047 0.000000 0.066069 0.000000 0.997815 0.285051 0.285051 0.285051
183.633286 0.000000 1204.889771 0.000000 0.118099 0.000000 0.993002 0.289043 0.289043 0.289043
155.994141 0.000000 1211.205078 0.000000 0.237322 0.000000 0.971431 0.310934 0.310934 0.310934
152.535416 0.000000 1221.215454 0.000000 0.461897 0.000000 0.886934 0.316679 0.316679 0.316679
189.121735 0.000000 1202.396851 0.000000 0.138738 0.000000 0.990329 0.290633 0.290633 0.290633
150.662933 0.000000 1221.063110 0.000000 0.136277 0.000000 0.990671 0.302974 0.302974 0.302974
184.202850 0.000000 1203.128418 0.000000 0.164609 0.000000 0.986359 0.292633 0.292633 0.292633
181.735840 0.000000 1202.552368 0.000000 0.026244 0.000000 0.999656 0.282005 0.282005 0.282005
236.179840 0.000000 1189.594849 0.000000 0.495477 0.000000 0.868621 0.319602 0.319602 0.319602
210.493515 0.000000 1192.471191 0.000000 0.041677 0.000000 0.999131 0.283185 0.283185 0.283185
645.147461 0.000000 1127.192261 0.000000 0.453170 0.000000 0.891424 0.315930 0.315930 0.315930
690.026794 0.000000 1109.287354 0.000000 0.192238 0.000000 0.981348 0.307501 0.307501 0.307501
906.448303 0.000000 1302.745605 0.000000 0.213469 0.000000 0.976950 0.293018 0.293018 0.293018
904.096313 0.000000 1301.325684 0.000000 0.299867 0.000000 0.953981 0.304847 0.304847 0.304847
904.607971 0.000000 1312.976074 0.000000 0.570245 0.000000 0.821475 0.337908 0.337908 0.337908
905.455688 0.000000 1303.907715 0.000000 0.571081 0.000000 0.820894 0.326434 0.326434 0.326434
2140.116211 0.000000 1806.431274 0.000000 0.362993 0.000000 0.931792 0.309241 0.309241 0.309241
2164.503418 0.000000 1805.433228 0.000000 0.385699 0.000000 0.922625 0.323348 0.323348 0.323348
2137.450195 0.000000 1798.712402 0.000000 0.153774 0.000000 0.988106 0.290616 0.290616 0.290616
2124.277832 0.000000 1806.271851 0.000000 0.474807 0.000000 0.880090 0.317796 0.317796 0.317796
2127.150635 0.000000 1804.626587 0.000000 0.461346 0.000000 0.887220 0.317837 0.317837 0.317837
2173.407227 0.000000 1788.399170 0.000000 0.290354 0.000000 0.956919 0.308878 0.308878 0.308878
2124.281982 0.000000 1803.017578 0.000000 0.090442 0.000000 0.995902 0.286919 0.286919 0.286919
2133.138184 0.000000 1806.831665 0.000000 0.315564 0.000000 0.948904 0.304527 0.304527 0.304527
2179.168213 0.000000 1794.968262 0.000000 0.083076 0.000000 0.996543 0.299353 0.299353 0.299353
2176.164307 0.000000 1807.354736 0.000000 0.227353 0.000000 0.973813 0.302880 0.302880 0.302880
2177.941895 0.000000 1803.643677 0.000000 0.538766 0.000000 0.842455 0.323466 0.323466 0.323466
2178.240967 0.000000 1793.333008 0.000000 0.448747 0.000000 0.893659 0.323075 0.323075 0.323075
2180.253662 0.000000 1790.381470 0.000000 0.499464 0.000000 0.866335 0.320999 0.320999 0.320999
2181.526123 0.000000 1792.081543 0.000000 0.530806 0.000000 0.847494 0.322747 0.322747 0.322747
2181.147461 0.000000 1805.004761 0.000000 0.144588 0.000000 0.989492 0.291085 0.291085 0.291085
2179.034668 0.000000 1805.173950 0.000000 0.365378 0.000000 0.930859 0.308574 0.308574 0.308574
2339.895264 0.000000 1650.560547 0.000000 0.165668 0.000000 0.986182 0.292715 0.292715 0.292715
2357.692383 0.000000 1649.781860 0.000000 0.084369 0.000000 0.996435 0.286453 0.286453 0.286453
2412.817139 0.000000 1647.572876 0.000000 0.114261 0.000000 0.993451 0.278078 0.278078 0.278078
2465.958740 0.000000 1791.244629 0.000000 0.461952 0.000000 0.886905 0.316956 0.316956 0.316956
2464.099609 0.000000 1787.835205 0.000000 0.237681 0.000000 0.971343 0.298333 0.298333 0.298333
2451.060547 0.000000 1778.226196 0.000000 0.560002 0.000000 0.828491 0.329064 0.329064 0.329064
2464.757080 0.000000 1790.637695 0.000000 0.091653 0.000000 0.995791 0.287381 0.287381 0.287381
547.097717 0.000000 1962.568848 0.000000 0.105209 0.000000 0.994450 0.292644 0.292644 0.292644
549.382874 0.000000 1948.050781 0.000000 0.486773 0.000000 0.873528 0.324673 0.324673 0.324673
546.905884 0.000000 1955.849731 0.000000 0.567826 0.000000 0.823149 0.329753 0.329753 0.329753
555.856201 0.000000 1960.042969 0.000000 0.395593 0.000000 0.918426 0.311071 0.311071 0.311071
536.544067 0.000000 1987.130615 0.000000 0.469574 0.000000 0.882893 0.318423 0.318423 0.318423
1825.456543 0.000000 2103.846680 0.000000 0.363989 0.000000 0.931403 0.318803 0.318803 0.318803
1827.868042 0.000000 2105.762695 0.000000 0.475652 0.000000 0.879633 0.317869 0.317869 0.317869
2100.612793 0.000000 1823.212036 0.000000 0.188630 0.000000 0.982048 0.300538 0.300538 0.300538
2091.534668 0.000000 1823.489746 0.000000 0.096624 0.000000 0.995321 0.287393 0.287393 0.287393
2074.616211 0.000000 1831.582397 0.000000 0.478948 0.000000 0.877843 0.331261 0.331261 0.331261
2072.755615 0.000000 1826.849243 0.000000 0.542234 0.000000 0.840228 0.323781 0.323781 0.323781
2068.470947 0.000000 1829.325562 0.000000 0.526388 0.000000 0.850244 0.322349 0.322349 0.322349
2079.885010 0.000000 1826.690063 0.000000 0.315805 0.000000 0.948824 0.304546 0.304546 0.304546
2072.281738 0.000000 1829.515137 0.000000 0.551226 0.000000 0.834356 0.324602 0.324602 0.324602
2087.451416 0.000000 1822.495483 0.000000 0.154777 0.000000 0.987949 0.304946 0.304946 0.304946
2096.094482 0.000000 1824.609253 0.000000 0.011782 0.000000 0.999931 0.298920 0.298920 0.298920
2083.804932 0.000000 1826.414307 0.000000 0.088643 0.000000 0.996063 0.286781 0.286781 0.286781
2086.039062 0.000000 1825.601685 0.000000 0.426384 0.000000 0.904542 0.313651 0.313651 0.313651
2073.273682 0.000000 1828.428589 0.000000 0.220732 0.000000 0.975334 0.297003 0.297003 0.297003
2162.335205 0.000000 1828.393066 0.000000 0.561524 0.000000 0.827460 0.325548 0.325548 0.325548
2132.109619 0.000000 1819.189697 0.000000 0.465398 0.000000 0.885101 0.329461 0.329461 0.329461
2123.600586 0.000000 1813.221802 0.000000 0.119961 0.000000 0.992779 0.289186 0.289186 0.289186
2116.206299 0.000000 1809.754883 0.000000 0.409822 0.000000 0.912165 0.317993 0.317993 0.317993
2166.075195 0.000000 1829.045044 0.000000 0.166574 0.000000 0.986029 0.292785 0.292785 0.292785
2123.945557 0.000000 1829.568481 0.000000 0.091809 0.000000 0.995777 0.287024 0.287024 0.287024
2161.878906 0.000000 1819.843872 0.000000 0.509385 0.000000 0.860539 0.318073 0.318073 0.318073
2169.789062 0.000000 1826.861816 0.000000 0.465874 0.000000 0.884851 0.317022 0.317022 0.317022
2139.430664 0.000000 1819.527710 0.000000 0.108709 0.000000 0.994074 0.299270 0.299270 0.299270
2124.231934 0.000000 1810.336548 0.000000 0.290048 0.000000 0.957012 0.302800 0.302800 0.302800
2138.396484 0.000000 1817.537720 0.000000 0.387526 0.000000 0.921859 0.323870 0.323870 0.323870
2153.043945 0.000000 1819.515625 0.000000 0.067097 0.000000 0.997746 0.285130 0.285130 0.285130
2163.232666 0.000000 1826.853882 0.000000 0.387484 0.000000 0.921876 0.310397 0.310397 0.310397
2119.773682 0.000000 1808.046997 0.000000 0.071741 0.000000 0.997423 0.294841 0.294841 0.294841
2118.676025 0.000000 1810.385132 0.000000 0.532841 0.000000 0.846216 0.322930 0.322930 0.322930
2116.025635 0.000000 1811.725342 0.000000 0.018644 0.000000 0.999826 0.281424 0.281424 0.281424
2112.976074 0.000000 1808.020264 0.000000 0.248145 0.000000 0.968723 0.299157 0.299157 0.299157
2168.550049 0.000000 1829.475830 0.000000 0.156942 0.000000 0.987608 0.292039 0.292039 0.292039
2151.698242 0.000000 1809.458252 0.000000 0.478483 0.000000 0.878097 0.318115 0.318115 0.318115
2120.166748 0.000000 1813.084595 0.000000 0.494366 0.000000 0.869254 0.319504 0.319504 0.319504
2166.872070 0.000000 1827.885376 0.000000 0.448926 0.000000 0.893569 0.315566 0.315566 0.315566
2147.450684 0.000000 1816.160767 0.000000 0.159736 0.000000 0.987160 0.292255 0.292255 0.292255
2166.458008 0.000000 1820.409424 0.000000 0.140877 0.000000 0.990027 0.290798 0.290798 0.290798
2181.821045 0.000000 1825.106201 0.000000 0.524163 0.000000 0.851618 0.322149 0.322149 0.322149
2180.648926 0.000000 1829.609985 0.000000 0.439881 0.000000 0.898056 0.314795 0.314795 0.314795
4923.669434 0.000000 1092.907959 0.000000 0.332361 0.000000 0.943152 0.320031 0.320031 0.320031
4880.326660 0.000000 1095.870117 0.000000 0.213375 0.000000 0.976970 0.309627 0.309627 0.309627
4878.008789 0.000000 1092.948242 0.000000 0.431747 0.000000 0.901995 0.323649 0.323649 0.323649
4879.814941 0.000000 1093.835083 0.000000 0.523797 0.000000 0.851843 0.330770 0.330770 0.330770
4923.648926 0.000000 1094.715820 0.000000 0.202543 0.000000 0.979273 0.312302 0.312302 0.312302
4889.662598 0.000000 1095.998413 0.000000 0.524296 0.000000 0.851536 0.322161 0.322161 0.322161
5108.340820 0.000000 1073.539185 0.000000 0.479840 0.000000 0.877356 0.299808 0.299808 0.299808
4432.003418 0.000000 1382.927734 0.000000 0.114983 0.000000 0.993367 0.294981 0.294981 0.294981
4737.717285 0.000000 1682.492065 0.000000 0.161174 0.000000 0.986926 0.297291 0.297291 0.297291
5169.605957 0.000000 956.603882 0.000000 0.330046 0.000000 0.943965 0.308597 0.308597 0.308597
5154.456055 0.000000 948.702942 0.000000 0.421620 0.000000 0.906772 0.325797 0.325797 0.325797
5168.909180 0.000000 946.797058 0.000000 0.038309 0.000000 0.999266 0.285988 0.285988 0.285988
5154.139648 0.000000 1074.929443 0.000000 0.233313 0.000000 0.972402 0.282624 0.282624 0.282624
5139.069824 0.000000 1078.231567 0.000000 0.293392 0.000000 0.955992 0.304655 0.304655 0.304655
5141.351074 0.000000 1079.632202 0.000000 0.354618 0.000000 0.935011 0.307693 0.307693 0.307693
5220.653320 0.000000 1224.436768 0.000000 0.486835 0.000000 0.873494 0.321527 0.321527 0.321527
7642.396484 0.000000 1365.662720 0.000000 0.522326 0.000000 0.852746 0.321985 0.321985 0.321985
7636.915039 0.000000 1363.346924 0.000000 0.360887 0.000000 0.932610 0.308206 0.308206 0.308206
6888.581055 0.000000 1837.764404 0.000000 0.309607 0.000000 0.950865 0.304047 0.304047 0.304047
7147.534668 0.000000 2331.849121 0.000000 0.526593 0.000000 0.850118 0.333530 0.333530 0.333530
7146.452148 0.000000 2350.793457 0.000000 0.083139 0.000000 0.996538 0.297808 0.297808 0.297808
7156.948730 0.000000 2342.585449 0.000000 0.303711 0.000000 0.952764 0.303574 0.303574 0.303574
7159.086426 0.000000 2352.475586 0.000000 0.210215 0.000000 0.977655 0.308557 0.308557 0.308557
7134.637207 0.000000 2334.028320 0.000000 0.097396 0.000000 0.995246 0.287452 0.287452 0.287452
7159.001953 0.000000 2350.894043 0.000000 0.575101 0.000000 0.818082 0.332310 0.332310 0.332310
7149.479492 0.000000 2340.398926 0.000000 0.456559 0.000000 0.889693 0.316220 0.316220 0.316220
6963.409180 0.000000 2510.798828 0.000000 0.326131 0.000000 0.945324 0.316974 0.316974 0.316974
7019.434082 0.000000 2514.402588 0.000000 0.107726 0.000000 0.994181 0.304680 0.304680 0.304680
7394.040527 0.000000 1825.804932 0.000000 0.542277 0.000000 0.840200 0.319442 0.319442 0.319442
7223.033203 0.000000 2354.307373 0.000000 0.477965 0.000000 0.878379 0.318070 0.318070 0.318070
7210.699707 0.000000 2356.238281 0.000000 0.339608 0.000000 0.940567 0.317780 0.317780 0.317780
7201.860352 0.000000 2324.600586 0.000000 0.120858 0.000000 0.992670 0.283749 0.283749 0.283749
7228.880859 0.000000 2339.089111 0.000000 0.408123 0.000000 0.912927 0.312403 0.312403 0.312403
7223.370605 0.000000 2349.514893 0.000000 0.501897 0.000000 0.864927 0.323820 0.323820 0.323820
7169.729980 0.000000 2348.451660 0.000000 0.534703 0.000000 0.845040 0.331752 0.331752 0.331752
7208.272949 0.000000 2366.074951 0.000000 0.466872 0.000000 0.884325 0.317109 0.317109 0.317109
7217.077637 0.000000 2348.247314 0.000000 0.198150 0.000000 0.980172 0.295238 0.295238 0.295238
7228.194824 0.000000 2351.448486 0.000000 0.304943 0.000000 0.952371 0.310209 0.310209 0.310209
7185.646484 0.000000 2335.184082 0.000000 0.323284 0.000000 0.946302 0.308829 0.308829 0.308829
7187.108398 0.000000 2325.836426 0.000000 0.582670 0.000000 0.812709 0.334861 0.334861 0.334861
7220.105469 0.000000 2358.250244 0.000000 0.142084 0.000000 0.989855 0.306505 0.306505 0.306505
7210.572266 0.000000 2365.438232 0.000000 0.085939 0.000000 0.996300 0.300659 0.300659 0.300659
7206.249512 0.000000 2369.551514 0.000000 0.381082 0.000000 0.924541 0.309868 0.309868 0.309868
7212.260742 0.000000 2356.792725 0.000000 0.449330 0.000000 0.893366 0.315601 0.315601 0.315601
7198.198730 0.000000 2367.107422 0.000000 0.112394 0.000000 0.993664 0.288604 0.288604 0.288604
7192.543945 0.000000 2330.360840 0.000000 0.284653 0.000000 0.958631 0.308453 0.308453 0.308453
7170.917480 0.000000 2349.288818 0.000000 0.275691 0.000000 0.961246 0.301338 0.301338 0.301338
7205.564453 0.000000 2360.512939 0.000000 0.523573 0.000000 0.851981 0.322096 0.322096 0.322096
7213.920898 0.000000 2357.183350 0.000000 0.532942 0.000000 0.846152 0.322939 0.322939 0.322939
7239.290527 0.000000 2350.531738 0.000000 0.257981 0.000000 0.966150 0.313668 0.313668 0.313668
7276.263184 0.000000 2366.034424 0.000000 0.061222 0.000000 0.998124 0.298247 0.298247 0.298247
7240.383301 0.000000 2337.723145 0.000000 0.075902 0.000000 0.997115 0.297373 0.297373 0.297373
7217.495117 0.000000 2372.443848 0.000000 0.350921 0.000000 0.936405 0.293357 0.293357 0.293357
7293.779785 0.000000 2383.122803 0.000000 0.094633 0.000000 0.995512 0.287240 0.287240 0.287240
7292.279297 0.000000 2385.321533 0.000000 0.071252 0.000000 0.997458 0.285448 0.285448 0.285448
"}
object={
	name="rainforest_generator_1_1"
	clamp_to_water_level=no
	render_under_water=no
	generated_content=yes
	layer="semidynamic"
	pdxmesh="tree_rainforest_002_mesh"
	count=140
	transform="1598.808594 0.000000 875.293152 0.000000 0.593228 0.000000 0.805034 0.333897 0.333897 0.333897
1607.173218 0.000000 876.472351 0.000000 0.944209 0.000000 0.329346 0.344158 0.344158 0.344158
1611.910645 0.000000 874.948608 0.000000 0.930008 0.000000 0.367539 0.376040 0.376040 0.376040
163.373230 0.000000 1213.115234 0.000000 0.883257 0.000000 0.468890 0.352412 0.352412 0.352412
158.841156 0.000000 1217.804077 0.000000 0.743573 0.000000 0.668654 0.346243 0.346243 0.346243
142.569382 0.000000 1219.940674 0.000000 0.863896 0.000000 0.503670 0.343802 0.343802 0.343802
147.150772 0.000000 1219.933472 0.000000 0.622380 0.000000 0.782715 0.338330 0.338330 0.338330
180.127777 0.000000 1204.054321 0.000000 0.672580 0.000000 0.740024 0.336355 0.336355 0.336355
143.572021 0.000000 1217.771729 0.000000 0.761597 0.000000 0.648051 0.346140 0.346140 0.346140
183.988480 0.000000 1201.795166 0.000000 0.708043 0.000000 0.706169 0.340101 0.340101 0.340101
188.607147 0.000000 1204.026978 0.000000 0.925860 0.000000 0.377867 0.370398 0.370398 0.370398
140.962921 0.000000 1216.292603 0.000000 0.721490 0.000000 0.692425 0.341570 0.341570 0.341570
150.136108 0.000000 1219.750488 0.000000 0.706662 0.000000 0.707552 0.344662 0.344662 0.344662
186.884171 0.000000 1201.455444 0.000000 0.918317 0.000000 0.395845 0.368908 0.368908 0.368908
212.914795 0.000000 1193.893799 0.000000 0.645677 0.000000 0.763611 0.333622 0.333622 0.333622
2110.566406 0.000000 1806.644287 0.000000 0.589470 0.000000 0.807790 0.328159 0.328159 0.328159
2142.385010 0.000000 1792.610352 0.000000 0.723182 0.000000 0.690658 0.348609 0.348609 0.348609
2131.869141 0.000000 1802.335327 0.000000 0.750738 0.000000 0.660600 0.344873 0.344873 0.344873
2182.656738 0.000000 1799.833374 0.000000 0.664603 0.000000 0.747197 0.331640 0.331640 0.331640
2178.854492 0.000000 1798.562622 0.000000 0.836235 0.000000 0.548371 0.358558 0.358558 0.358558
2176.004639 0.000000 1804.329712 0.000000 0.948305 0.000000 0.317360 0.375329 0.375329 0.375329
2179.196289 0.000000 1796.766113 0.000000 0.609819 0.000000 0.792541 0.336955 0.336955 0.336955
2177.866943 0.000000 1807.218750 0.000000 0.823918 0.000000 0.566708 0.356379 0.356379 0.356379
2180.024170 0.000000 1798.066895 0.000000 0.745136 0.000000 0.666913 0.344228 0.344228 0.344228
2178.944824 0.000000 1806.482544 0.000000 0.937564 0.000000 0.347813 0.372862 0.372862 0.372862
2181.362305 0.000000 1803.700439 0.000000 0.610915 0.000000 0.791696 0.330208 0.330208 0.330208
2347.534668 0.000000 1654.036621 0.000000 0.823242 0.000000 0.567690 0.315598 0.315598 0.315598
2347.536621 0.000000 1651.609985 0.000000 0.832207 0.000000 0.554465 0.355101 0.355101 0.355101
2357.305176 0.000000 1651.697754 0.000000 0.652474 0.000000 0.757811 0.334305 0.334305 0.334305
2354.636963 0.000000 1648.501221 0.000000 0.782929 0.000000 0.622111 0.355914 0.355914 0.355914
2357.735840 0.000000 1654.427368 0.000000 0.940043 0.000000 0.341056 0.373412 0.373412 0.373412
2388.109619 0.000000 1649.736572 0.000000 0.794880 0.000000 0.606767 0.350192 0.350192 0.350192
2386.552002 0.000000 1649.939453 0.000000 0.596381 0.000000 0.802702 0.328815 0.328815 0.328815
2451.958252 0.000000 1644.759399 0.000000 0.719284 0.000000 0.694716 0.316068 0.316068 0.316068
2466.794434 0.000000 1789.275146 0.000000 0.714776 0.000000 0.699353 0.349534 0.349534 0.349534
464.417419 0.000000 2022.824097 0.000000 0.929373 0.000000 0.369143 0.371116 0.371116 0.371116
557.601929 0.000000 1960.393677 0.000000 0.932456 0.000000 0.361284 0.374991 0.374991 0.374991
552.504700 0.000000 1963.862427 0.000000 0.894022 0.000000 0.448023 0.364511 0.364511 0.364511
521.939758 0.000000 1992.241577 0.000000 0.781450 0.000000 0.623968 0.355085 0.355085 0.355085
1813.588501 0.000000 2108.466553 0.000000 0.846809 0.000000 0.531896 0.357155 0.357155 0.357155
2088.221680 0.000000 1827.943237 0.000000 0.887223 0.000000 0.461342 0.340779 0.340779 0.340779
2084.534668 0.000000 1824.678101 0.000000 0.874641 0.000000 0.484771 0.361337 0.361337 0.361337
2111.940674 0.000000 1826.949463 0.000000 0.939004 0.000000 0.343907 0.373765 0.373765 0.373765
2083.024170 0.000000 1828.072144 0.000000 0.944523 0.000000 0.328444 0.374434 0.374434 0.374434
2094.967041 0.000000 1822.876831 0.000000 0.925799 0.000000 0.378016 0.372708 0.372708 0.372708
2082.304199 0.000000 1823.599854 0.000000 0.936377 0.000000 0.350995 0.372602 0.372602 0.372602
2063.814941 0.000000 1828.131958 0.000000 0.933576 0.000000 0.358379 0.371999 0.371999 0.371999
2109.495117 0.000000 1826.660278 0.000000 0.844480 0.000000 0.535587 0.358515 0.358515 0.358515
2082.022705 0.000000 1829.535767 0.000000 0.662551 0.000000 0.749017 0.335326 0.335326 0.335326
2086.058105 0.000000 1823.802490 0.000000 0.597336 0.000000 0.801991 0.337502 0.337502 0.337502
2075.663330 0.000000 1830.295654 0.000000 0.699333 0.000000 0.714796 0.348906 0.348906 0.348906
2087.006836 0.000000 1826.903809 0.000000 0.659721 0.000000 0.751510 0.336737 0.336737 0.336737
2091.719727 0.000000 1825.086670 0.000000 0.653933 0.000000 0.756552 0.334452 0.334452 0.334452
2083.868164 0.000000 1823.340820 0.000000 0.673769 0.000000 0.738942 0.336478 0.336478 0.336478
2101.702881 0.000000 1825.336914 0.000000 0.927607 0.000000 0.373558 0.370753 0.370753 0.370753
2140.263916 0.000000 1816.796021 0.000000 0.772275 0.000000 0.635288 0.355489 0.355489 0.355489
2164.612793 0.000000 1823.212036 0.000000 0.881959 0.000000 0.471325 0.349485 0.349485 0.349485
2151.443848 0.000000 1818.789429 0.000000 0.921270 0.000000 0.388923 0.373772 0.373772 0.373772
2124.424805 0.000000 1825.919800 0.000000 0.900870 0.000000 0.434088 0.365697 0.365697 0.365697
2127.844482 0.000000 1810.627197 0.000000 0.650277 0.000000 0.759697 0.334083 0.334083 0.334083
2116.014893 0.000000 1813.587036 0.000000 0.927392 0.000000 0.374092 0.340815 0.340815 0.340815
2143.881836 0.000000 1810.149414 0.000000 0.669243 0.000000 0.743043 0.336012 0.336012 0.336012
2147.024170 0.000000 1828.072144 0.000000 0.727494 0.000000 0.686114 0.326653 0.326653 0.326653
2122.112305 0.000000 1825.653931 0.000000 0.866322 0.000000 0.499486 0.345889 0.345889 0.345889
2140.903564 0.000000 1814.121338 0.000000 0.835950 0.000000 0.548806 0.357940 0.357940 0.357940
2155.536621 0.000000 1821.063110 0.000000 0.899560 0.000000 0.436797 0.369981 0.369981 0.369981
2132.110352 0.000000 1821.137817 0.000000 0.729985 0.000000 0.683463 0.342514 0.342514 0.342514
2143.070801 0.000000 1828.157227 0.000000 0.810044 0.000000 0.586369 0.354949 0.354949 0.354949
2161.404785 0.000000 1826.958130 0.000000 0.940431 0.000000 0.339986 0.373499 0.373499 0.373499
2125.791260 0.000000 1807.552612 0.000000 0.908346 0.000000 0.418219 0.367037 0.367037 0.367037
2149.195312 0.000000 1816.092407 0.000000 0.825095 0.000000 0.564994 0.354131 0.354131 0.354131
2142.456787 0.000000 1810.550659 0.000000 0.709888 0.000000 0.704314 0.340301 0.340301 0.340301
2147.134277 0.000000 1824.801636 0.000000 0.856148 0.000000 0.516730 0.358516 0.358516 0.358516
2136.170898 0.000000 1819.000854 0.000000 0.816278 0.000000 0.577660 0.354182 0.354182 0.354182
2147.814209 0.000000 1818.671387 0.000000 0.639827 0.000000 0.768519 0.333039 0.333039 0.333039
2177.541504 0.000000 1828.664062 0.000000 0.908148 0.000000 0.418649 0.370628 0.370628 0.370628
2182.483887 0.000000 1826.432373 0.000000 0.592156 0.000000 0.805824 0.330753 0.330753 0.330753
2179.098633 0.000000 1825.624023 0.000000 0.665570 0.000000 0.746335 0.335635 0.335635 0.335635
4879.712891 0.000000 1091.817261 0.000000 0.731466 0.000000 0.681878 0.347418 0.347418 0.347418
4920.270996 0.000000 1093.712891 0.000000 0.748682 0.000000 0.662929 0.344635 0.344635 0.344635
4884.471191 0.000000 1095.028687 0.000000 0.684731 0.000000 0.728796 0.347608 0.347608 0.347608
4916.127930 0.000000 1091.085571 0.000000 0.787699 0.000000 0.616060 0.349295 0.349295 0.349295
4879.288574 0.000000 1087.741089 0.000000 0.916737 0.000000 0.399492 0.368605 0.368605 0.368605
4897.556152 0.000000 1099.877441 0.000000 0.873449 0.000000 0.486916 0.364831 0.364831 0.364831
4924.957031 0.000000 1097.968994 0.000000 0.713642 0.000000 0.700511 0.340709 0.340709 0.340709
4889.273438 0.000000 1094.131714 0.000000 0.667511 0.000000 0.744600 0.335834 0.335834 0.335834
5114.815430 0.000000 1080.772217 0.000000 0.894431 0.000000 0.447205 0.337816 0.337816 0.337816
4737.278809 0.000000 1683.922119 0.000000 0.943367 0.000000 0.331750 0.375349 0.375349 0.375349
5154.997070 0.000000 1072.682129 0.000000 0.845001 0.000000 0.534765 0.308995 0.308995 0.308995
5139.958008 0.000000 1079.915649 0.000000 0.922562 0.000000 0.385849 0.370331 0.370331 0.370331
5151.881836 0.000000 1075.852539 0.000000 0.677055 0.000000 0.735932 0.342806 0.342806 0.342806
5147.908691 0.000000 1078.706665 0.000000 0.829141 0.000000 0.559040 0.354681 0.354681 0.354681
5138.493652 0.000000 1079.502441 0.000000 0.785318 0.000000 0.619093 0.350000 0.350000 0.350000
7551.474121 0.000000 1683.271362 0.000000 0.665207 0.000000 0.746659 0.335598 0.335598 0.335598
7553.278809 0.000000 1683.922119 0.000000 0.856493 0.000000 0.516159 0.348457 0.348457 0.348457
7701.175293 0.000000 1673.264893 0.000000 0.903021 0.000000 0.429596 0.342590 0.342590 0.342590
6888.266113 0.000000 1836.263428 0.000000 0.867497 0.000000 0.497443 0.360225 0.360225 0.360225
7157.610352 0.000000 2351.352295 0.000000 0.895488 0.000000 0.445085 0.352981 0.352981 0.352981
7163.206543 0.000000 2345.840088 0.000000 0.851086 0.000000 0.525027 0.349673 0.349673 0.349673
7142.386719 0.000000 2338.207520 0.000000 0.905036 0.000000 0.425336 0.358917 0.358917 0.358917
7161.029297 0.000000 2344.007568 0.000000 0.601937 0.000000 0.798544 0.329345 0.329345 0.329345
6914.873047 0.000000 2511.602783 0.000000 0.808816 0.000000 0.588062 0.326990 0.326990 0.326990
7023.143066 0.000000 2510.989990 0.000000 0.836175 0.000000 0.548462 0.355651 0.355651 0.355651
7010.885254 0.000000 2514.897217 0.000000 0.901891 0.000000 0.431964 0.365877 0.365877 0.365877
7042.931152 0.000000 2516.787109 0.000000 0.816686 0.000000 0.577082 0.356692 0.356692 0.356692
7394.304199 0.000000 1823.599854 0.000000 0.665335 0.000000 0.746545 0.326981 0.326981 0.326981
7184.310547 0.000000 2340.654053 0.000000 0.806388 0.000000 0.591387 0.348596 0.348596 0.348596
7185.983398 0.000000 2337.227539 0.000000 0.650307 0.000000 0.759671 0.306815 0.306815 0.306815
7175.290527 0.000000 2350.531738 0.000000 0.617920 0.000000 0.786241 0.332693 0.332693 0.332693
7189.175293 0.000000 2351.077393 0.000000 0.719213 0.000000 0.694790 0.341319 0.341319 0.341319
7226.085938 0.000000 2363.018066 0.000000 0.759968 0.000000 0.649961 0.327436 0.327436 0.327436
7219.473145 0.000000 2356.237305 0.000000 0.926078 0.000000 0.377332 0.371601 0.371601 0.371601
7187.150879 0.000000 2349.620850 0.000000 0.934012 0.000000 0.357243 0.373369 0.373369 0.373369
7228.546387 0.000000 2343.799072 0.000000 0.776749 0.000000 0.629811 0.352884 0.352884 0.352884
7205.593262 0.000000 2358.070068 0.000000 0.885591 0.000000 0.464466 0.363099 0.363099 0.363099
7210.151367 0.000000 2358.370850 0.000000 0.766343 0.000000 0.642432 0.346876 0.346876 0.346876
7177.114258 0.000000 2345.973145 0.000000 0.881919 0.000000 0.471402 0.350405 0.350405 0.350405
7184.326660 0.000000 2338.526367 0.000000 0.747026 0.000000 0.664795 0.349710 0.349710 0.349710
7214.922852 0.000000 2351.180664 0.000000 0.644518 0.000000 0.764589 0.333506 0.333506 0.333506
7185.373535 0.000000 2315.965820 0.000000 0.895137 0.000000 0.445792 0.364817 0.364817 0.364817
7218.737793 0.000000 2349.356934 0.000000 0.753069 0.000000 0.657941 0.345143 0.345143 0.345143
7174.203613 0.000000 2353.154541 0.000000 0.938793 0.000000 0.344481 0.373133 0.373133 0.373133
7231.537598 0.000000 2346.125732 0.000000 0.734501 0.000000 0.678607 0.343020 0.343020 0.343020
7202.717285 0.000000 2341.222412 0.000000 0.591616 0.000000 0.806220 0.329533 0.329533 0.329533
7205.460449 0.000000 2347.194580 0.000000 0.740998 0.000000 0.671507 0.350924 0.350924 0.350924
7208.031738 0.000000 2367.409912 0.000000 0.748421 0.000000 0.663224 0.344605 0.344605 0.344605
7223.635742 0.000000 2348.142822 0.000000 0.737536 0.000000 0.675308 0.345954 0.345954 0.345954
7222.485352 0.000000 2355.562256 0.000000 0.907584 0.000000 0.419870 0.366898 0.366898 0.366898
7237.963867 0.000000 2336.558350 0.000000 0.794033 0.000000 0.607874 0.324918 0.324918 0.324918
7241.640137 0.000000 2349.086426 0.000000 0.689463 0.000000 0.724321 0.340636 0.340636 0.340636
7237.852539 0.000000 2338.704834 0.000000 0.833070 0.000000 0.553168 0.355513 0.355513 0.355513
7278.877930 0.000000 2369.282959 0.000000 0.686152 0.000000 0.727458 0.332476 0.332476 0.332476
7274.718262 0.000000 2362.358398 0.000000 0.767486 0.000000 0.641065 0.348256 0.348256 0.348256
7245.010254 0.000000 2349.883545 0.000000 0.764174 0.000000 0.645010 0.346445 0.346445 0.346445
7261.201660 0.000000 2348.525879 0.000000 0.939850 0.000000 0.341588 0.373368 0.373368 0.373368
7249.384766 0.000000 2347.064697 0.000000 0.782926 0.000000 0.622115 0.350382 0.350382 0.350382
7245.583496 0.000000 2348.628418 0.000000 0.879187 0.000000 0.476478 0.362059 0.362059 0.362059
7214.857422 0.000000 2377.847656 0.000000 0.893860 0.000000 0.448345 0.364715 0.364715 0.364715
7280.446289 0.000000 2383.174561 0.000000 0.790860 0.000000 0.611998 0.319404 0.319404 0.319404
7232.060059 0.000000 2380.592041 0.000000 0.623742 0.000000 0.781630 0.339742 0.339742 0.339742
"}
object={
	name="rainforest_generator_1_2"
	clamp_to_water_level=no
	render_under_water=no
	generated_content=yes
	layer="semidynamic"
	pdxmesh="tree_rainforest_003_mesh"
	count=158
	transform="1609.640015 0.000000 880.492676 0.000000 0.998650 0.000000 -0.051937 0.403399 0.403399 0.403399
1601.729858 0.000000 879.857910 0.000000 0.964988 0.000000 0.262296 0.382176 0.382176 0.382176
148.724701 0.000000 1215.872314 0.000000 0.978298 0.000000 0.207204 0.384055 0.384055 0.384055
151.654907 0.000000 1219.827393 0.000000 0.997525 0.000000 0.070309 0.395046 0.395046 0.395046
187.596497 0.000000 1202.698242 0.000000 0.959567 0.000000 -0.281482 0.421798 0.421798 0.421798
161.555939 0.000000 1212.846191 0.000000 0.987856 0.000000 -0.155373 0.410477 0.410477 0.410477
159.589508 0.000000 1216.216919 0.000000 0.998775 0.000000 -0.049489 0.403634 0.403634 0.403634
151.874908 0.000000 1218.247681 0.000000 0.999993 0.000000 0.003687 0.399740 0.399740 0.399740
145.981827 0.000000 1216.084106 0.000000 0.970158 0.000000 0.242474 0.381290 0.381290 0.381290
147.367401 0.000000 1216.179199 0.000000 0.994348 0.000000 0.106170 0.391874 0.391874 0.391874
184.780945 0.000000 1200.119751 0.000000 0.955583 0.000000 -0.294721 0.422854 0.422854 0.422854
186.285477 0.000000 1202.590576 0.000000 0.989283 0.000000 -0.146009 0.411194 0.411194 0.411194
646.827454 0.000000 1129.202026 0.000000 0.957942 0.000000 -0.286961 0.419328 0.419328 0.419328
692.417847 0.000000 1103.528198 0.000000 0.997574 0.000000 -0.069612 0.369971 0.369971 0.369971
690.737732 0.000000 1106.700806 0.000000 0.986382 0.000000 -0.164473 0.412622 0.412622 0.412622
693.498657 0.000000 1110.679321 0.000000 0.986515 0.000000 -0.163674 0.410918 0.410918 0.410918
901.125305 0.000000 1311.871704 0.000000 0.960525 0.000000 0.278195 0.381279 0.381279 0.381279
905.044312 0.000000 1302.342041 0.000000 0.978236 0.000000 -0.207496 0.415968 0.415968 0.415968
2398.841064 0.000000 257.569641 0.000000 0.962845 0.000000 -0.270053 0.417613 0.417613 0.417613
2384.687988 0.000000 261.122650 0.000000 0.999393 0.000000 0.034824 0.370129 0.370129 0.370129
2409.198730 0.000000 261.945587 0.000000 0.976479 0.000000 -0.215614 0.414866 0.414866 0.414866
2383.107910 0.000000 261.132446 0.000000 0.963424 0.000000 0.267980 0.380290 0.380290 0.380290
2167.010986 0.000000 1805.968506 0.000000 0.960822 0.000000 -0.277165 0.401784 0.401784 0.401784
2127.659912 0.000000 1802.180908 0.000000 0.979521 0.000000 -0.201344 0.415487 0.415487 0.415487
2131.100342 0.000000 1803.762573 0.000000 0.984341 0.000000 0.176274 0.386463 0.386463 0.386463
2175.022949 0.000000 1805.181152 0.000000 0.955209 0.000000 -0.295932 0.420401 0.420401 0.420401
2112.164307 0.000000 1807.354736 0.000000 0.993562 0.000000 0.113285 0.375602 0.375602 0.375602
2129.040771 0.000000 1803.551147 0.000000 0.981554 0.000000 -0.191184 0.414696 0.414696 0.414696
2166.407227 0.000000 1804.051270 0.000000 0.999278 0.000000 0.037988 0.383222 0.383222 0.383222
2169.390381 0.000000 1793.422852 0.000000 0.974334 0.000000 -0.225108 0.414568 0.414568 0.414568
2171.649902 0.000000 1805.969482 0.000000 0.999838 0.000000 -0.018027 0.401256 0.401256 0.401256
2179.898438 0.000000 1803.772217 0.000000 0.992995 0.000000 0.118158 0.390952 0.390952 0.390952
2183.561523 0.000000 1801.989502 0.000000 0.999921 0.000000 0.012569 0.399156 0.399156 0.399156
2181.188232 0.000000 1793.755737 0.000000 0.993956 0.000000 0.109778 0.391597 0.391597 0.391597
2176.046631 0.000000 1805.778931 0.000000 0.978128 0.000000 -0.208003 0.416007 0.416007 0.416007
2403.895264 0.000000 1650.560547 0.000000 0.967231 0.000000 0.253898 0.336791 0.336791 0.336791
2401.762939 0.000000 1649.415405 0.000000 0.997813 0.000000 -0.066097 0.369790 0.369790 0.369790
2387.362549 0.000000 1646.358521 0.000000 0.976674 0.000000 -0.214728 0.415344 0.415344 0.415344
2402.940674 0.000000 1648.133301 0.000000 0.999156 0.000000 0.041069 0.397262 0.397262 0.397262
2389.329346 0.000000 1648.671265 0.000000 0.999997 0.000000 0.002228 0.399830 0.399830 0.399830
2465.651611 0.000000 1787.213135 0.000000 0.969680 0.000000 0.244380 0.381140 0.381140 0.381140
493.534485 0.000000 2011.974609 0.000000 0.996444 0.000000 0.084258 0.393556 0.393556 0.393556
554.699829 0.000000 1960.847534 0.000000 0.985661 0.000000 -0.168739 0.412953 0.412953 0.412953
556.435303 0.000000 1956.443848 0.000000 0.952043 0.000000 0.305966 0.378962 0.378962 0.378962
520.084656 0.000000 1992.588135 0.000000 0.981689 0.000000 0.190492 0.387224 0.387224 0.387224
1821.330444 0.000000 2106.029053 0.000000 0.994958 0.000000 -0.100289 0.407674 0.407674 0.407674
1824.928833 0.000000 2105.913086 0.000000 0.995438 0.000000 -0.095406 0.407300 0.407300 0.407300
2081.456543 0.000000 1821.424927 0.000000 0.999087 0.000000 0.042719 0.375224 0.375224 0.375224
2086.386963 0.000000 1829.848145 0.000000 0.991533 0.000000 0.129856 0.389580 0.389580 0.389580
2083.895264 0.000000 1820.013672 0.000000 0.997020 0.000000 0.077139 0.346042 0.346042 0.346042
2100.127686 0.000000 1825.382446 0.000000 0.953696 0.000000 0.300773 0.376661 0.376661 0.376661
2062.324707 0.000000 1831.387939 0.000000 0.952011 0.000000 -0.306063 0.423763 0.423763 0.423763
2070.346924 0.000000 1830.143677 0.000000 0.991871 0.000000 0.127251 0.390252 0.390252 0.390252
2066.017090 0.000000 1831.284668 0.000000 0.952084 0.000000 -0.305836 0.423745 0.423745 0.423745
2100.288330 0.000000 1828.330078 0.000000 0.975286 0.000000 -0.220946 0.400828 0.400828 0.400828
2105.789062 0.000000 1826.861816 0.000000 0.999162 0.000000 -0.040940 0.392368 0.392368 0.392368
2103.633301 0.000000 1826.217896 0.000000 0.999881 0.000000 -0.015436 0.401179 0.401179 0.401179
2080.410645 0.000000 1824.869507 0.000000 0.988515 0.000000 -0.151126 0.411590 0.411590 0.411590
2099.232666 0.000000 1826.853882 0.000000 0.986025 0.000000 -0.166595 0.412787 0.412787 0.412787
2075.871582 0.000000 1827.567505 0.000000 0.963379 0.000000 0.268143 0.379736 0.379736 0.379736
2081.168701 0.000000 1827.792236 0.000000 0.984177 0.000000 -0.177189 0.413608 0.413608 0.413608
2111.487793 0.000000 1823.828125 0.000000 0.955090 0.000000 -0.296317 0.421255 0.421255 0.421255
2073.662842 0.000000 1830.295288 0.000000 0.996477 0.000000 0.083872 0.394361 0.394361 0.394361
2109.523682 0.000000 1821.085449 0.000000 0.974409 0.000000 -0.224784 0.417320 0.417320 0.417320
2074.288574 0.000000 1827.332764 0.000000 0.973883 0.000000 0.227049 0.382902 0.382902 0.382902
2067.123779 0.000000 1830.189331 0.000000 0.991789 0.000000 -0.127888 0.409797 0.409797 0.409797
2109.121826 0.000000 1823.724976 0.000000 0.979621 0.000000 -0.200856 0.415449 0.415449 0.415449
2090.500732 0.000000 1822.285522 0.000000 0.998382 0.000000 -0.056869 0.404347 0.404347 0.404347
2102.872070 0.000000 1827.885376 0.000000 0.994368 0.000000 -0.105978 0.408111 0.408111 0.408111
2083.134277 0.000000 1824.801636 0.000000 0.966505 0.000000 -0.256647 0.419828 0.419828 0.419828
2106.884277 0.000000 1822.783569 0.000000 0.998771 0.000000 0.049571 0.396212 0.396212 0.396212
2069.588379 0.000000 1826.044678 0.000000 0.990962 0.000000 0.134141 0.389721 0.389721 0.389721
2146.139648 0.000000 1809.226318 0.000000 0.994305 0.000000 0.106570 0.372755 0.372755 0.372755
2136.358154 0.000000 1816.010986 0.000000 0.999124 0.000000 0.041849 0.356501 0.356501 0.356501
2122.448242 0.000000 1811.104980 0.000000 0.999984 0.000000 0.005700 0.399617 0.399617 0.399617
2138.002197 0.000000 1821.535400 0.000000 0.976449 0.000000 0.215750 0.364514 0.364514 0.364514
2145.762939 0.000000 1818.868530 0.000000 0.964642 0.000000 -0.263564 0.419576 0.419576 0.419576
2146.304199 0.000000 1823.599854 0.000000 0.993092 0.000000 0.117336 0.391720 0.391720 0.391720
2165.305176 0.000000 1821.150879 0.000000 0.987908 0.000000 -0.155040 0.394497 0.394497 0.394497
2144.125000 0.000000 1816.642090 0.000000 0.966798 0.000000 -0.255544 0.419741 0.419741 0.419741
2122.685303 0.000000 1809.463257 0.000000 0.961192 0.000000 0.275880 0.382206 0.382206 0.382206
2160.528809 0.000000 1828.380981 0.000000 0.990352 0.000000 -0.138572 0.410169 0.410169 0.410169
2122.945312 0.000000 1807.646118 0.000000 0.984590 0.000000 0.174877 0.387756 0.387756 0.387756
2169.763428 0.000000 1828.515625 0.000000 0.993479 0.000000 -0.114018 0.408729 0.408729 0.408729
2114.702148 0.000000 1812.662720 0.000000 0.998074 0.000000 -0.062029 0.404742 0.404742 0.404742
2112.943115 0.000000 1810.649414 0.000000 0.980679 0.000000 -0.195626 0.415042 0.415042 0.415042
2123.124756 0.000000 1826.756470 0.000000 0.990113 0.000000 0.140275 0.389881 0.389881 0.389881
2165.702881 0.000000 1825.336914 0.000000 0.992971 0.000000 0.118361 0.391085 0.391085 0.391085
2126.473389 0.000000 1811.024048 0.000000 0.996053 0.000000 -0.088756 0.406789 0.406789 0.406789
2142.441895 0.000000 1819.464111 0.000000 0.995722 0.000000 0.092405 0.392931 0.392931 0.392931
2135.267578 0.000000 1821.702026 0.000000 0.994001 0.000000 0.109371 0.391628 0.391628 0.391628
2168.781006 0.000000 1821.447876 0.000000 0.987859 0.000000 -0.155352 0.411916 0.411916 0.411916
2143.390869 0.000000 1811.442139 0.000000 0.985067 0.000000 -0.172169 0.413219 0.413219 0.413219
2180.637939 0.000000 1826.072754 0.000000 0.954150 0.000000 -0.299328 0.423223 0.423223 0.423223
2181.380859 0.000000 1807.658081 0.000000 0.959044 0.000000 0.283256 0.378562 0.378562 0.378562
2180.728516 0.000000 1827.746338 0.000000 0.999026 0.000000 -0.044135 0.403373 0.403373 0.403373
4897.456543 0.000000 1087.128052 0.000000 0.970423 0.000000 -0.241411 0.399628 0.399628 0.399628
4876.424805 0.000000 1091.622925 0.000000 0.964107 0.000000 -0.265514 0.353372 0.353372 0.353372
4888.281738 0.000000 1095.218262 0.000000 0.998837 0.000000 -0.048221 0.403685 0.403685 0.403685
4914.636719 0.000000 1083.657471 0.000000 0.985422 0.000000 -0.170130 0.412634 0.412634 0.412634
4921.789062 0.000000 1092.564941 0.000000 0.957703 0.000000 -0.287759 0.422298 0.422298 0.422298
4878.853027 0.000000 1090.104858 0.000000 0.988705 0.000000 -0.149874 0.402472 0.402472 0.402472
4925.495117 0.000000 1092.363403 0.000000 0.989718 0.000000 0.143033 0.390433 0.390433 0.390433
4923.166992 0.000000 1096.895874 0.000000 0.995050 0.000000 0.099377 0.392396 0.392396 0.392396
4922.127441 0.000000 1097.795532 0.000000 0.973433 0.000000 0.228971 0.382351 0.382351 0.382351
5116.365723 0.000000 1075.930786 0.000000 0.994911 0.000000 -0.100755 0.346107 0.346107 0.346107
5170.714844 0.000000 954.222900 0.000000 0.956827 0.000000 0.290658 0.371262 0.371262 0.371262
5148.116211 0.000000 1072.134399 0.000000 0.999677 0.000000 -0.025398 0.401839 0.401839 0.401839
5152.929688 0.000000 1073.196289 0.000000 0.985536 0.000000 -0.169467 0.378708 0.378708 0.378708
5148.442383 0.000000 1073.220581 0.000000 0.998962 0.000000 -0.045541 0.403298 0.403298 0.403298
7894.645996 0.000000 1499.259521 0.000000 0.998136 0.000000 0.061037 0.395441 0.395441 0.395441
6887.437012 0.000000 1834.881958 0.000000 0.961264 0.000000 -0.275629 0.421333 0.421333 0.421333
6891.705078 0.000000 1834.887695 0.000000 0.964590 0.000000 -0.263753 0.404664 0.404664 0.404664
7131.116211 0.000000 2334.334717 0.000000 0.962993 0.000000 0.269526 0.357416 0.357416 0.357416
7143.590820 0.000000 2319.474609 0.000000 0.951099 0.000000 0.308886 0.376011 0.376011 0.376011
7142.985352 0.000000 2347.723877 0.000000 0.970484 0.000000 -0.241165 0.418607 0.418607 0.418607
7151.221680 0.000000 2349.157959 0.000000 0.971932 0.000000 0.235264 0.346958 0.346958 0.346958
7135.070801 0.000000 2336.516602 0.000000 0.967994 0.000000 -0.250973 0.419317 0.419317 0.419317
6968.956055 0.000000 2510.728271 0.000000 0.999954 0.000000 -0.009541 0.400693 0.400693 0.400693
6994.017090 0.000000 2509.097168 0.000000 0.990765 0.000000 0.135590 0.390279 0.390279 0.390279
7011.914551 0.000000 2514.071533 0.000000 0.984677 0.000000 -0.174387 0.413391 0.413391 0.413391
7041.729980 0.000000 2517.904785 0.000000 0.999291 0.000000 0.037649 0.397537 0.397537 0.397537
7224.579102 0.000000 2365.021729 0.000000 0.991678 0.000000 0.128743 0.361885 0.361885 0.361885
7199.085938 0.000000 2323.488281 0.000000 0.995184 0.000000 0.098027 0.388356 0.388356 0.388356
7206.737793 0.000000 2354.337158 0.000000 0.993470 0.000000 0.114093 0.392692 0.392692 0.392692
7216.015137 0.000000 2343.640869 0.000000 0.999706 0.000000 0.024266 0.398146 0.398146 0.398146
7228.341309 0.000000 2369.027100 0.000000 0.994506 0.000000 0.104681 0.393219 0.393219 0.393219
7231.545410 0.000000 2347.818359 0.000000 0.995510 0.000000 0.094660 0.392758 0.392758 0.392758
7188.387207 0.000000 2342.656494 0.000000 0.966375 0.000000 -0.257137 0.416686 0.416686 0.416686
7175.852051 0.000000 2353.036865 0.000000 0.973514 0.000000 0.228628 0.382378 0.382378 0.382378
7189.939941 0.000000 2341.192871 0.000000 0.998493 0.000000 -0.054873 0.398920 0.398920 0.398920
7223.657227 0.000000 2356.233154 0.000000 0.985791 0.000000 -0.167975 0.410913 0.410913 0.410913
7217.818848 0.000000 2342.607178 0.000000 0.995833 0.000000 -0.091191 0.406976 0.406976 0.406976
7202.456055 0.000000 2360.812256 0.000000 0.997200 0.000000 0.074778 0.394282 0.394282 0.394282
7209.461914 0.000000 2371.458984 0.000000 0.997922 0.000000 -0.064437 0.398366 0.398366 0.398366
7198.899414 0.000000 2368.721191 0.000000 0.998990 0.000000 0.044939 0.396566 0.396566 0.396566
7221.498535 0.000000 2353.335693 0.000000 0.980126 0.000000 -0.198376 0.403075 0.403075 0.403075
7180.623047 0.000000 2339.490967 0.000000 0.972768 0.000000 0.231781 0.378981 0.378981 0.378981
7193.412598 0.000000 2355.970947 0.000000 0.998474 0.000000 -0.055221 0.403683 0.403683 0.403683
7181.933594 0.000000 2321.728271 0.000000 0.995230 0.000000 -0.097558 0.407318 0.407318 0.407318
7194.808105 0.000000 2332.865234 0.000000 0.999582 0.000000 -0.028907 0.402050 0.402050 0.402050
7218.837402 0.000000 2357.535645 0.000000 0.980028 0.000000 -0.198858 0.414694 0.414694 0.414694
7187.827148 0.000000 2348.360840 0.000000 0.951283 0.000000 0.308318 0.377152 0.377152 0.377152
7230.371094 0.000000 2347.148926 0.000000 0.982872 0.000000 -0.184290 0.414160 0.414160 0.414160
7206.902344 0.000000 2344.465088 0.000000 0.987455 0.000000 -0.157903 0.412114 0.412114 0.412114
7220.551758 0.000000 2356.987793 0.000000 0.965373 0.000000 0.260873 0.379837 0.379837 0.379837
7207.241699 0.000000 2368.758545 0.000000 0.979937 0.000000 0.199305 0.384672 0.384672 0.384672
7241.808105 0.000000 2351.564941 0.000000 0.978495 0.000000 -0.206270 0.366282 0.366282 0.366282
7279.560547 0.000000 2358.623047 0.000000 0.992913 0.000000 -0.118841 0.409100 0.409100 0.409100
7278.583984 0.000000 2364.639893 0.000000 0.962102 0.000000 0.272689 0.375392 0.375392 0.375392
7244.623047 0.000000 2339.490967 0.000000 0.952776 0.000000 -0.303673 0.422262 0.422262 0.422262
7244.962891 0.000000 2345.979980 0.000000 0.979009 0.000000 0.203819 0.385549 0.385549 0.385549
7236.866211 0.000000 2339.817871 0.000000 0.991088 0.000000 -0.133208 0.410140 0.410140 0.410140
7279.430664 0.000000 2359.994385 0.000000 0.988057 0.000000 0.154088 0.388182 0.388182 0.388182
7271.334473 0.000000 2355.617676 0.000000 0.996159 0.000000 0.087563 0.393302 0.393302 0.393302
7214.835449 0.000000 2376.394287 0.000000 0.981143 0.000000 0.193284 0.385238 0.385238 0.385238
7291.325195 0.000000 2384.458984 0.000000 0.986277 0.000000 0.165102 0.387329 0.387329 0.387329
7292.241699 0.000000 2383.086182 0.000000 0.968838 0.000000 -0.247696 0.419122 0.419122 0.419122
"}
object={
	name="rainforest_generator_1_3"
	clamp_to_water_level=no
	render_under_water=no
	generated_content=yes
	layer="semidynamic"
	pdxmesh="tree_rainforest_004_mesh"
	count=150
	transform="1602.930908 0.000000 878.740356 0.000000 0.778022 0.000000 -0.628237 0.451894 0.451894 0.451894
157.260025 0.000000 1220.441162 0.000000 0.701241 0.000000 -0.712925 0.458055 0.458055 0.458055
182.928299 0.000000 1203.056885 0.000000 0.649367 0.000000 -0.760475 0.466008 0.466008 0.466008
144.434082 0.000000 1216.233032 0.000000 0.674653 0.000000 -0.738135 0.463430 0.463430 0.463430
160.249130 0.000000 1214.547607 0.000000 0.600575 0.000000 -0.799569 0.466159 0.466159 0.466159
185.788971 0.000000 1205.533691 0.000000 0.692268 0.000000 -0.721640 0.461587 0.461587 0.461587
189.495087 0.000000 1205.332153 0.000000 0.869987 0.000000 -0.493074 0.439390 0.439390 0.439390
182.224823 0.000000 1201.350586 0.000000 0.756007 0.000000 -0.654564 0.454515 0.454515 0.454515
153.702255 0.000000 1211.614136 0.000000 0.655298 0.000000 -0.755370 0.460066 0.460066 0.460066
157.201736 0.000000 1218.838501 0.000000 0.742188 0.000000 -0.670191 0.453725 0.453725 0.453725
148.957184 0.000000 1214.332886 0.000000 0.895795 0.000000 -0.444467 0.435186 0.435186 0.435186
181.702789 0.000000 1204.008789 0.000000 0.798921 0.000000 -0.601436 0.449297 0.449297 0.449297
145.384628 0.000000 1217.377197 0.000000 0.631200 0.000000 -0.775620 0.467815 0.467815 0.467815
211.958206 0.000000 1192.884399 0.000000 0.792290 0.000000 -0.610145 0.450133 0.450133 0.450133
194.523407 0.000000 1200.586792 0.000000 0.866633 0.000000 -0.498946 0.439907 0.439907 0.439907
197.138153 0.000000 1201.607178 0.000000 0.691570 0.000000 -0.722310 0.461661 0.461661 0.461661
646.498657 0.000000 1127.746216 0.000000 0.728663 0.000000 -0.684873 0.457634 0.457634 0.457634
902.798706 0.000000 1313.407593 0.000000 0.814445 0.000000 -0.580240 0.391450 0.391450 0.391450
2407.131348 0.000000 260.916626 0.000000 0.692177 0.000000 -0.721728 0.406441 0.406441 0.406441
2411.248291 0.000000 258.763519 0.000000 0.858682 0.000000 -0.512509 0.441108 0.441108 0.441108
2170.107422 0.000000 1806.216064 0.000000 0.603365 0.000000 -0.797465 0.470518 0.470518 0.470518
2172.341309 0.000000 1804.183472 0.000000 0.868069 0.000000 -0.496444 0.433202 0.433202 0.433202
2149.593018 0.000000 1793.226318 0.000000 0.775376 0.000000 -0.631499 0.444024 0.444024 0.444024
2143.716309 0.000000 1791.466187 0.000000 0.933940 0.000000 -0.357430 0.400368 0.400368 0.400368
2145.958740 0.000000 1791.244629 0.000000 0.603945 0.000000 -0.797026 0.449651 0.449651 0.449651
2120.569824 0.000000 1806.952637 0.000000 0.898474 0.000000 -0.439026 0.434722 0.434722 0.434722
2130.458984 0.000000 1802.452759 0.000000 0.941159 0.000000 -0.337964 0.426337 0.426337 0.426337
2126.955566 0.000000 1803.307861 0.000000 0.881799 0.000000 -0.471626 0.437520 0.437520 0.437520
2180.256348 0.000000 1806.531372 0.000000 0.807422 0.000000 -0.589975 0.447104 0.447104 0.447104
2180.837402 0.000000 1799.255371 0.000000 0.763253 0.000000 -0.646100 0.453664 0.453664 0.453664
2181.392090 0.000000 1800.755493 0.000000 0.931764 0.000000 -0.363063 0.428385 0.428385 0.428385
2183.945557 0.000000 1803.421631 0.000000 0.886257 0.000000 -0.463194 0.436791 0.436791 0.436791
2337.456543 0.000000 1651.971802 0.000000 0.778579 0.000000 -0.627547 0.379296 0.379296 0.379296
2349.137695 0.000000 1653.106934 0.000000 0.926378 0.000000 -0.376594 0.411751 0.411751 0.411751
2355.232666 0.000000 1657.400757 0.000000 0.877102 0.000000 -0.480305 0.433146 0.433146 0.433146
2357.702881 0.000000 1655.883789 0.000000 0.898560 0.000000 -0.438850 0.434707 0.434707 0.434707
2346.374268 0.000000 1650.691650 0.000000 0.854359 0.000000 -0.519683 0.441748 0.441748 0.441748
2387.108398 0.000000 1648.024048 0.000000 0.878524 0.000000 -0.477698 0.438047 0.438047 0.438047
2456.763672 0.000000 1781.746826 0.000000 0.916812 0.000000 -0.399320 0.355726 0.355726 0.355726
2452.724609 0.000000 1780.716064 0.000000 0.886526 0.000000 -0.462679 0.436747 0.436747 0.436747
2452.957275 0.000000 1779.176636 0.000000 0.628463 0.000000 -0.777840 0.468084 0.468084 0.468084
554.151428 0.000000 1962.980347 0.000000 0.877664 0.000000 -0.479276 0.438184 0.438184 0.438184
555.522278 0.000000 1962.572510 0.000000 0.793876 0.000000 -0.608080 0.449934 0.449934 0.449934
531.875549 0.000000 1992.401978 0.000000 0.814143 0.000000 -0.580664 0.398263 0.398263 0.398263
521.291260 0.000000 1993.746460 0.000000 0.668822 0.000000 -0.743423 0.455871 0.455871 0.455871
1821.587891 0.000000 2109.589600 0.000000 0.630889 0.000000 -0.775873 0.416476 0.416476 0.416476
1827.248779 0.000000 2104.283203 0.000000 0.736456 0.000000 -0.676485 0.456759 0.456759 0.456759
2058.423096 0.000000 1831.247559 0.000000 0.592193 0.000000 -0.805796 0.464799 0.464799 0.464799
2109.258057 0.000000 1819.514282 0.000000 0.824725 0.000000 -0.565534 0.417695 0.417695 0.417695
2077.193848 0.000000 1833.711182 0.000000 0.853562 0.000000 -0.520991 0.415993 0.415993 0.415993
2107.596436 0.000000 1824.026367 0.000000 0.922278 0.000000 -0.386528 0.430318 0.430318 0.430318
2068.672607 0.000000 1827.057373 0.000000 0.779479 0.000000 -0.626429 0.451716 0.451716 0.451716
2105.361084 0.000000 1820.289307 0.000000 0.930620 0.000000 -0.365988 0.424228 0.424228 0.424228
2065.646729 0.000000 1826.824829 0.000000 0.865890 0.000000 -0.500234 0.434135 0.434135 0.434135
2084.762207 0.000000 1829.005127 0.000000 0.702468 0.000000 -0.711716 0.460500 0.460500 0.460500
2093.137695 0.000000 1822.560059 0.000000 0.817603 0.000000 -0.575783 0.446873 0.446873 0.446873
2078.555908 0.000000 1829.837524 0.000000 0.681509 0.000000 -0.731810 0.454724 0.454724 0.454724
2106.963135 0.000000 1825.638672 0.000000 0.938851 0.000000 -0.344322 0.426854 0.426854 0.426854
2067.159424 0.000000 1827.719604 0.000000 0.885450 0.000000 -0.464735 0.436924 0.436924 0.436924
2071.097900 0.000000 1826.514404 0.000000 0.881488 0.000000 -0.472206 0.437570 0.437570 0.437570
2078.637207 0.000000 1825.668945 0.000000 0.787586 0.000000 -0.616204 0.444421 0.444421 0.444421
2108.607178 0.000000 1825.355103 0.000000 0.668673 0.000000 -0.743557 0.464047 0.464047 0.464047
2069.358154 0.000000 1831.392700 0.000000 0.711841 0.000000 -0.702341 0.459487 0.459487 0.459487
2099.522461 0.000000 1824.186401 0.000000 0.948554 0.000000 -0.316616 0.424611 0.424611 0.424611
2072.009033 0.000000 1827.910034 0.000000 0.787032 0.000000 -0.616912 0.450788 0.450788 0.450788
2108.279541 0.000000 1820.477783 0.000000 0.727614 0.000000 -0.685987 0.457751 0.457751 0.457751
2160.446289 0.000000 1818.330811 0.000000 0.591762 0.000000 -0.806113 0.425034 0.425034 0.425034
2145.860352 0.000000 1816.241211 0.000000 0.854495 0.000000 -0.519459 0.441728 0.441728 0.441728
2124.406494 0.000000 1808.448364 0.000000 0.936938 0.000000 -0.349497 0.427275 0.427275 0.427275
2118.297607 0.000000 1808.848145 0.000000 0.754005 0.000000 -0.656869 0.450276 0.450276 0.450276
2154.549316 0.000000 1818.611328 0.000000 0.615344 0.000000 -0.788259 0.462110 0.462110 0.462110
2151.590820 0.000000 1811.115112 0.000000 0.898294 0.000000 -0.439395 0.426332 0.426332 0.426332
2148.534668 0.000000 1824.678101 0.000000 0.647101 0.000000 -0.762404 0.457794 0.457794 0.457794
2141.269775 0.000000 1809.659424 0.000000 0.927677 0.000000 -0.373384 0.397510 0.397510 0.397510
2143.885010 0.000000 1826.690063 0.000000 0.856917 0.000000 -0.515455 0.407583 0.407583 0.407583
2140.442627 0.000000 1807.517456 0.000000 0.856023 0.000000 -0.516938 0.403669 0.403669 0.403669
2141.291748 0.000000 1818.791016 0.000000 0.736862 0.000000 -0.676043 0.456714 0.456714 0.456714
2135.989502 0.000000 1820.529785 0.000000 0.932200 0.000000 -0.361943 0.428293 0.428293 0.428293
2123.631592 0.000000 1824.016357 0.000000 0.736859 0.000000 -0.676047 0.414458 0.414458 0.414458
2164.288330 0.000000 1828.330078 0.000000 0.763330 0.000000 -0.646009 0.453655 0.453655 0.453655
2147.804932 0.000000 1826.414307 0.000000 0.863199 0.000000 -0.504864 0.440430 0.440430 0.440430
2142.270752 0.000000 1816.776733 0.000000 0.947699 0.000000 -0.319166 0.424817 0.424817 0.424817
2149.573975 0.000000 1819.004272 0.000000 0.668980 0.000000 -0.743280 0.464015 0.464015 0.464015
2142.555908 0.000000 1829.837524 0.000000 0.856029 0.000000 -0.516928 0.439061 0.439061 0.439061
2144.356445 0.000000 1819.866821 0.000000 0.647753 0.000000 -0.761850 0.463575 0.463575 0.463575
2146.940674 0.000000 1817.586426 0.000000 0.687579 0.000000 -0.726110 0.462082 0.462082 0.462082
2125.914307 0.000000 1825.743042 0.000000 0.621501 0.000000 -0.783413 0.468766 0.468766 0.468766
2147.868164 0.000000 1823.340820 0.000000 0.790320 0.000000 -0.612694 0.446428 0.446428 0.446428
2141.555176 0.000000 1815.473267 0.000000 0.942883 0.000000 -0.333124 0.424588 0.424588 0.424588
2145.012207 0.000000 1817.713257 0.000000 0.611104 0.000000 -0.791551 0.469774 0.469774 0.469774
2121.044434 0.000000 1810.701416 0.000000 0.779393 0.000000 -0.626536 0.451727 0.451727 0.451727
2145.218262 0.000000 1810.319336 0.000000 0.856772 0.000000 -0.515696 0.441392 0.441392 0.441392
2152.875000 0.000000 1808.373657 0.000000 0.858088 0.000000 -0.513502 0.441197 0.441197 0.441197
2178.200195 0.000000 1824.119263 0.000000 0.650114 0.000000 -0.759836 0.465933 0.465933 0.465933
2179.585205 0.000000 1827.093262 0.000000 0.733112 0.000000 -0.680108 0.457136 0.457136 0.457136
4880.310547 0.000000 1097.997681 0.000000 0.898041 0.000000 -0.439912 0.392417 0.392417 0.392417
4883.875488 0.000000 1088.651978 0.000000 0.745946 0.000000 -0.666006 0.429284 0.429284 0.429284
4888.755859 0.000000 1092.552368 0.000000 0.846536 0.000000 -0.532332 0.385929 0.385929 0.385929
4883.123535 0.000000 1095.892456 0.000000 0.599805 0.000000 -0.800146 0.461133 0.461133 0.461133
4887.490234 0.000000 1098.650513 0.000000 0.855335 0.000000 -0.518075 0.441604 0.441604 0.441604
5117.041992 0.000000 1072.376831 0.000000 0.934447 0.000000 -0.356101 0.333847 0.333847 0.333847
4427.443359 0.000000 1385.612061 0.000000 0.905132 0.000000 -0.425131 0.376111 0.376111 0.376111
4739.196289 0.000000 1683.797363 0.000000 0.785267 0.000000 -0.619157 0.451006 0.451006 0.451006
4736.036621 0.000000 1683.074219 0.000000 0.816083 0.000000 -0.577935 0.444920 0.444920 0.444920
5144.196777 0.000000 1079.471191 0.000000 0.714575 0.000000 -0.699559 0.430539 0.430539 0.430539
5141.480469 0.000000 1076.961182 0.000000 0.903671 0.000000 -0.428227 0.433365 0.433365 0.433365
5150.747070 0.000000 1074.791138 0.000000 0.637358 0.000000 -0.770568 0.460837 0.460837 0.460837
7640.543945 0.000000 1365.802490 0.000000 0.630180 0.000000 -0.776449 0.467915 0.467915 0.467915
7637.351074 0.000000 1362.054077 0.000000 0.867139 0.000000 -0.498066 0.439829 0.439829 0.439829
7158.755859 0.000000 2341.954834 0.000000 0.720387 0.000000 -0.693572 0.400165 0.400165 0.400165
7151.681152 0.000000 2318.761230 0.000000 0.695097 0.000000 -0.718916 0.442310 0.442310 0.442310
7140.534668 0.000000 2333.037354 0.000000 0.812985 0.000000 -0.582285 0.441275 0.441275 0.441275
7151.774902 0.000000 2335.047852 0.000000 0.759868 0.000000 -0.650077 0.419593 0.419593 0.419593
7124.737793 0.000000 2315.862305 0.000000 0.612723 0.000000 -0.790298 0.461655 0.461655 0.461655
7133.062500 0.000000 2333.535645 0.000000 0.876688 0.000000 -0.481059 0.409352 0.409352 0.409352
7128.050781 0.000000 2333.572266 0.000000 0.927006 0.000000 -0.375047 0.419339 0.419339 0.419339
7130.808105 0.000000 2332.865234 0.000000 0.919309 0.000000 -0.393536 0.427769 0.427769 0.427769
6987.910645 0.000000 2512.995361 0.000000 0.686730 0.000000 -0.726913 0.421216 0.421216 0.421216
7021.660156 0.000000 2517.262695 0.000000 0.671616 0.000000 -0.740899 0.419445 0.419445 0.419445
7045.963867 0.000000 2506.011475 0.000000 0.810427 0.000000 -0.585840 0.393150 0.393150 0.393150
7040.129395 0.000000 2517.357178 0.000000 0.863187 0.000000 -0.504885 0.434618 0.434618 0.434618
7047.009277 0.000000 2506.952393 0.000000 0.591937 0.000000 -0.805985 0.469735 0.469735 0.469735
7185.812988 0.000000 2315.239990 0.000000 0.616058 0.000000 -0.787701 0.469068 0.469068 0.469068
7204.675781 0.000000 2348.701416 0.000000 0.838919 0.000000 -0.544256 0.361362 0.361362 0.361362
7217.605957 0.000000 2368.713135 0.000000 0.646715 0.000000 -0.762732 0.449271 0.449271 0.449271
7207.443848 0.000000 2327.148682 0.000000 0.771034 0.000000 -0.636794 0.449808 0.449808 0.449808
7221.610352 0.000000 2351.352295 0.000000 0.694788 0.000000 -0.719214 0.426374 0.426374 0.426374
7170.786133 0.000000 2350.760010 0.000000 0.740623 0.000000 -0.671921 0.388905 0.388905 0.388905
7218.714844 0.000000 2366.332275 0.000000 0.693890 0.000000 -0.720081 0.396340 0.396340 0.396340
7206.302734 0.000000 2328.926025 0.000000 0.588296 0.000000 -0.808646 0.471952 0.471952 0.471952
7191.989746 0.000000 2328.889160 0.000000 0.876493 0.000000 -0.481415 0.430640 0.430640 0.430640
7205.382812 0.000000 2343.441406 0.000000 0.791620 0.000000 -0.611014 0.447263 0.447263 0.447263
7229.048828 0.000000 2355.124756 0.000000 0.900034 0.000000 -0.435820 0.427395 0.427395 0.427395
7204.845703 0.000000 2361.839355 0.000000 0.894997 0.000000 -0.446072 0.435323 0.435323 0.435323
7211.631348 0.000000 2359.409180 0.000000 0.622827 0.000000 -0.782360 0.468412 0.468412 0.468412
7208.804199 0.000000 2349.983643 0.000000 0.716775 0.000000 -0.697304 0.452591 0.452591 0.452591
7187.362793 0.000000 2324.170898 0.000000 0.902873 0.000000 -0.429907 0.430510 0.430510 0.430510
7202.940430 0.000000 2325.945801 0.000000 0.849414 0.000000 -0.527728 0.442469 0.442469 0.442469
7228.396973 0.000000 2342.147461 0.000000 0.658605 0.000000 -0.752489 0.458908 0.458908 0.458908
7207.927246 0.000000 2329.033447 0.000000 0.679564 0.000000 -0.733616 0.462921 0.462921 0.462921
7180.962891 0.000000 2345.979980 0.000000 0.909182 0.000000 -0.416400 0.432810 0.432810 0.432810
7172.648926 0.000000 2337.969482 0.000000 0.706442 0.000000 -0.707771 0.456342 0.456342 0.456342
7180.303711 0.000000 2344.813721 0.000000 0.819368 0.000000 -0.573268 0.446638 0.446638 0.446638
7270.737793 0.000000 2354.337158 0.000000 0.941932 0.000000 -0.335804 0.426162 0.426162 0.426162
7246.569336 0.000000 2349.628174 0.000000 0.856186 0.000000 -0.516667 0.430510 0.430510 0.430510
7237.178223 0.000000 2341.229492 0.000000 0.655019 0.000000 -0.755613 0.410460 0.410460 0.410460
7248.687988 0.000000 2351.044434 0.000000 0.846153 0.000000 -0.532939 0.379314 0.379314 0.379314
7250.931641 0.000000 2347.185547 0.000000 0.900665 0.000000 -0.434515 0.432993 0.432993 0.432993
7278.145508 0.000000 2359.682373 0.000000 0.918077 0.000000 -0.396402 0.431138 0.431138 0.431138
7226.875000 0.000000 2372.498291 0.000000 0.859544 0.000000 -0.511063 0.350587 0.350587 0.350587
"}
object={
	name="rainforest_generator_1_4"
	clamp_to_water_level=no
	render_under_water=no
	generated_content=yes
	layer="semidynamic"
	pdxmesh="tree_rainforest_005_mesh"
	count=150
	transform="1600.010498 0.000000 875.951904 0.000000 0.216812 0.000000 -0.976213 0.503304 0.503304 0.503304
1613.989746 0.000000 874.180115 0.000000 0.125504 0.000000 -0.992093 0.498122 0.498122 0.498122
1600.129395 0.000000 879.310242 0.000000 0.522726 0.000000 -0.852501 0.468551 0.468551 0.468551
1606.455566 0.000000 875.170837 0.000000 0.315691 0.000000 -0.948862 0.495463 0.495463 0.495463
1601.273926 0.000000 874.785400 0.000000 0.275529 0.000000 -0.961293 0.498675 0.498675 0.498675
1600.049316 0.000000 877.963928 0.000000 0.504408 0.000000 -0.863465 0.479611 0.479611 0.479611
1601.285400 0.000000 876.377625 0.000000 0.514068 0.000000 -0.857749 0.478753 0.478753 0.478753
158.089844 0.000000 1215.107178 0.000000 0.533292 0.000000 -0.845931 0.433433 0.433433 0.433433
153.637558 0.000000 1222.869263 0.000000 0.499323 0.000000 -0.866416 0.474565 0.474565 0.474565
155.789291 0.000000 1221.351562 0.000000 0.205372 0.000000 -0.978684 0.504198 0.504198 0.504198
186.963013 0.000000 1204.310547 0.000000 0.007125 0.000000 -0.999975 0.519456 0.519456 0.519456
158.604736 0.000000 1219.452026 0.000000 0.166044 0.000000 -0.986118 0.493236 0.493236 0.493236
148.461090 0.000000 1217.396484 0.000000 0.581811 0.000000 -0.813324 0.472563 0.472563 0.472563
142.923050 0.000000 1216.392578 0.000000 0.113062 0.000000 -0.993588 0.511344 0.511344 0.511344
140.118500 0.000000 1217.504639 0.000000 0.165704 0.000000 -0.986176 0.507282 0.507282 0.507282
192.974350 0.000000 1198.879639 0.000000 0.239974 0.000000 -0.970779 0.485236 0.485236 0.485236
196.679581 0.000000 1200.408203 0.000000 0.104484 0.000000 -0.994527 0.512003 0.512003 0.512003
194.200302 0.000000 1202.791138 0.000000 0.483765 0.000000 -0.875198 0.471579 0.471579 0.471579
209.197525 0.000000 1192.964966 0.000000 0.042032 0.000000 -0.999116 0.511063 0.511063 0.511063
237.450058 0.000000 1188.691284 0.000000 0.521518 0.000000 -0.853240 0.478088 0.478088 0.478088
197.125320 0.000000 1198.902954 0.000000 0.453900 0.000000 -0.891052 0.474948 0.474948 0.474948
192.951294 0.000000 1200.407104 0.000000 0.133616 0.000000 -0.991033 0.509762 0.509762 0.509762
213.351242 0.000000 1192.600952 0.000000 0.295722 0.000000 -0.955274 0.497066 0.497066 0.497066
194.422333 0.000000 1199.238159 0.000000 0.156718 0.000000 -0.987643 0.507978 0.507978 0.507978
690.278564 0.000000 1103.911987 0.000000 0.409119 0.000000 -0.912481 0.423957 0.423957 0.423957
691.339783 0.000000 1108.492432 0.000000 0.065799 0.000000 -0.997833 0.501068 0.501068 0.501068
645.476685 0.000000 1124.481323 0.000000 0.418925 0.000000 -0.908021 0.475892 0.475892 0.475892
904.000793 0.000000 1303.201904 0.000000 0.515955 0.000000 -0.856615 0.478585 0.478585 0.478585
2408.804443 0.000000 260.061798 0.000000 0.531198 0.000000 -0.847248 0.469143 0.469143 0.469143
2402.905762 0.000000 261.318481 0.000000 0.397231 0.000000 -0.917719 0.488793 0.488793 0.488793
2410.089600 0.000000 259.550781 0.000000 0.011496 0.000000 -0.999934 0.519122 0.519122 0.519122
2403.771973 0.000000 260.094330 0.000000 0.444663 0.000000 -0.895698 0.484798 0.484798 0.484798
2111.022949 0.000000 1805.181152 0.000000 0.180780 0.000000 -0.983523 0.499524 0.499524 0.499524
2171.742432 0.000000 1788.692627 0.000000 0.182648 0.000000 -0.983178 0.426213 0.426213 0.426213
2133.436035 0.000000 1802.313599 0.000000 0.001637 0.000000 -0.999999 0.519875 0.519875 0.519875
2118.827393 0.000000 1807.014526 0.000000 0.098220 0.000000 -0.995165 0.512484 0.512484 0.512484
2150.151855 0.000000 1791.339478 0.000000 0.532204 0.000000 -0.846616 0.477127 0.477127 0.477127
2171.123047 0.000000 1790.441895 0.000000 0.543232 0.000000 -0.839583 0.473889 0.473889 0.473889
2168.590820 0.000000 1804.926270 0.000000 0.522102 0.000000 -0.852883 0.468600 0.468600 0.468600
2125.842285 0.000000 1802.493408 0.000000 0.460879 0.000000 -0.887463 0.483408 0.483408 0.483408
2122.837402 0.000000 1802.623779 0.000000 0.574730 0.000000 -0.818343 0.473226 0.473226 0.473226
2170.732422 0.000000 1804.688599 0.000000 0.182184 0.000000 -0.983265 0.496651 0.496651 0.496651
2132.687500 0.000000 1803.718750 0.000000 0.210895 0.000000 -0.977509 0.503767 0.503767 0.503767
2168.531494 0.000000 1806.476562 0.000000 0.436578 0.000000 -0.899666 0.484927 0.484927 0.484927
2174.566406 0.000000 1806.644287 0.000000 0.216326 0.000000 -0.976321 0.501654 0.501654 0.501654
2168.804932 0.000000 1790.529785 0.000000 0.165251 0.000000 -0.986252 0.498550 0.498550 0.498550
2151.334717 0.000000 1790.773926 0.000000 0.008017 0.000000 -0.999968 0.519388 0.519388 0.519388
2183.299561 0.000000 1791.753784 0.000000 0.152400 0.000000 -0.988319 0.508312 0.508312 0.508312
2181.476562 0.000000 1802.293823 0.000000 0.173291 0.000000 -0.984871 0.506694 0.506694 0.506694
2178.838379 0.000000 1802.313965 0.000000 0.059619 0.000000 -0.998221 0.515443 0.515443 0.515443
2346.549316 0.000000 1649.158203 0.000000 0.135319 0.000000 -0.990802 0.440223 0.440223 0.440223
2358.928223 0.000000 1654.931885 0.000000 0.529779 0.000000 -0.848136 0.475829 0.475829 0.475829
2356.127686 0.000000 1655.929321 0.000000 0.440629 0.000000 -0.897689 0.485141 0.485141 0.485141
2344.686523 0.000000 1656.699951 0.000000 0.354450 0.000000 -0.935075 0.470397 0.470397 0.470397
2338.393799 0.000000 1650.739868 0.000000 0.397756 0.000000 -0.917491 0.488749 0.488749 0.488749
2388.110352 0.000000 1651.684692 0.000000 0.107174 0.000000 -0.994240 0.477526 0.477526 0.477526
548.675659 0.000000 1953.310791 0.000000 0.571083 0.000000 -0.820892 0.462266 0.462266 0.462266
547.373230 0.000000 1947.412109 0.000000 0.447980 0.000000 -0.894044 0.454567 0.454567 0.454567
556.260864 0.000000 1961.402100 0.000000 0.414878 0.000000 -0.909877 0.477331 0.477331 0.477331
535.342529 0.000000 1992.463867 0.000000 0.106764 0.000000 -0.994284 0.460368 0.460368 0.460368
546.589355 0.000000 1977.151245 0.000000 0.358889 0.000000 -0.933380 0.491957 0.491957 0.491957
535.267517 0.000000 1991.155151 0.000000 0.541402 0.000000 -0.840764 0.476295 0.476295 0.476295
1823.885010 0.000000 2109.112061 0.000000 0.502783 0.000000 -0.864413 0.452416 0.452416 0.452416
1812.672607 0.000000 2109.479248 0.000000 0.409246 0.000000 -0.912424 0.487790 0.487790 0.487790
1815.097900 0.000000 2108.936279 0.000000 0.293830 0.000000 -0.955858 0.497217 0.497217 0.497217
2063.712891 0.000000 1826.114136 0.000000 0.079157 0.000000 -0.996862 0.398093 0.398093 0.398093
2102.928223 0.000000 1824.385010 0.000000 0.054621 0.000000 -0.998507 0.515825 0.515825 0.515825
2110.188965 0.000000 1822.574585 0.000000 0.496969 0.000000 -0.867769 0.474234 0.474234 0.474234
2105.532715 0.000000 1822.474609 0.000000 0.343866 0.000000 -0.939019 0.493183 0.493183 0.493183
2091.536621 0.000000 1821.063110 0.000000 0.560537 0.000000 -0.828129 0.428612 0.428612 0.428612
2064.326904 0.000000 1830.166992 0.000000 0.481330 0.000000 -0.876540 0.481637 0.481637 0.481637
2089.381104 0.000000 1823.447632 0.000000 0.329293 0.000000 -0.944228 0.489740 0.489740 0.489740
2079.429199 0.000000 1831.428101 0.000000 0.283396 0.000000 -0.959003 0.478372 0.478372 0.478372
2076.897705 0.000000 1829.138916 0.000000 0.054803 0.000000 -0.998497 0.500673 0.500673 0.500673
2107.325195 0.000000 1819.615356 0.000000 0.488071 0.000000 -0.872804 0.481048 0.481048 0.481048
2060.622803 0.000000 1831.131592 0.000000 0.416181 0.000000 -0.909282 0.487208 0.487208 0.487208
2079.070801 0.000000 1828.157227 0.000000 0.129245 0.000000 -0.991613 0.496067 0.496067 0.496067
2089.913086 0.000000 1824.894775 0.000000 0.493049 0.000000 -0.870001 0.480612 0.480612 0.480612
2092.925537 0.000000 1824.067383 0.000000 0.089371 0.000000 -0.995998 0.513164 0.513164 0.513164
2106.513428 0.000000 1821.196411 0.000000 0.206680 0.000000 -0.978409 0.504096 0.504096 0.504096
2104.202881 0.000000 1824.456543 0.000000 0.363113 0.000000 -0.931745 0.491611 0.491611 0.491611
2106.285400 0.000000 1823.918701 0.000000 0.196537 0.000000 -0.980496 0.504887 0.504887 0.504887
2114.492188 0.000000 1811.089600 0.000000 0.212744 0.000000 -0.977108 0.499559 0.499559 0.499559
2134.908936 0.000000 1818.499878 0.000000 0.306539 0.000000 -0.951858 0.496199 0.496199 0.496199
2166.928223 0.000000 1824.385010 0.000000 0.334050 0.000000 -0.942555 0.480160 0.480160 0.480160
2120.000732 0.000000 1811.561279 0.000000 0.410624 0.000000 -0.911805 0.487675 0.487675 0.487675
2168.373535 0.000000 1807.638428 0.000000 0.303041 0.000000 -0.952978 0.495849 0.495849 0.495849
2132.737793 0.000000 1807.502930 0.000000 0.180549 0.000000 -0.983566 0.506131 0.506131 0.506131
2164.127686 0.000000 1825.382446 0.000000 0.171385 0.000000 -0.985204 0.505096 0.505096 0.505096
2169.361084 0.000000 1820.289307 0.000000 0.250583 0.000000 -0.968095 0.500651 0.500651 0.500651
2162.636963 0.000000 1817.954346 0.000000 0.127263 0.000000 -0.991869 0.494398 0.494398 0.494398
2133.077881 0.000000 1809.627686 0.000000 0.433097 0.000000 -0.901348 0.485781 0.485781 0.485781
2167.633301 0.000000 1826.217896 0.000000 0.052438 0.000000 -0.998624 0.515992 0.515992 0.515992
2120.096436 0.000000 1809.685059 0.000000 0.224403 0.000000 -0.974496 0.486598 0.486598 0.486598
2144.410645 0.000000 1824.869507 0.000000 0.557994 0.000000 -0.829845 0.470867 0.470867 0.470867
2145.168701 0.000000 1827.792236 0.000000 0.414066 0.000000 -0.910247 0.487386 0.487386 0.487386
2144.706299 0.000000 1811.649292 0.000000 0.149851 0.000000 -0.988709 0.508509 0.508509 0.508509
2163.356445 0.000000 1829.675293 0.000000 0.528449 0.000000 -0.848965 0.477466 0.477466 0.477466
2121.455566 0.000000 1812.267090 0.000000 0.430857 0.000000 -0.902420 0.485971 0.485971 0.485971
2124.990967 0.000000 1824.502197 0.000000 0.516053 0.000000 -0.856556 0.478576 0.478576 0.478576
2163.522461 0.000000 1824.186401 0.000000 0.124821 0.000000 -0.992179 0.509357 0.509357 0.509357
2117.392334 0.000000 1810.227295 0.000000 0.170820 0.000000 -0.985302 0.506886 0.506886 0.506886
2179.661377 0.000000 1828.573608 0.000000 0.151389 0.000000 -0.988474 0.508390 0.508390 0.508390
4917.702637 0.000000 1091.040039 0.000000 0.432038 0.000000 -0.901855 0.485871 0.485871 0.485871
4455.437012 0.000000 1383.006958 0.000000 0.313414 0.000000 -0.949616 0.474744 0.474744 0.474744
5170.616699 0.000000 949.803223 0.000000 0.096298 0.000000 -0.995353 0.412166 0.412166 0.412166
5149.699219 0.000000 1072.322266 0.000000 0.455062 0.000000 -0.890460 0.479521 0.479521 0.479521
5140.698242 0.000000 1078.387207 0.000000 0.439474 0.000000 -0.898255 0.485240 0.485240 0.485240
5216.505859 0.000000 1230.829712 0.000000 0.212067 0.000000 -0.977255 0.446112 0.446112 0.446112
7551.099609 0.000000 1681.008057 0.000000 0.047441 0.000000 -0.998874 0.516374 0.516374 0.516374
4800.010254 0.000000 2175.092529 0.000000 0.541146 0.000000 -0.840929 0.417787 0.417787 0.417787
6889.028320 0.000000 1834.206787 0.000000 0.185304 0.000000 -0.982681 0.505762 0.505762 0.505762
7100.365723 0.000000 2318.587158 0.000000 0.268172 0.000000 -0.963371 0.441371 0.441371 0.441371
7121.653320 0.000000 2324.328857 0.000000 0.331604 0.000000 -0.943419 0.482483 0.482483 0.482483
7159.542480 0.000000 2338.989258 0.000000 0.428714 0.000000 -0.903440 0.438476 0.438476 0.438476
7135.885254 0.000000 2335.049561 0.000000 0.222108 0.000000 -0.975022 0.502890 0.502890 0.502890
7160.713379 0.000000 2345.282471 0.000000 0.101108 0.000000 -0.994875 0.512263 0.512263 0.512263
7166.808594 0.000000 2343.886963 0.000000 0.266982 0.000000 -0.963702 0.485392 0.485392 0.485392
7143.114258 0.000000 2346.314209 0.000000 0.371701 0.000000 -0.928353 0.490906 0.490906 0.490906
6983.324707 0.000000 2511.922607 0.000000 0.554435 0.000000 -0.832227 0.412476 0.412476 0.412476
7011.886719 0.000000 2515.937012 0.000000 0.468205 0.000000 -0.883620 0.482776 0.482776 0.482776
7018.288086 0.000000 2515.994873 0.000000 0.448278 0.000000 -0.893894 0.472064 0.472064 0.472064
7209.927734 0.000000 2360.592529 0.000000 0.122959 0.000000 -0.992412 0.397889 0.397889 0.397889
7213.602051 0.000000 2355.784424 0.000000 0.514014 0.000000 -0.857782 0.446995 0.446995 0.446995
7184.687988 0.000000 2351.044434 0.000000 0.374797 0.000000 -0.927107 0.475543 0.475543 0.475543
7219.339844 0.000000 2351.148682 0.000000 0.038589 0.000000 -0.999255 0.462447 0.462447 0.462447
7230.998535 0.000000 2339.841064 0.000000 0.218925 0.000000 -0.975742 0.495387 0.495387 0.495387
7221.193359 0.000000 2355.194336 0.000000 0.062620 0.000000 -0.998037 0.515213 0.515213 0.515213
7183.814941 0.000000 2336.491455 0.000000 0.362019 0.000000 -0.932171 0.490203 0.490203 0.490203
7211.248535 0.000000 2348.685303 0.000000 0.254164 0.000000 -0.967161 0.492168 0.492168 0.492168
7183.104492 0.000000 2320.711426 0.000000 0.444967 0.000000 -0.895547 0.484772 0.484772 0.484772
7178.271484 0.000000 2344.961182 0.000000 0.214968 0.000000 -0.976621 0.503448 0.503448 0.503448
7230.222168 0.000000 2338.571045 0.000000 0.580829 0.000000 -0.814026 0.467194 0.467194 0.467194
7203.450684 0.000000 2324.520020 0.000000 0.497350 0.000000 -0.867550 0.480234 0.480234 0.480234
7174.769043 0.000000 2351.866699 0.000000 0.200668 0.000000 -0.979659 0.501832 0.501832 0.501832
7216.418945 0.000000 2342.135986 0.000000 0.385722 0.000000 -0.922615 0.489749 0.489749 0.489749
7218.095215 0.000000 2356.196289 0.000000 0.211777 0.000000 -0.977318 0.499631 0.499631 0.499631
7204.342773 0.000000 2358.566650 0.000000 0.572259 0.000000 -0.820073 0.473456 0.473456 0.473456
7202.804199 0.000000 2339.841553 0.000000 0.489538 0.000000 -0.871982 0.479862 0.479862 0.479862
7204.453613 0.000000 2357.285889 0.000000 0.392455 0.000000 -0.919771 0.489190 0.489190 0.489190
7290.988770 0.000000 2349.493408 0.000000 0.272463 0.000000 -0.962166 0.436253 0.436253 0.436253
7248.434082 0.000000 2345.920654 0.000000 0.187293 0.000000 -0.982304 0.493528 0.493528 0.493528
7249.981934 0.000000 2345.771484 0.000000 0.071343 0.000000 -0.997452 0.501444 0.501444 0.501444
7213.457031 0.000000 2376.557373 0.000000 0.286955 0.000000 -0.957944 0.445205 0.445205 0.445205
7218.636719 0.000000 2382.798096 0.000000 0.205423 0.000000 -0.978673 0.490915 0.490915 0.490915
7217.047363 0.000000 2381.168213 0.000000 0.186191 0.000000 -0.982514 0.496367 0.496367 0.496367
7293.258301 0.000000 2384.358154 0.000000 0.553768 0.000000 -0.832671 0.475165 0.475165 0.475165
7278.857422 0.000000 2377.847656 0.000000 0.390542 0.000000 -0.920585 0.467987 0.467987 0.467987
7293.523438 0.000000 2385.929199 0.000000 0.141969 0.000000 -0.989871 0.509118 0.509118 0.509118
7233.194336 0.000000 2381.618164 0.000000 0.086308 0.000000 -0.996269 0.499687 0.499687 0.499687
"}
