object={
	name="revolution_mapobject_generator_industrialists_0"
	clamp_to_water_level=no
	render_under_water=no
	generated_content=yes
	layer="revolution_dynamic_industrialists"
	pdxmesh="revolution_barricade_small_industrialists_mesh"
	count=29
	transform="692.449829 0.000000 1105.963623 0.000000 0.842534 0.000000 0.538643 1.000000 1.000000 1.000000
2409.423340 0.000000 258.359711 0.000000 0.519570 0.000000 0.854428 1.000000 1.000000 1.000000
2177.469238 0.000000 1805.563721 0.000000 0.888543 0.000000 0.458793 1.000000 1.000000 1.000000
2349.790771 0.000000 1651.385010 0.000000 0.251220 0.000000 0.967930 1.000000 1.000000 1.000000
2085.084961 0.000000 1822.297607 0.000000 0.384031 0.000000 0.923320 1.000000 1.000000 1.000000
2062.146729 0.000000 1829.353516 0.000000 0.310924 0.000000 0.950435 1.000000 1.000000 1.000000
4915.915527 0.000000 1085.244385 0.000000 0.557239 0.000000 0.830352 1.000000 1.000000 1.000000
4909.233887 0.000000 1099.100464 0.000000 0.829213 0.000000 0.558933 1.000000 1.000000 1.000000
4878.146973 0.000000 1095.056641 0.000000 0.737357 0.000000 0.675503 1.000000 1.000000 1.000000
4803.716309 0.000000 2187.512451 0.000000 0.676242 0.000000 0.736679 1.000000 1.000000 1.000000
6483.921875 0.000000 2114.247314 0.000000 0.785115 0.000000 0.619350 1.000000 1.000000 1.000000
6471.693359 0.000000 2121.754395 0.000000 0.075923 0.000000 0.997114 1.000000 1.000000 1.000000
6480.020996 0.000000 2134.150146 0.000000 0.269756 0.000000 0.962929 1.000000 1.000000 1.000000
6582.872070 0.000000 2136.256348 0.000000 0.492375 0.000000 0.870383 1.000000 1.000000 1.000000
6527.291016 0.000000 2146.811279 0.000000 0.907871 0.000000 0.419250 1.000000 1.000000 1.000000
6543.347656 0.000000 2146.690430 0.000000 0.748006 0.000000 0.663692 1.000000 1.000000 1.000000
6573.901367 0.000000 2147.360596 0.000000 0.882320 0.000000 0.470650 1.000000 1.000000 1.000000
6573.791016 0.000000 2159.744385 0.000000 0.397692 0.000000 0.917519 1.000000 1.000000 1.000000
6601.095215 0.000000 2158.393555 0.000000 0.405817 0.000000 0.913954 1.000000 1.000000 1.000000
6781.733887 0.000000 2124.132080 0.000000 0.505201 0.000000 0.863002 1.000000 1.000000 1.000000
6829.901367 0.000000 2147.360596 0.000000 0.302337 0.000000 0.953201 1.000000 1.000000 1.000000
6803.298340 0.000000 2164.353516 0.000000 0.025041 0.000000 0.999686 1.000000 1.000000 1.000000
7137.639160 0.000000 2345.896973 0.000000 0.695825 0.000000 0.718211 1.000000 1.000000 1.000000
7162.133789 0.000000 2343.323730 0.000000 0.403128 0.000000 0.915143 1.000000 1.000000 1.000000
7168.290527 0.000000 2350.224609 0.000000 0.827442 0.000000 0.561552 1.000000 1.000000 1.000000
7199.273438 0.000000 2370.735840 0.000000 0.590091 0.000000 0.807337 1.000000 1.000000 1.000000
7277.255371 0.000000 2370.734863 0.000000 0.429546 0.000000 0.903045 1.000000 1.000000 1.000000
7246.124512 0.000000 2344.868164 0.000000 0.887985 0.000000 0.459872 1.000000 1.000000 1.000000
7229.524414 0.000000 2377.857178 0.000000 0.863591 0.000000 0.504193 1.000000 1.000000 1.000000
"}
object={
	name="revolution_mapobject_generator_industrialists_1"
	clamp_to_water_level=no
	render_under_water=no
	generated_content=yes
	layer="revolution_dynamic_industrialists"
	pdxmesh="revolution_barricade_mid_industrialists_mesh"
	count=27
	transform="161.639389 0.000000 1216.209473 0.000000 0.970940 0.000000 -0.239325 1.000000 1.000000 1.000000
2156.186279 0.000000 1798.723877 0.000000 0.988685 0.000000 -0.150005 1.000000 1.000000 1.000000
2173.042236 0.000000 1806.673706 0.000000 0.974140 0.000000 0.225945 1.000000 1.000000 1.000000
2361.426514 0.000000 1655.445801 0.000000 0.992719 0.000000 -0.120455 1.000000 1.000000 1.000000
557.059875 0.000000 1962.860596 0.000000 0.993332 0.000000 0.115291 1.000000 1.000000 1.000000
2164.600586 0.000000 1830.713867 0.000000 0.997982 0.000000 -0.063496 1.000000 1.000000 1.000000
2142.802246 0.000000 1807.561157 0.000000 0.971252 0.000000 0.238054 1.000000 1.000000 1.000000
2157.901367 0.000000 1808.454468 0.000000 0.879043 0.000000 -0.476743 1.000000 1.000000 1.000000
2175.290771 0.000000 1807.905029 0.000000 0.998847 0.000000 -0.048015 1.000000 1.000000 1.000000
5108.885254 0.000000 1068.469849 0.000000 0.831928 0.000000 -0.554884 1.000000 1.000000 1.000000
6505.423340 0.000000 2122.343994 0.000000 0.998719 0.000000 0.050597 1.000000 1.000000 1.000000
6502.465332 0.000000 2115.019531 0.000000 0.956081 0.000000 0.293103 1.000000 1.000000 1.000000
6580.885254 0.000000 2141.673096 0.000000 0.986884 0.000000 0.161431 1.000000 1.000000 1.000000
6566.270996 0.000000 2147.813232 0.000000 0.936237 0.000000 -0.351370 1.000000 1.000000 1.000000
6565.084961 0.000000 2161.203857 0.000000 0.925749 0.000000 -0.378138 1.000000 1.000000 1.000000
6562.074219 0.000000 2151.926025 0.000000 0.999192 0.000000 -0.040195 1.000000 1.000000 1.000000
6637.791016 0.000000 2159.744385 0.000000 0.990246 0.000000 -0.139328 1.000000 1.000000 1.000000
6626.074219 0.000000 2151.926025 0.000000 0.960791 0.000000 0.277273 1.000000 1.000000 1.000000
6700.186523 0.000000 2137.630127 0.000000 0.989325 0.000000 -0.145729 1.000000 1.000000 1.000000
6727.693359 0.000000 2121.754395 0.000000 0.999192 0.000000 -0.040182 1.000000 1.000000 1.000000
6757.084961 0.000000 2161.203857 0.000000 0.999991 0.000000 0.004240 1.000000 1.000000 1.000000
6835.915527 0.000000 2158.447510 0.000000 0.990471 0.000000 -0.137721 1.000000 1.000000 1.000000
6833.916504 0.000000 2164.196289 0.000000 0.964787 0.000000 -0.263034 1.000000 1.000000 1.000000
7142.270996 0.000000 2317.266357 0.000000 0.883590 0.000000 -0.468262 1.000000 1.000000 1.000000
7193.268555 0.000000 2332.268555 0.000000 0.879786 0.000000 -0.475370 1.000000 1.000000 1.000000
7189.428223 0.000000 2348.207031 0.000000 0.935171 0.000000 -0.354197 1.000000 1.000000 1.000000
7253.428223 0.000000 2348.207031 0.000000 0.885504 0.000000 -0.464631 1.000000 1.000000 1.000000
"}
object={
	name="revolution_mapobject_generator_industrialists_2"
	clamp_to_water_level=no
	render_under_water=no
	generated_content=yes
	layer="revolution_dynamic_industrialists"
	pdxmesh="revolution_barricade_large_industrialists_mesh"
	count=16
	transform="2185.163818 0.000000 1790.316406 0.000000 0.098494 0.000000 -0.995138 1.000000 1.000000 1.000000
2460.282227 0.000000 1787.911621 0.000000 0.339108 0.000000 -0.940747 1.000000 1.000000 1.000000
2111.290771 0.000000 1807.905029 0.000000 0.115741 0.000000 -0.993279 1.000000 1.000000 1.000000
4909.791016 0.000000 1086.541260 0.000000 0.661151 0.000000 -0.750253 1.000000 1.000000 1.000000
5146.616699 0.000000 1079.412598 0.000000 0.512859 0.000000 -0.858473 1.000000 1.000000 1.000000
6332.270508 0.000000 2138.255615 0.000000 0.807746 0.000000 -0.589530 1.000000 1.000000 1.000000
6573.255371 0.000000 2144.797363 0.000000 0.079931 0.000000 -0.996800 1.000000 1.000000 1.000000
6592.290527 0.000000 2124.287109 0.000000 0.536115 0.000000 -0.844145 1.000000 1.000000 1.000000
6595.716309 0.000000 2131.028076 0.000000 0.616075 0.000000 -0.787687 1.000000 1.000000 1.000000
6473.095215 0.000000 2158.393555 0.000000 0.442387 0.000000 -0.896824 1.000000 1.000000 1.000000
6585.915527 0.000000 2157.121094 0.000000 0.788526 0.000000 -0.615001 1.000000 1.000000 1.000000
6681.268555 0.000000 2162.815430 0.000000 0.618321 0.000000 -0.785925 1.000000 1.000000 1.000000
6841.915527 0.000000 2157.121094 0.000000 0.198737 0.000000 -0.980053 1.000000 1.000000 1.000000
6964.600586 0.000000 2508.526367 0.000000 0.687034 0.000000 -0.726625 1.000000 1.000000 1.000000
7182.146973 0.000000 2337.712891 0.000000 0.700831 0.000000 -0.713327 1.000000 1.000000 1.000000
7239.693359 0.000000 2347.691895 0.000000 0.200842 0.000000 -0.979624 1.000000 1.000000 1.000000
"}
